100	5	200	100
0	  15.4642	  23.3365	3	322	322
1	  13.2035	  22.8280	3	473	473
2	   6.6924	   6.8998	3	1084	1084
3	   1.7124	  14.1615	3	348	348
4	   9.5469	   5.9989	3	1196	1196
5	   1.7238	  11.9849	3	532	532
6	  14.4222	   7.5373	3	1320	1320
7	   7.5261	  24.6305	3	1271	1271
8	  11.9132	   8.4931	3	671	671
9	   4.7094	  20.6216	3	38	38
10	  19.1797	   6.6981	3	892	892
11	  13.8126	  14.2892	3	305	305
12	  12.2717	  10.7971	3	1011	1011
13	  24.5856	   2.7359	3	213	213
14	   9.1336	  12.7890	3	297	297
15	   0.5639	  15.8260	3	765	765
16	  19.6889	   2.2763	3	1118	1118
17	   4.9874	   4.2357	3	826	826
18	   8.2752	   6.7113	3	576	576
19	  16.2206	  22.6974	3	628	628
20	  14.2485	  23.7467	3	322	322
21	  22.3279	   1.1617	3	261	261
22	  21.7833	   1.4196	3	41	41
23	   8.7354	  13.5379	3	904	904
24	  21.8571	  22.5480	3	1057	1057
25	   2.8270	   7.5020	3	126	126
26	  11.3750	  15.0988	3	1015	1015
27	  18.2991	  10.9606	3	1224	1224
28	  17.8347	   2.4327	3	893	893
29	  23.7496	  18.3986	3	400	400
30	  18.2586	  18.4385	3	340	340
31	  20.6749	  23.2460	3	1186	1186
32	  22.6742	   3.9501	3	195	195
33	   1.6475	  19.2058	3	746	746
34	  20.3675	  19.8814	3	856	856
35	   1.0127	  17.1508	3	61	61
36	  21.3010	   9.7481	3	1248	1248
37	   5.6886	  18.1581	3	847	847
38	   0.6601	  18.6711	3	655	655
39	  21.3918	   3.3813	3	1241	1241
40	   9.8478	  14.6505	3	207	207
41	  21.8198	   5.5227	3	217	217
42	  12.8965	  19.4940	3	217	217
43	   8.3888	  11.1203	3	540	540
44	  12.0596	  21.0304	3	400	400
45	  10.0957	   7.4271	3	484	484
46	  15.9118	  11.1085	3	1276	1276
47	  24.5779	  12.2128	3	841	841
48	  20.8566	   5.2665	3	1280	1280
49	   5.3709	   3.1527	3	1174	1174
50	  13.7822	   6.0310	3	139	139
51	  21.8238	  12.3967	3	924	924
52	  24.9902	   1.4554	3	105	105
53	   3.8459	  21.3820	3	150	150
54	  19.2164	  23.9290	3	499	499
55	  16.7828	   4.5393	3	484	484
56	  14.8095	   3.8424	3	898	898
57	   0.5697	  24.9052	3	836	836
58	  11.2695	  16.4816	3	378	378
59	  11.0137	  10.8474	3	462	462
60	  10.0230	   4.8962	3	1206	1206
61	  15.0964	   6.8467	3	40	40
62	  17.2928	  15.0866	3	970	970
63	   8.3021	  21.1387	3	724	724
64	  11.4686	  13.1388	3	756	756
65	   9.8324	  22.5011	3	496	496
66	  21.4301	  10.9458	3	755	755
67	   7.7379	  13.2129	3	675	675
68	  15.4851	  22.5474	3	665	665
69	  17.0553	  16.0548	3	80	80
70	  22.4527	   3.3248	3	586	586
71	   7.5364	   8.4664	3	195	195
72	  15.3366	   5.2861	3	267	267
73	  20.2961	   0.3596	3	125	125
74	  10.1822	  10.3925	3	705	705
75	   7.2063	   2.4751	3	1290	1290
76	   3.6473	   8.4461	3	1231	1231
77	   9.4488	  18.4426	3	1303	1303
78	  12.4948	   5.8789	3	801	801
79	   4.3884	  20.2328	3	1182	1182
80	  19.0918	  19.8735	3	499	499
81	  17.7802	  11.1471	3	910	910
82	  10.9283	  15.2328	3	776	776
83	  23.6992	   3.6440	3	574	574
84	   8.9300	  24.9915	3	383	383
85	  14.3954	  19.1123	3	597	597
86	  21.5873	  10.8630	3	1028	1028
87	  12.1102	  20.2011	3	1251	1251
88	  22.8106	  15.7575	3	103	103
89	   3.6472	   7.2594	3	728	728
90	   9.2001	  16.1420	3	1035	1035
91	  13.1383	  13.5885	3	1280	1280
92	  11.3748	   7.2301	3	738	738
93	   8.4620	   4.1550	3	675	675
94	  11.4929	  17.5504	3	674	674
95	  17.5419	  21.5182	3	165	165
96	  14.5351	   2.9259	3	494	494
97	   6.3235	  11.5995	3	751	751
98	  18.8589	   5.1877	3	162	162
99	   1.1128	   6.9972	3	1129	1129
100	  18.7762	  12.4875	3	154	154
101	  16.6425	   7.6044	3	70	70
102	  15.4533	   9.4834	3	646	646
103	   4.1172	   1.9461	3	1043	1043
104	   2.0337	  11.2400	3	166	166
105	  22.3690	  19.5756	3	674	674
106	   7.7582	  11.9042	3	1003	1003
107	  22.5015	   0.8781	3	67	67
108	  23.0267	  11.2904	3	647	647
109	   6.1082	   4.3502	3	1126	1126
110	  22.8900	   2.0958	3	571	571
111	  14.3209	  16.7489	3	1117	1117
112	   7.2835	  15.4337	3	59	59
113	  23.7461	   1.0596	3	670	670
114	   2.9212	  12.9734	3	1013	1013
115	   3.2978	  19.5637	3	1064	1064
116	  20.5777	  24.9262	3	1237	1237
117	   9.4096	   9.7112	3	64	64
118	  12.9772	  11.4433	3	985	985
119	   6.0190	   3.7094	3	1311	1311
120	  22.2504	   3.5205	3	762	762
121	  14.8109	  10.6957	3	691	691
122	   4.4498	  20.0750	3	613	613
123	   4.3818	   3.1959	3	823	823
124	  21.1346	   7.3030	3	688	688
125	  16.1693	  24.4324	3	609	609
126	  24.3586	   7.4607	3	958	958
127	  22.7780	   8.7682	3	1152	1152
128	  17.1720	  10.7551	3	30	30
129	  20.2115	  13.1232	3	442	442
130	  16.8326	  18.3517	3	304	304
131	   7.1159	  13.2560	3	154	154
132	   7.2628	  19.9074	3	482	482
133	  10.5493	  15.7559	3	920	920
134	  17.8247	   9.9080	3	520	520
135	  23.2166	  15.6027	3	1270	1270
136	  18.6762	  15.3885	3	916	916
137	  15.1182	  20.3443	3	845	845
138	  18.7877	  19.9000	3	660	660
139	   1.4860	  23.3148	3	886	886
140	  19.8870	  15.3751	3	642	642
141	   4.3925	   5.4363	3	1201	1201
142	   6.1310	  22.2172	3	673	673
143	  15.3443	   4.3476	3	1323	1323
144	  19.7361	  14.1777	3	1193	1193
145	  11.6369	  13.0265	3	1008	1008
146	   7.8957	  10.3567	3	1057	1057
147	   6.8875	  22.3268	3	1101	1101
148	   9.2370	  24.5833	3	394	394
149	  19.0206	   3.0247	3	64	64
150	  19.4832	   2.4270	3	434	434
151	  11.7947	  20.9693	3	1127	1127
152	  11.3444	   5.1344	3	77	77
153	  12.1180	  17.4754	3	369	369
154	   2.3516	   2.4623	3	1272	1272
155	  21.8230	  15.1715	3	736	736
156	   4.3492	   9.3911	3	948	948
157	  14.8070	  15.9860	3	900	900
158	  18.7559	   0.3213	3	1210	1210
159	  24.9046	  21.6605	3	300	300
160	   6.0176	  19.3878	3	664	664
161	  24.0876	  17.8123	3	836	836
162	  15.3571	  24.8294	3	1077	1077
163	  24.4940	   1.7015	3	1116	1116
164	  19.1769	   7.3154	3	1079	1079
165	  14.0744	  15.9998	3	267	267
166	   7.5589	   1.8360	3	409	409
167	  17.8220	   7.3658	3	665	665
168	   5.7651	  11.2558	3	1082	1082
169	  12.6790	  24.5210	3	1039	1039
170	   2.5138	  11.4817	3	221	221
171	  11.9795	   8.5314	3	1046	1046
172	   5.8695	  11.0671	3	262	262
173	   1.3437	  21.2266	3	216	216
174	  10.8965	   0.8378	3	391	391
175	   2.0815	  15.6637	3	778	778
176	  13.0296	  15.3206	3	1195	1195
177	  19.3956	  18.7947	3	118	118
178	   1.5764	   7.0747	3	549	549
179	  18.3156	  13.1535	3	259	259
180	  22.3936	  20.8294	3	805	805
181	  24.6353	   9.3731	3	305	305
182	   4.3608	   5.5048	3	708	708
183	  20.4401	   5.7046	3	852	852
184	   1.7313	   6.3366	3	644	644
185	  22.1969	  18.9922	3	650	650
186	  16.7643	  20.3725	3	258	258
187	  15.5326	  13.5336	3	914	914
188	   9.6277	   3.5622	3	872	872
189	   3.8541	   4.0234	3	791	791
190	  18.5841	   8.4916	3	1184	1184
191	  11.5019	  18.2194	3	206	206
192	  23.7241	  13.3049	3	297	297
193	  21.5673	   0.4555	3	283	283
194	   0.1148	  16.8384	3	645	645
195	  22.1018	  16.8791	3	46	46
196	  16.7481	   3.2460	3	1172	1172
197	  10.8430	  20.6337	3	1024	1024
198	   3.8672	   8.1998	3	34	34
199	   1.0642	  14.9653	3	925	925
200	  16.1063	  23.0157	-3	322	322
201	  12.9770	  23.5869	-3	473	473
202	   6.7166	   6.7877	-3	1084	1084
203	   1.3578	  13.8877	-3	348	348
204	   9.4289	   6.4144	-3	1196	1196
205	   1.8668	  11.7470	-3	532	532
206	  14.2544	   7.6913	-3	1320	1320
207	   6.5423	  24.6594	-3	1271	1271
208	  12.8199	   9.0205	-3	671	671
209	   4.4980	  20.6965	-3	38	38
210	  18.5882	   6.5116	-3	892	892
211	  14.1364	  15.0147	-3	305	305
212	  11.8832	   9.9221	-3	1011	1011
213	  24.3205	   3.2703	-3	213	213
214	   8.6625	  12.5379	-3	297	297
215	   0.4790	  15.5085	-3	765	765
216	  19.5990	   1.9760	-3	1118	1118
217	   4.5528	   4.0557	-3	826	826
218	   8.7351	   6.2380	-3	576	576
219	  16.2184	  23.2870	-3	628	628
220	  14.4311	  23.8803	-3	322	322
221	  21.7524	   1.2371	-3	261	261
222	  21.1013	   1.2305	-3	41	41
223	   9.5758	  13.0679	-3	904	904
224	  22.3289	  23.2140	-3	1057	1057
225	   3.7871	   7.6546	-3	126	126
226	  11.5771	  15.3189	-3	1015	1015
227	  18.1199	  11.1225	-3	1224	1224
228	  18.5922	   2.4478	-3	893	893
229	  23.6145	  18.9592	-3	400	400
230	  18.5433	  18.2612	-3	340	340
231	  20.2753	  22.2312	-3	1186	1186
232	  22.1681	   3.7807	-3	195	195
233	   1.3848	  18.4143	-3	746	746
234	  20.1399	  20.7482	-3	856	856
235	   1.1189	  16.7166	-3	61	61
236	  20.9876	   9.9707	-3	1248	1248
237	   4.7723	  18.4880	-3	847	847
238	   0.3102	  19.1930	-3	655	655
239	  21.1505	   3.6892	-3	1241	1241
240	   9.7358	  14.5920	-3	207	207
241	  22.3569	   5.4305	-3	217	217
242	  13.2243	  20.1396	-3	217	217
243	   7.8818	  11.5149	-3	540	540
244	  11.7305	  21.2477	-3	400	400
245	  10.1660	   7.6287	-3	484	484
246	  16.7551	  11.2025	-3	1276	1276
247	  23.6138	  11.9476	-3	841	841
248	  21.2525	   5.0192	-3	1280	1280
249	   5.9068	   2.9490	-3	1174	1174
250	  13.8891	   6.0777	-3	139	139
251	  21.7458	  13.6764	-3	924	924
252	  24.0575	   0.7444	-3	105	105
253	   4.7510	  21.4201	-3	150	150
254	  18.9689	  23.7556	-3	499	499
255	  16.7645	   4.4397	-3	484	484
256	  14.7953	   4.0487	-3	898	898
257	   0.7913	  24.9355	-3	836	836
258	  11.4828	  16.5591	-3	378	378
259	  11.2129	  10.5068	-3	462	462
260	  10.3972	   6.0756	-3	1206	1206
261	  14.9823	   6.5861	-3	40	40
262	  17.5637	  14.1275	-3	970	970
263	   8.1047	  20.6625	-3	724	724
264	  12.2250	  12.9406	-3	756	756
265	  10.3840	  21.6017	-3	496	496
266	  21.6284	  11.0303	-3	755	755
267	   8.5831	  12.9784	-3	675	675
268	  16.0351	  22.5979	-3	665	665
269	  17.6209	  16.2663	-3	80	80
270	  22.2094	   2.5210	-3	586	586
271	   7.6182	   8.4062	-3	195	195
272	  15.1078	   5.1937	-3	267	267
273	  20.5660	   0.2584	-3	125	125
274	  10.5290	   9.7584	-3	705	705
275	   7.1595	   1.8975	-3	1290	1290
276	   3.4606	   8.7367	-3	1231	1231
277	   9.4489	  19.0458	-3	1303	1303
278	  12.2210	   5.0653	-3	801	801
279	   4.5875	  20.2771	-3	1182	1182
280	  18.3771	  19.3903	-3	499	499
281	  16.8429	  11.4081	-3	910	910
282	  11.0980	  15.6725	-3	776	776
283	  23.7009	   3.5459	-3	574	574
284	   8.4624	  24.8821	-3	383	383
285	  14.4039	  19.4094	-3	597	597
286	  20.9512	  10.3462	-3	1028	1028
287	  11.6826	  20.3846	-3	1251	1251
288	  22.9280	  15.8603	-3	103	103
289	   3.0328	   6.2006	-3	728	728
290	   8.1963	  16.7749	-3	1035	1035
291	  12.7915	  13.9482	-3	1280	1280
292	  10.6346	   6.8460	-3	738	738
293	   8.4413	   3.4409	-3	675	675
294	  11.6877	  17.8495	-3	674	674
295	  17.6958	  21.6939	-3	165	165
296	  14.2273	   2.2382	-3	494	494
297	   5.8994	  11.5005	-3	751	751
298	  18.4338	   5.3132	-3	162	162
299	   0.7419	   6.6817	-3	1129	1129
300	  18.2436	  12.3634	-3	154	154
301	  17.4498	   7.2194	-3	70	70
302	  14.8028	   9.3542	-3	646	646
303	   3.3590	   2.4230	-3	1043	1043
304	   2.2042	  11.7125	-3	166	166
305	  22.1128	  20.0407	-3	674	674
306	   6.7255	  12.1668	-3	1003	1003
307	  23.1757	   1.5243	-3	67	67
308	  23.5454	  12.3299	-3	647	647
309	   5.5565	   4.5117	-3	1126	1126
310	  22.2112	   1.8472	-3	571	571
311	  14.7730	  17.1651	-3	1117	1117
312	   7.3619	  14.2958	-3	59	59
313	  22.4869	   0.5573	-3	670	670
314	   3.8046	  12.8974	-3	1013	1013
315	   3.5900	  20.2184	-3	1064	1064
316	  19.3514	  24.3293	-3	1237	1237
317	   8.7268	  10.5267	-3	64	64
318	  13.8407	  11.5878	-3	985	985
319	   6.3779	   3.1422	-3	1311	1311
320	  21.5537	   2.6859	-3	762	762
321	  14.9489	  10.4992	-3	691	691
322	   4.4179	  19.9535	-3	613	613
323	   4.1853	   3.3164	-3	823	823
324	  22.2062	   7.9166	-3	688	688
325	  16.3467	  23.7863	-3	609	609
326	  24.0278	   6.5349	-3	958	958
327	  22.4175	   8.3992	-3	1152	1152
328	  17.7687	   9.9933	-3	30	30
329	  20.0977	  13.4073	-3	442	442
330	  17.0728	  19.3120	-3	304	304
331	   5.6939	  13.9130	-3	154	154
332	   7.3408	  20.0866	-3	482	482
333	  10.6107	  16.6079	-3	920	920
334	  18.2370	  10.1395	-3	520	520
335	  23.4554	  15.4228	-3	1270	1270
336	  18.0121	  14.4864	-3	916	916
337	  15.8109	  19.8692	-3	845	845
338	  19.3261	  18.9840	-3	660	660
339	   0.6624	  23.5196	-3	886	886
340	  20.5423	  15.7120	-3	642	642
341	   4.4196	   5.6373	-3	1201	1201
342	   5.9362	  22.8622	-3	673	673
343	  16.2199	   4.9324	-3	1323	1323
344	  19.8542	  13.2459	-3	1193	1193
345	  10.6607	  12.4770	-3	1008	1008
346	   7.0266	  10.5246	-3	1057	1057
347	   6.8859	  22.3993	-3	1101	1101
348	   8.7447	  24.4107	-3	394	394
349	  19.6415	   3.1096	-3	64	64
350	  19.9097	   1.3024	-3	434	434
351	  11.2856	  21.3444	-3	1127	1127
352	  12.1048	   4.7407	-3	77	77
353	  12.4498	  17.1049	-3	369	369
354	   2.6399	   2.9929	-3	1272	1272
355	  21.1592	  14.7166	-3	736	736
356	   4.6788	   9.0719	-3	948	948
357	  15.4696	  16.4581	-3	900	900
358	  17.8187	   0.7336	-3	1210	1210
359	  24.1213	  21.7707	-3	300	300
360	   5.9088	  19.9667	-3	664	664
361	  24.2819	  16.7477	-3	836	836
362	  16.5832	  24.7060	-3	1077	1077
363	  23.7920	   2.8837	-3	1116	1116
364	  20.2305	   7.1007	-3	1079	1079
365	  13.1812	  15.4147	-3	267	267
366	   7.7925	   0.9295	-3	409	409
367	  18.6807	   7.2424	-3	665	665
368	   5.4183	  11.4490	-3	1082	1082
369	  13.0873	  24.6229	-3	1039	1039
370	   2.5956	  12.2116	-3	221	221
371	  11.6059	   9.6986	-3	1046	1046
372	   6.0888	  10.6153	-3	262	262
373	   1.7200	  22.0236	-3	216	216
374	  10.4151	   0.2095	-3	391	391
375	   1.9343	  15.6032	-3	778	778
376	  12.4644	  16.1317	-3	1195	1195
377	  19.1462	  17.8927	-3	118	118
378	   1.7238	   7.4423	-3	549	549
379	  17.7789	  13.1961	-3	259	259
380	  22.1169	  20.3554	-3	805	805
381	  24.7728	   9.2379	-3	305	305
382	   3.5132	   5.2146	-3	708	708
383	  21.7381	   5.5248	-3	852	852
384	   1.8674	   6.5688	-3	644	644
385	  21.6463	  18.9298	-3	650	650
386	  17.0072	  21.1824	-3	258	258
387	  15.2278	  13.4218	-3	914	914
388	   9.0898	   3.8876	-3	872	872
389	   3.4892	   4.3613	-3	791	791
390	  19.3118	   9.1383	-3	1184	1184
391	  11.8571	  19.1859	-3	206	206
392	  23.2374	  13.3346	-3	297	297
393	  23.9401	   2.4943	-3	283	283
394	   0.1858	  16.7106	-3	645	645
395	  21.8152	  17.6256	-3	46	46
396	  16.9396	   3.5711	-3	1172	1172
397	  10.6185	  20.8576	-3	1024	1024
398	   3.7815	   8.7673	-3	34	34
399	   1.7776	  14.9894	-3	925	925
400	  23.8723	  19.6483	1	0	1440
401	  23.4569	  10.3742	1	0	1440
402	  12.8677	  16.3217	1	0	1440
403	   1.2370	  11.5918	1	0	1440
404	   4.6265	  22.8043	1	0	1440
405	  12.0473	  24.2680	1	0	1440
406	   0.9139	  12.1621	1	0	1440
407	   4.0412	   3.3172	1	0	1440
408	   6.5632	   5.8500	1	0	1440
409	  18.9765	   9.5611	1	0	1440
410	  24.5264	  20.9851	1	0	1440
411	   6.3593	   2.5567	1	0	1440
412	  14.3050	   7.5963	1	0	1440
413	  14.1486	  18.9315	1	0	1440
414	   5.4006	   1.1958	1	0	1440
415	  18.1995	   6.3145	1	0	1440
416	  13.3579	   9.3058	1	0	1440
417	   4.3302	  17.3991	1	0	1440
418	  12.6231	  19.9641	1	0	1440
419	   0.8141	  16.2584	1	0	1440
420	  23.2694	  21.2353	1	0	1440
421	  13.5788	   4.6287	1	0	1440
422	  19.8934	  11.9436	1	0	1440
423	  23.2344	   8.0819	1	0	1440
424	   6.1299	  24.0485	1	0	1440
425	  24.3403	  23.6589	1	0	1440
426	  10.1644	  21.6255	1	0	1440
427	   6.7960	  16.7106	1	0	1440
428	  12.9459	   0.7998	1	0	1440
429	   9.6941	  11.7379	1	0	1440
430	   3.6835	  21.9191	1	0	1440
431	  14.5447	  13.8148	1	0	1440
432	  15.5135	  13.4848	1	0	1440
433	  16.3091	  14.8340	1	0	1440
434	   6.5663	  19.5944	1	0	1440
435	  23.1364	  16.7307	1	0	1440
436	   9.9977	  21.3872	1	0	1440
437	   8.1250	   7.9242	1	0	1440
438	   8.4230	   6.1555	1	0	1440
439	  21.6182	  23.9364	1	0	1440
440	  13.7704	  11.3954	1	0	1440
441	  24.1299	  15.5479	1	0	1440
442	  10.0171	  10.1754	1	0	1440
443	   1.5809	   8.9187	1	0	1440
444	  17.5093	   0.2658	1	0	1440
445	  24.2023	  12.2040	1	0	1440
446	  15.4070	   6.6379	1	0	1440
447	   6.9976	   0.4241	1	0	1440
448	  16.8133	   3.7500	1	0	1440
449	  15.2578	   1.8239	1	0	1440
450	  13.2320	  12.7398	1	0	1440
451	   7.3665	   5.7957	1	0	1440
452	  17.9997	   3.9222	1	0	1440
453	  19.5414	  16.5990	1	0	1440
454	   0.0380	   6.9902	1	0	1440
455	   6.3439	   7.0356	1	0	1440
456	   7.4143	  23.1572	1	0	1440
457	   5.0783	  19.7294	1	0	1440
458	   5.2540	   5.6724	1	0	1440
459	  13.9287	   0.4845	1	0	1440
460	  12.7730	   2.1607	1	0	1440
461	   7.9564	  15.0917	1	0	1440
462	   1.7083	   0.9560	1	0	1440
463	  19.0139	  21.2498	1	0	1440
464	  17.5550	  24.1209	1	0	1440
465	  16.1284	   5.1707	1	0	1440
466	   1.3854	  23.5427	1	0	1440
467	   3.3279	  12.1711	1	0	1440
468	   3.7051	   9.4398	1	0	1440
469	  11.6005	   0.8634	1	0	1440
470	  11.6177	  19.5569	1	0	1440
471	  20.5129	   9.9689	1	0	1440
472	  11.8774	  16.4152	1	0	1440
473	  17.5283	  20.3325	1	0	1440
474	   5.8490	  21.2334	1	0	1440
475	  12.7116	  16.3728	1	0	1440
476	  10.9296	  10.3064	1	0	1440
477	  19.5104	   4.3651	1	0	1440
478	  23.9792	  16.9286	1	0	1440
479	  16.7843	  10.7731	1	0	1440
480	  12.2267	  19.0130	1	0	1440
481	   0.4555	   3.7377	1	0	1440
482	  22.1133	  19.9660	1	0	1440
483	  22.5885	  16.7339	1	0	1440
484	  20.7536	  21.5676	1	0	1440
485	  24.0855	  24.3490	1	0	1440
486	  18.2901	   5.0067	1	0	1440
487	  12.5696	  21.4423	1	0	1440
488	  12.1915	  23.8552	1	0	1440
489	  17.7868	  17.5018	1	0	1440
490	   9.4947	   8.0166	1	0	1440
491	  14.3346	  23.0866	1	0	1440
492	  18.8161	  22.2165	1	0	1440
493	   9.6016	  12.1062	1	0	1440
494	   2.2232	  20.3414	1	0	1440
495	  13.1888	   8.1594	1	0	1440
496	  18.2036	   5.1472	1	0	1440
497	  24.6059	   4.6438	1	0	1440
498	   0.8661	  21.5357	1	0	1440
499	  11.0173	   4.1315	1	0	1440
500	  23.8268	  19.3498	-1	0	1440
501	  24.2311	  10.3443	-1	0	1440
502	  12.6390	  16.4782	-1	0	1440
503	   0.5140	  10.5390	-1	0	1440
504	   5.1070	  23.0620	-1	0	1440
505	  11.7737	  24.4521	-1	0	1440
506	   1.2727	  13.3481	-1	0	1440
507	   3.8578	   2.8583	-1	0	1440
508	   6.7733	   5.6750	-1	0	1440
509	  19.2127	   9.3541	-1	0	1440
510	  24.5306	  19.8162	-1	0	1440
511	   7.0430	   1.2853	-1	0	1440
512	  14.8350	   7.8879	-1	0	1440
513	  14.0379	  18.6247	-1	0	1440
514	   5.0513	   0.3690	-1	0	1440
515	  17.5290	   6.5080	-1	0	1440
516	  14.4191	  10.2178	-1	0	1440
517	   4.5285	  18.2215	-1	0	1440
518	  11.7940	  19.4955	-1	0	1440
519	   0.0842	  15.3260	-1	0	1440
520	  23.0646	  21.0735	-1	0	1440
521	  14.4242	   4.1668	-1	0	1440
522	  19.6403	  12.9273	-1	0	1440
523	  22.5686	   8.2004	-1	0	1440
524	   6.9005	  23.0328	-1	0	1440
525	  23.9198	  23.1205	-1	0	1440
526	  10.4404	  20.8448	-1	0	1440
527	   5.9869	  18.1826	-1	0	1440
528	  13.3107	   1.3690	-1	0	1440
529	   9.4106	  11.9838	-1	0	1440
530	   3.1634	  23.1437	-1	0	1440
531	  15.2286	  14.0629	-1	0	1440
532	  15.9550	  13.3261	-1	0	1440
533	  14.9708	  14.4175	-1	0	1440
534	   6.8680	  18.5348	-1	0	1440
535	  23.1298	  17.2056	-1	0	1440
536	   8.8538	  20.6736	-1	0	1440
537	   8.6053	   8.2058	-1	0	1440
538	   8.9437	   6.3391	-1	0	1440
539	  22.1249	  24.2249	-1	0	1440
540	  13.8695	  11.9251	-1	0	1440
541	  24.0227	  15.3138	-1	0	1440
542	  10.4909	   9.4492	-1	0	1440
543	   0.9574	   8.3989	-1	0	1440
544	  15.0947	   0.5421	-1	0	1440
545	  21.7891	  13.2579	-1	0	1440
546	  14.1399	   6.0472	-1	0	1440
547	   6.9944	   0.7507	-1	0	1440
548	  16.9188	   3.5857	-1	0	1440
549	  16.0752	   2.6127	-1	0	1440
550	  13.9585	  13.8476	-1	0	1440
551	   7.7928	   5.7142	-1	0	1440
552	  17.1698	   3.2365	-1	0	1440
553	  19.9048	  16.5490	-1	0	1440
554	   0.6048	   7.7187	-1	0	1440
555	   5.2537	   7.3641	-1	0	1440
556	   8.1029	  23.2322	-1	0	1440
557	   5.3103	  19.3884	-1	0	1440
558	   4.4676	   3.9524	-1	0	1440
559	  14.7968	   0.0146	-1	0	1440
560	  12.4759	   2.2082	-1	0	1440
561	   8.5129	  18.1486	-1	0	1440
562	   2.1670	   1.2289	-1	0	1440
563	  18.7621	  20.9872	-1	0	1440
564	  16.9024	  23.9636	-1	0	1440
565	  16.5137	   3.6220	-1	0	1440
566	   1.2537	  24.5595	-1	0	1440
567	   4.1437	  11.8083	-1	0	1440
568	   3.1759	  10.8878	-1	0	1440
569	  12.4566	   1.9731	-1	0	1440
570	  10.5322	  19.2019	-1	0	1440
571	  20.8920	   8.6967	-1	0	1440
572	  12.1223	  15.8758	-1	0	1440
573	  18.1179	  20.1706	-1	0	1440
574	   6.1062	  21.8155	-1	0	1440
575	  13.7327	  17.3892	-1	0	1440
576	  10.6005	   9.5342	-1	0	1440
577	  19.2933	   4.7952	-1	0	1440
578	  23.9009	  15.9395	-1	0	1440
579	  16.5237	  11.7172	-1	0	1440
580	  11.6625	  17.2700	-1	0	1440
581	   1.4002	   1.2014	-1	0	1440
582	  21.5024	  20.8881	-1	0	1440
583	  24.0391	  16.0819	-1	0	1440
584	  21.1663	  21.5368	-1	0	1440
585	  23.2702	  24.7941	-1	0	1440
586	  18.2803	   4.8285	-1	0	1440
587	  12.4173	  22.4235	-1	0	1440
588	  13.5454	  23.6833	-1	0	1440
589	  16.8422	  16.1987	-1	0	1440
590	   7.1044	   7.2769	-1	0	1440
591	  14.3868	  21.6770	-1	0	1440
592	  18.1831	  21.6531	-1	0	1440
593	   9.2971	  11.7844	-1	0	1440
594	   3.6895	  19.7548	-1	0	1440
595	  13.3934	   6.5031	-1	0	1440
596	  17.3668	   5.7597	-1	0	1440
597	  24.3385	   3.3135	-1	0	1440
598	   2.3029	  23.0674	-1	0	1440
599	  10.9933	   3.3589	-1	0	1440
600	   9.4728	  17.8538	0	0	1440
601	  12.2817	  24.3563	0	0	1440
602	  19.6358	  19.2008	0	0	1440
603	   7.3465	  24.4928	0	0	1440
604	  12.3983	  23.3651	0	0	1440
605	  20.8975	  18.6719	0	0	1440
606	   7.2961	   8.5157	0	0	1440
607	  16.9584	   5.0217	0	0	1440
608	  14.9084	  11.1169	0	0	1440
609	  17.3604	  15.0632	0	0	1440
610	  16.1139	   9.0653	0	0	1440
611	  20.5164	  24.8690	0	0	1440
612	  20.7269	   4.4973	0	0	1440
613	  22.7661	  20.6529	0	0	1440
614	   7.2398	   2.0373	0	0	1440
615	  24.8214	  18.6945	0	0	1440
616	   5.5940	  11.0310	0	0	1440
617	   4.2407	  19.6918	0	0	1440
618	  12.8549	  18.0870	0	0	1440
619	  22.9082	  23.2479	0	0	1440
620	   5.3243	  20.5860	0	0	1440
621	  14.4749	  13.3991	0	0	1440
622	  24.6784	   0.4988	0	0	1440
623	   5.1714	  11.5055	0	0	1440
624	   8.1896	   9.9100	0	0	1440
625	  22.5988	  20.8732	0	0	1440
626	   4.8844	  13.1560	0	0	1440
627	  11.4005	   8.5320	0	0	1440
628	  22.4985	  12.0298	0	0	1440
629	  12.2109	  17.6182	0	0	1440
630	   3.5206	  24.9842	0	0	1440
631	   9.8888	   7.5479	0	0	1440
632	   4.6780	   0.1055	0	0	1440
633	  22.7791	   8.3929	0	0	1440
634	  15.4464	   2.1555	0	0	1440
635	   2.0482	  17.6825	0	0	1440
636	  11.0325	   1.6565	0	0	1440
637	  17.8647	  15.8627	0	0	1440
638	  14.0558	  23.8481	0	0	1440
639	   8.4064	   8.7700	0	0	1440
640	  23.7885	   8.4160	0	0	1440
641	  19.2844	   7.9074	0	0	1440
642	  23.1012	   4.8334	0	0	1440
643	  16.0691	   2.2842	0	0	1440
644	   1.3122	   2.2842	0	0	1440
645	  10.6449	  13.8271	0	0	1440
646	  19.7973	   9.7059	0	0	1440
647	  14.4718	  18.4647	0	0	1440
648	  14.6890	  22.9833	0	0	1440
649	   2.0541	   1.0633	0	0	1440
650	  23.5994	   1.1847	0	0	1440
651	  16.6109	   7.8034	0	0	1440
652	  19.5766	  16.9929	0	0	1440
653	   9.9483	  22.3659	0	0	1440
654	   4.9573	  13.8948	0	0	1440
655	   9.9678	   9.6528	0	0	1440
656	  13.6288	  19.5619	0	0	1440
657	   7.1228	  20.4229	0	0	1440
658	  16.7796	  24.8439	0	0	1440
659	  12.6416	  23.9754	0	0	1440
660	  11.4241	  16.6057	0	0	1440
661	  16.7546	  20.4376	0	0	1440
662	   3.0700	  23.3428	0	0	1440
663	  13.1884	  19.1863	0	0	1440
664	  15.4146	  12.1049	0	0	1440
665	   4.6317	  16.4492	0	0	1440
666	  10.7857	   9.0754	0	0	1440
667	   7.0311	  20.7800	0	0	1440
668	  11.9383	  10.3166	0	0	1440
669	   4.6954	  14.0358	0	0	1440
670	  11.0664	  14.5419	0	0	1440
671	   2.0549	  12.9727	0	0	1440
672	  12.0390	   5.0217	0	0	1440
673	  12.0629	  14.8584	0	0	1440
674	  13.0563	   2.1186	0	0	1440
675	  12.6554	   6.4425	0	0	1440
676	   8.0833	  23.1560	0	0	1440
677	  15.2161	   7.2807	0	0	1440
678	  20.5111	  12.1545	0	0	1440
679	   4.9638	  11.6121	0	0	1440
680	   6.9292	   8.6651	0	0	1440
681	   1.3479	   7.7028	0	0	1440
682	   3.6944	   6.8703	0	0	1440
683	   3.5117	  22.4592	0	0	1440
684	  14.5326	   3.8990	0	0	1440
685	  19.0018	  19.8175	0	0	1440
686	  24.6272	  12.7009	0	0	1440
687	  15.6339	  20.7893	0	0	1440
688	  14.1721	  11.2308	0	0	1440
689	   1.6707	  23.8108	0	0	1440
690	  12.2508	  24.4709	0	0	1440
691	  20.7788	  23.3469	0	0	1440
692	  13.7889	   5.2301	0	0	1440
693	  10.7398	   1.0826	0	0	1440
694	   4.8367	  13.6937	0	0	1440
695	   1.6612	   6.9211	0	0	1440
696	   0.1522	  10.7585	0	0	1440
697	  19.3878	   7.8489	0	0	1440
698	   6.8399	   6.2974	0	0	1440
699	   6.5462	  15.5955	0	0	1440
