50	5	100	150
0	   9.2976	  23.0833	3	1047	1047
1	   4.4090	  20.0048	3	485	485
2	  18.8570	   3.6141	3	1282	1282
3	   5.0474	  20.7330	3	937	937
4	  11.8660	  13.1361	3	454	454
5	  19.2797	  14.0458	3	1127	1127
6	  13.8258	  24.4594	3	798	798
7	   3.2025	  16.0688	3	836	836
8	  13.8692	  23.1615	3	464	464
9	  17.3272	  21.6467	3	706	706
10	  13.8093	  21.9295	3	716	716
11	  18.0238	  22.1753	3	787	787
12	   1.6067	  24.8176	3	85	85
13	   4.9953	  19.5727	3	301	301
14	  16.8434	  14.2929	3	765	765
15	  17.6560	  21.2524	3	953	953
16	   9.2977	   5.2528	3	560	560
17	  20.1953	   3.1547	3	339	339
18	   8.8669	   0.2427	3	237	237
19	  23.8877	  20.7329	3	848	848
20	  13.3788	  18.1674	3	1223	1223
21	   9.7787	   2.2046	3	1313	1313
22	  17.6268	  12.9812	3	1305	1305
23	  18.2734	   6.4959	3	1266	1266
24	  11.1426	  10.6007	3	69	69
25	   7.5302	  21.1665	3	1131	1131
26	  22.1273	   9.1369	3	47	47
27	   3.7096	  12.8275	3	1062	1062
28	  16.4154	  21.3656	3	693	693
29	   9.0799	   0.7131	3	726	726
30	   1.6184	   4.2753	3	1134	1134
31	   3.8678	  10.4853	3	411	411
32	   4.5180	   2.7556	3	533	533
33	  20.9229	  15.9969	3	1086	1086
34	  20.1014	  13.5497	3	1318	1318
35	   3.9780	  13.3749	3	957	957
36	  23.9755	  23.1883	3	235	235
37	  14.3224	  19.3522	3	786	786
38	   3.1665	   5.7379	3	1115	1115
39	  15.7178	  12.2464	3	670	670
40	   6.4510	  17.3363	3	814	814
41	  16.5217	  10.3188	3	502	502
42	   2.8216	  21.0397	3	779	779
43	  13.0744	   9.0398	3	869	869
44	  13.9365	   8.9973	3	125	125
45	   0.0366	   9.0380	3	866	866
46	  22.5470	   4.0147	3	493	493
47	  22.4128	  17.5927	3	655	655
48	  19.1353	  21.3884	3	1175	1175
49	  15.7810	   9.2079	3	700	700
50	   2.8941	  10.1359	3	826	826
51	  21.4078	  18.5367	3	420	420
52	   0.4748	  10.7302	3	36	36
53	  12.8889	   3.6413	3	801	801
54	  16.4680	   3.6068	3	356	356
55	  15.8877	  22.9190	3	75	75
56	  20.9430	   7.4095	3	1254	1254
57	   8.2378	  23.7646	3	1026	1026
58	   3.4492	  21.3122	3	459	459
59	   7.8044	  17.3857	3	618	618
60	   5.3095	   7.8410	3	422	422
61	   1.4236	   2.8566	3	264	264
62	  11.8556	  23.8365	3	999	999
63	  20.4492	   5.9910	3	925	925
64	  20.2248	  11.2303	3	672	672
65	  21.3661	  11.6066	3	987	987
66	  16.6556	  21.8409	3	1204	1204
67	  22.3368	   4.5445	3	878	878
68	   0.4822	  13.8049	3	1095	1095
69	   8.1513	  16.3700	3	990	990
70	  11.7239	   4.0943	3	870	870
71	  23.7794	  19.9617	3	580	580
72	   2.8589	   2.2286	3	814	814
73	  24.4401	   5.3598	3	319	319
74	  19.8744	  19.8893	3	771	771
75	  11.3508	  15.0992	3	909	909
76	   6.1195	   1.5497	3	1156	1156
77	  13.2181	   2.4857	3	1234	1234
78	  24.3266	  10.4931	3	887	887
79	  24.2980	  17.5695	3	353	353
80	  16.1788	  11.0219	3	1257	1257
81	  21.6638	  14.9582	3	383	383
82	   5.9836	  24.5226	3	744	744
83	  10.1859	  11.8010	3	1263	1263
84	  18.8411	   3.6901	3	1154	1154
85	   7.8389	  18.2811	3	1070	1070
86	   9.0499	   2.7132	3	1308	1308
87	  17.8124	  19.2900	3	431	431
88	  21.7756	  10.1067	3	766	766
89	  10.9043	  21.1022	3	438	438
90	  20.5998	  20.3225	3	1019	1019
91	  12.8920	  12.0898	3	510	510
92	   2.0479	  11.9033	3	1324	1324
93	   9.1609	  19.2642	3	40	40
94	  22.9543	  13.8745	3	105	105
95	  21.2832	   7.0042	3	666	666
96	  16.5878	   9.4536	3	997	997
97	   2.4049	   9.4002	3	1280	1280
98	   3.7436	  24.3553	3	866	866
99	  15.4307	   0.5192	3	114	114
100	   9.6038	  24.0239	-3	1047	1047
101	   4.3758	  19.6351	-3	485	485
102	  18.4613	   3.0919	-3	1282	1282
103	   4.9457	  20.4021	-3	937	937
104	  12.2194	  13.5988	-3	454	454
105	  18.4408	  13.9521	-3	1127	1127
106	  11.9724	  23.8544	-3	798	798
107	   2.1086	  15.2477	-3	836	836
108	  14.8720	  21.7972	-3	464	464
109	  17.4023	  22.3979	-3	706	706
110	  13.1704	  20.4007	-3	716	716
111	  18.9177	  21.3740	-3	787	787
112	   3.1427	  24.9519	-3	85	85
113	   4.4526	  19.3879	-3	301	301
114	  17.7710	  14.0840	-3	765	765
115	  18.7699	  21.3326	-3	953	953
116	   8.1029	   4.4463	-3	560	560
117	  20.9841	   2.1226	-3	339	339
118	   9.0833	   0.2209	-3	237	237
119	  23.6211	  20.7042	-3	848	848
120	  14.0300	  18.5698	-3	1223	1223
121	  10.0174	   2.6528	-3	1313	1313
122	  18.5304	  12.2753	-3	1305	1305
123	  18.4697	   5.0717	-3	1266	1266
124	  10.2719	  10.5715	-3	69	69
125	   8.7757	  21.4709	-3	1131	1131
126	  22.7446	   8.5667	-3	47	47
127	   3.4834	  11.6420	-3	1062	1062
128	  15.3416	  21.2381	-3	693	693
129	   9.6623	   0.0390	-3	726	726
130	   1.2642	   3.1874	-3	1134	1134
131	   4.0625	   9.4234	-3	411	411
132	   6.0356	   3.0020	-3	533	533
133	  20.0457	  15.1207	-3	1086	1086
134	  19.3548	  12.1999	-3	1318	1318
135	   4.3702	  13.7542	-3	957	957
136	  24.3495	  22.1024	-3	235	235
137	  14.6635	  19.8542	-3	786	786
138	   3.6615	   5.8335	-3	1115	1115
139	  14.2260	  11.9974	-3	670	670
140	   5.6429	  18.2558	-3	814	814
141	  16.2740	  10.6632	-3	502	502
142	   2.4444	  22.2821	-3	779	779
143	  13.5505	   9.3388	-3	869	869
144	  14.0299	   8.6361	-3	125	125
145	   1.5155	   8.6409	-3	866	866
146	  23.1388	   4.0548	-3	493	493
147	  21.6575	  17.5325	-3	655	655
148	  18.5042	  21.0379	-3	1175	1175
149	  17.5203	   8.8406	-3	700	700
150	   3.0292	   9.5946	-3	826	826
151	  21.2472	  19.0666	-3	420	420
152	   1.3558	  10.7820	-3	36	36
153	  13.1563	   4.8737	-3	801	801
154	  17.1319	   3.2577	-3	356	356
155	  17.1867	  22.2576	-3	75	75
156	  20.9650	   7.3077	-3	1254	1254
157	   9.4182	  24.8088	-3	1026	1026
158	   4.0459	  20.3605	-3	459	459
159	   8.6365	  17.2441	-3	618	618
160	   4.7861	   8.4433	-3	422	422
161	   0.5253	   3.5168	-3	264	264
162	  11.5605	  23.9297	-3	999	999
163	  19.6146	   5.4092	-3	925	925
164	  19.6381	  12.3151	-3	672	672
165	  22.3273	  11.7190	-3	987	987
166	  18.4153	  20.1270	-3	1204	1204
167	  22.0007	   4.3893	-3	878	878
168	   0.3277	  13.6824	-3	1095	1095
169	   9.3319	  16.4322	-3	990	990
170	  10.6825	   4.8113	-3	870	870
171	  23.3646	  18.6778	-3	580	580
172	   1.9369	   3.0647	-3	814	814
173	  23.1281	   6.0277	-3	319	319
174	  20.3309	  20.4034	-3	771	771
175	  10.5892	  13.5931	-3	909	909
176	   5.5391	   0.6909	-3	1156	1156
177	  13.6280	   1.4636	-3	1234	1234
178	  23.4551	  11.8246	-3	887	887
179	  24.5978	  18.5894	-3	353	353
180	  14.9574	   9.5220	-3	1257	1257
181	  21.8029	  14.4261	-3	383	383
182	   7.1231	  24.9469	-3	744	744
183	  10.0460	  11.0423	-3	1263	1263
184	  18.8743	   2.2610	-3	1154	1154
185	   7.4315	  17.7941	-3	1070	1070
186	   8.1406	   3.2866	-3	1308	1308
187	  18.2575	  19.4240	-3	431	431
188	  21.4054	   8.9419	-3	766	766
189	  10.8591	  21.0467	-3	438	438
190	  20.9110	  19.8978	-3	1019	1019
191	  11.6963	  12.0641	-3	510	510
192	   1.9317	  11.3381	-3	1324	1324
193	   8.9320	  20.1172	-3	40	40
194	  22.7947	  14.4040	-3	105	105
195	  21.9332	   7.2984	-3	666	666
196	  16.4612	   8.2074	-3	997	997
197	   2.4491	   9.6677	-3	1280	1280
198	   4.7269	  23.4242	-3	866	866
199	  17.0021	   1.6912	-3	114	114
200	   9.4620	   1.3350	1	0	1440
201	  21.6215	   5.0619	1	0	1440
202	  24.9597	   9.5495	1	0	1440
203	   4.6222	   5.8794	1	0	1440
204	  19.1052	   6.6702	1	0	1440
205	  17.7827	   3.1836	1	0	1440
206	   0.9048	   1.9437	1	0	1440
207	  22.4478	   6.9405	1	0	1440
208	  20.8150	   1.2289	1	0	1440
209	   2.4063	  12.4027	1	0	1440
210	   4.1666	  12.2337	1	0	1440
211	  14.9453	  13.6286	1	0	1440
212	  13.5687	  11.5668	1	0	1440
213	   4.0993	  18.6501	1	0	1440
214	  19.7757	   8.7215	1	0	1440
215	  24.5295	  13.8809	1	0	1440
216	  15.3917	  17.3122	1	0	1440
217	  17.0645	  16.2965	1	0	1440
218	  23.2370	  24.2016	1	0	1440
219	   9.9144	  19.0520	1	0	1440
220	   0.4305	  12.3207	1	0	1440
221	   6.4547	  11.1129	1	0	1440
222	   0.5390	  21.2985	1	0	1440
223	  15.4914	  15.4844	1	0	1440
224	   9.9271	   4.0600	1	0	1440
225	   2.0512	   3.6176	1	0	1440
226	  14.2862	   6.1505	1	0	1440
227	  22.9428	   5.2637	1	0	1440
228	  14.1094	  15.0072	1	0	1440
229	  21.5602	   8.3653	1	0	1440
230	   7.5669	  14.4339	1	0	1440
231	  13.8492	   7.9974	1	0	1440
232	   1.7546	  20.3039	1	0	1440
233	  19.1103	  18.8865	1	0	1440
234	  23.5616	  19.6494	1	0	1440
235	  15.1850	  14.0530	1	0	1440
236	  10.1338	   0.1121	1	0	1440
237	  18.1130	  12.1850	1	0	1440
238	   3.7297	   7.3993	1	0	1440
239	  18.3354	   0.9974	1	0	1440
240	  13.4711	  11.9041	1	0	1440
241	   4.8286	   2.8364	1	0	1440
242	  10.8338	   0.1191	1	0	1440
243	  13.9817	   4.9441	1	0	1440
244	  19.0056	  12.5434	1	0	1440
245	  24.5935	   9.1906	1	0	1440
246	   1.5963	   9.7273	1	0	1440
247	   9.3028	  19.7094	1	0	1440
248	  21.9122	  13.0325	1	0	1440
249	  23.7287	  12.3849	1	0	1440
250	  21.9576	  18.9982	1	0	1440
251	  21.3156	   1.7862	1	0	1440
252	  20.4640	   7.6683	1	0	1440
253	  19.7993	   9.4457	1	0	1440
254	  12.6125	  13.8050	1	0	1440
255	  22.9956	  23.5854	1	0	1440
256	  18.2948	  18.8455	1	0	1440
257	   9.0931	   9.3608	1	0	1440
258	  13.9732	   7.5483	1	0	1440
259	  21.1855	  21.9469	1	0	1440
260	  13.9124	   5.6475	1	0	1440
261	  18.2184	  10.7469	1	0	1440
262	  18.2337	   6.9276	1	0	1440
263	   9.0124	   9.5569	1	0	1440
264	   7.4008	  18.1055	1	0	1440
265	   0.6538	  15.1032	1	0	1440
266	  18.3209	  20.1283	1	0	1440
267	   8.3003	   4.7789	1	0	1440
268	   3.7550	  16.5894	1	0	1440
269	   9.1197	  12.6870	1	0	1440
270	  11.7066	   2.3534	1	0	1440
271	  18.3974	  24.8074	1	0	1440
272	  21.1814	  20.2919	1	0	1440
273	   2.4183	  14.5023	1	0	1440
274	  15.4203	  12.4357	1	0	1440
275	  11.3654	   0.4554	1	0	1440
276	   6.7597	  21.0421	1	0	1440
277	  16.8103	   8.2537	1	0	1440
278	  10.6071	  20.1399	1	0	1440
279	   3.9804	   1.3326	1	0	1440
280	   4.6600	  22.3779	1	0	1440
281	   1.1400	  24.2981	1	0	1440
282	   9.6930	  22.3214	1	0	1440
283	  11.8238	  10.0103	1	0	1440
284	  24.5470	   3.9789	1	0	1440
285	  11.9911	  10.9124	1	0	1440
286	  18.9717	   6.0884	1	0	1440
287	  14.3421	   1.8811	1	0	1440
288	  14.2988	  24.9492	1	0	1440
289	   3.0765	   1.0014	1	0	1440
290	   7.0345	   8.0723	1	0	1440
291	  11.6349	  19.7305	1	0	1440
292	  13.8216	  23.6260	1	0	1440
293	   6.7733	  11.3485	1	0	1440
294	  10.0102	  11.4293	1	0	1440
295	   7.9770	   7.0312	1	0	1440
296	   9.6542	  11.0535	1	0	1440
297	  14.4841	   7.9282	1	0	1440
298	   4.3983	   6.5926	1	0	1440
299	  24.8484	   5.0868	1	0	1440
300	  16.4353	  16.3242	1	0	1440
301	  24.3521	  24.7611	1	0	1440
302	  24.9951	   7.3291	1	0	1440
303	   6.7923	   9.6494	1	0	1440
304	  18.3826	  14.8249	1	0	1440
305	  20.3887	   4.4696	1	0	1440
306	   4.5300	  24.7869	1	0	1440
307	  11.0621	  17.2400	1	0	1440
308	   9.8281	  10.9105	1	0	1440
309	  23.7908	   7.2831	1	0	1440
310	   2.3279	  23.1428	1	0	1440
311	   7.0442	   2.3230	1	0	1440
312	   5.4719	  13.8366	1	0	1440
313	  11.0269	  24.8983	1	0	1440
314	  10.6193	  21.3024	1	0	1440
315	   5.7949	  11.8341	1	0	1440
316	  11.2399	  15.6230	1	0	1440
317	  23.0896	  15.2769	1	0	1440
318	  22.3288	  21.8803	1	0	1440
319	  22.5600	  24.6567	1	0	1440
320	   1.9797	   0.4950	1	0	1440
321	  19.7856	  10.3764	1	0	1440
322	   9.4003	   7.6200	1	0	1440
323	  17.8702	  19.4229	1	0	1440
324	  13.2977	   4.1101	1	0	1440
325	  12.6768	   8.1355	1	0	1440
326	   0.5340	  21.9243	1	0	1440
327	   0.5941	  24.8834	1	0	1440
328	  10.2598	  16.0273	1	0	1440
329	  24.7690	  19.6601	1	0	1440
330	  23.6473	   0.4607	1	0	1440
331	  15.5106	  16.7443	1	0	1440
332	  24.8798	   2.5834	1	0	1440
333	  13.1930	   4.8956	1	0	1440
334	   4.9346	   4.9460	1	0	1440
335	   1.8702	  10.0913	1	0	1440
336	   5.3519	  20.8968	1	0	1440
337	   5.7006	   3.8023	1	0	1440
338	  22.8468	   5.7135	1	0	1440
339	  21.2894	  24.1110	1	0	1440
340	   0.2485	  17.7034	1	0	1440
341	  13.5739	  11.7086	1	0	1440
342	  17.4220	   2.0469	1	0	1440
343	  10.5317	   1.3229	1	0	1440
344	  23.2160	  12.2261	1	0	1440
345	  15.3830	  18.3659	1	0	1440
346	   5.2800	  23.4859	1	0	1440
347	  22.8122	  16.7478	1	0	1440
348	   8.4590	  12.3499	1	0	1440
349	   8.5675	  14.3290	1	0	1440
350	   8.5738	   1.9662	-1	0	1440
351	  21.2368	   3.7703	-1	0	1440
352	  23.7125	  10.0323	-1	0	1440
353	   5.7791	   6.1813	-1	0	1440
354	  18.7899	   6.4119	-1	0	1440
355	  17.1551	   1.9808	-1	0	1440
356	   1.0647	   3.1569	-1	0	1440
357	  21.3151	   7.4060	-1	0	1440
358	  19.2703	   2.4671	-1	0	1440
359	   2.7027	  13.8108	-1	0	1440
360	   5.0858	  12.5730	-1	0	1440
361	  13.9907	  12.6963	-1	0	1440
362	  12.9970	  10.7210	-1	0	1440
363	   4.4342	  18.7508	-1	0	1440
364	  20.1836	   9.8427	-1	0	1440
365	  23.4164	  14.3258	-1	0	1440
366	  15.7011	  18.3466	-1	0	1440
367	  16.4843	  15.0471	-1	0	1440
368	  23.5031	  23.9651	-1	0	1440
369	  10.4315	  17.8843	-1	0	1440
370	   1.3192	  10.0056	-1	0	1440
371	   5.7558	  11.3475	-1	0	1440
372	   2.0411	  19.7840	-1	0	1440
373	  14.5868	  16.0821	-1	0	1440
374	  10.8054	   4.2372	-1	0	1440
375	   2.5072	   2.2777	-1	0	1440
376	  13.3525	   6.0820	-1	0	1440
377	  24.0443	   6.3282	-1	0	1440
378	  14.7509	  13.5658	-1	0	1440
379	  22.6385	   6.6217	-1	0	1440
380	   6.9544	  13.5175	-1	0	1440
381	  13.5855	   9.5435	-1	0	1440
382	   2.5408	  19.4639	-1	0	1440
383	  19.4745	  19.9142	-1	0	1440
384	  23.6103	  20.7328	-1	0	1440
385	  15.5767	  16.1277	-1	0	1440
386	  10.8947	   1.2476	-1	0	1440
387	  18.8611	  12.1725	-1	0	1440
388	   2.6791	   7.1149	-1	0	1440
389	  19.8443	   3.5380	-1	0	1440
390	  11.5517	  11.5112	-1	0	1440
391	   5.8411	   3.8031	-1	0	1440
392	  12.5857	   0.8476	-1	0	1440
393	  13.4362	   5.6703	-1	0	1440
394	  19.5900	  12.1113	-1	0	1440
395	  24.5575	   7.7364	-1	0	1440
396	   1.3808	  10.4455	-1	0	1440
397	   8.9009	  21.1691	-1	0	1440
398	  21.9891	  12.2060	-1	0	1440
399	  24.1340	  12.8383	-1	0	1440
400	  21.8346	  19.6802	-1	0	1440
401	  23.0190	   1.6246	-1	0	1440
402	  22.1305	   8.0279	-1	0	1440
403	  18.6273	   9.0296	-1	0	1440
404	  11.6986	  15.4460	-1	0	1440
405	  22.0210	  23.2249	-1	0	1440
406	  17.7273	  19.1507	-1	0	1440
407	   8.2267	  10.1486	-1	0	1440
408	  11.8000	   6.6374	-1	0	1440
409	  21.7569	  20.1073	-1	0	1440
410	  13.5559	   5.2082	-1	0	1440
411	  18.4922	   9.8223	-1	0	1440
412	  16.8362	   6.5482	-1	0	1440
413	   9.6767	   8.6280	-1	0	1440
414	   7.3584	  15.9991	-1	0	1440
415	   0.7535	  13.5092	-1	0	1440
416	  19.0266	  20.3796	-1	0	1440
417	   9.4972	   5.4685	-1	0	1440
418	   5.2887	  18.0879	-1	0	1440
419	  10.3015	  13.7195	-1	0	1440
420	  11.5522	   2.1256	-1	0	1440
421	  19.5054	  24.0821	-1	0	1440
422	  20.7485	  18.9736	-1	0	1440
423	   1.5712	  15.9546	-1	0	1440
424	  17.3768	  12.5973	-1	0	1440
425	   9.9093	   0.8245	-1	0	1440
426	   8.3913	  21.1248	-1	0	1440
427	  18.6857	   8.1291	-1	0	1440
428	   9.8851	  18.4221	-1	0	1440
429	   3.7363	   2.3650	-1	0	1440
430	   5.0158	  23.8792	-1	0	1440
431	   0.6917	  23.8702	-1	0	1440
432	   8.3727	  19.8552	-1	0	1440
433	  12.7205	   9.8250	-1	0	1440
434	  23.3893	   4.8888	-1	0	1440
435	  12.7100	  10.0411	-1	0	1440
436	  19.7363	   6.8080	-1	0	1440
437	  14.2449	   3.7617	-1	0	1440
438	  12.6065	  22.5974	-1	0	1440
439	   2.5063	   1.3701	-1	0	1440
440	   8.0326	   9.2117	-1	0	1440
441	  13.1018	  20.0634	-1	0	1440
442	  16.0786	  23.2464	-1	0	1440
443	   6.4203	  11.3909	-1	0	1440
444	   8.7025	  10.4886	-1	0	1440
445	   7.3378	   4.7665	-1	0	1440
446	  11.4025	  11.5804	-1	0	1440
447	  14.4699	   6.0080	-1	0	1440
448	   5.7270	   5.2420	-1	0	1440
449	  22.8561	   4.0621	-1	0	1440
450	  16.5724	  16.4798	-1	0	1440
451	  24.3859	  22.7118	-1	0	1440
452	  22.8468	   7.6248	-1	0	1440
453	   6.0116	   7.9194	-1	0	1440
454	  17.5323	  13.7621	-1	0	1440
455	  20.0231	   4.6043	-1	0	1440
456	   4.9260	  22.9677	-1	0	1440
457	  11.4337	  18.4017	-1	0	1440
458	  11.3082	   9.0785	-1	0	1440
459	  24.2697	   8.8475	-1	0	1440
460	   1.4625	  22.8552	-1	0	1440
461	   7.8745	   0.6678	-1	0	1440
462	   5.4709	  15.6118	-1	0	1440
463	   8.7459	  23.9702	-1	0	1440
464	  10.2502	  19.4902	-1	0	1440
465	   6.0540	  12.8336	-1	0	1440
466	  12.3813	  17.4594	-1	0	1440
467	  24.2567	  16.3698	-1	0	1440
468	  20.9008	  20.3260	-1	0	1440
469	  23.4168	  24.2807	-1	0	1440
470	   0.4352	   2.0971	-1	0	1440
471	  21.9175	  11.3912	-1	0	1440
472	   7.0001	   9.0156	-1	0	1440
473	  18.3065	  19.5493	-1	0	1440
474	  15.2028	   4.5451	-1	0	1440
475	  11.9241	   5.2399	-1	0	1440
476	   2.5718	  22.2990	-1	0	1440
477	   1.6944	  22.0939	-1	0	1440
478	   8.8885	  14.5512	-1	0	1440
479	  22.9650	  19.9649	-1	0	1440
480	  21.5057	   1.2124	-1	0	1440
481	  14.5376	  16.8197	-1	0	1440
482	  19.9491	   5.9993	-1	0	1440
483	  15.7262	   5.7611	-1	0	1440
484	   5.3484	   7.6671	-1	0	1440
485	   2.7736	  11.3106	-1	0	1440
486	   5.8700	  20.0086	-1	0	1440
487	   3.3656	   5.9490	-1	0	1440
488	  22.4477	   0.0210	-1	0	1440
489	  22.2393	  24.9651	-1	0	1440
490	   4.3880	  18.1822	-1	0	1440
491	  14.0370	  14.1294	-1	0	1440
492	  18.1291	   1.8933	-1	0	1440
493	   9.3723	   3.9285	-1	0	1440
494	  23.1609	  13.7080	-1	0	1440
495	  14.4328	  17.6547	-1	0	1440
496	   7.1097	  24.7818	-1	0	1440
497	  24.8721	  16.1286	-1	0	1440
498	   6.6088	  12.3894	-1	0	1440
499	   5.8902	  14.4246	-1	0	1440
500	   6.0999	   2.1335	0	0	1440
501	   2.3423	  22.0803	0	0	1440
502	  23.2240	   1.5263	0	0	1440
503	   7.5882	   8.4309	0	0	1440
504	  15.6426	  15.3390	0	0	1440
505	  18.7026	  15.1669	0	0	1440
506	  23.3793	   0.6975	0	0	1440
507	  15.1989	  23.1189	0	0	1440
508	   9.0784	  19.2347	0	0	1440
509	   4.4112	  10.0314	0	0	1440
510	   6.2182	  17.8968	0	0	1440
511	  13.4339	  18.3360	0	0	1440
512	   3.7700	  12.8899	0	0	1440
513	   7.9737	  11.9263	0	0	1440
514	  22.2677	   9.0619	0	0	1440
515	   0.7719	  18.9999	0	0	1440
516	  17.4066	   1.5326	0	0	1440
517	   5.9197	   9.5557	0	0	1440
518	  15.0726	   6.5057	0	0	1440
519	   6.6983	  15.2219	0	0	1440
520	   4.5195	  19.7972	0	0	1440
521	  20.2868	   8.5086	0	0	1440
522	   3.4884	  13.9342	0	0	1440
523	  11.4678	   9.9731	0	0	1440
524	  16.0780	   0.0004	0	0	1440
525	  10.5213	  19.1194	0	0	1440
526	  19.6142	  21.5835	0	0	1440
527	  20.5306	  15.4463	0	0	1440
528	  14.4736	   1.2492	0	0	1440
529	  19.2559	  14.5123	0	0	1440
530	  20.2695	   8.9307	0	0	1440
531	   2.4753	  21.2771	0	0	1440
532	  21.9504	   6.0306	0	0	1440
533	   5.8013	   1.2188	0	0	1440
534	   7.8873	  16.7795	0	0	1440
535	  12.5968	  23.9429	0	0	1440
536	  11.0671	   3.0277	0	0	1440
537	   5.7575	  11.4207	0	0	1440
538	  14.4735	  15.1549	0	0	1440
539	   1.5380	  16.5014	0	0	1440
540	   1.9243	  11.4005	0	0	1440
541	   0.6293	   7.3917	0	0	1440
542	   2.6572	   8.4863	0	0	1440
543	   8.9260	   3.1273	0	0	1440
544	  24.5684	  16.7771	0	0	1440
545	  22.3268	   7.4665	0	0	1440
546	   5.9853	   9.2684	0	0	1440
547	  22.4638	   8.9641	0	0	1440
548	  18.6905	  10.2262	0	0	1440
549	   0.1771	   0.2567	0	0	1440
