10	5	30	70
0	  18.0812	  18.5590	3	751	751
1	  19.6149	   1.4850	3	288	288
2	  15.3266	  20.8735	3	1211	1211
3	  13.1086	   3.4521	3	1225	1225
4	  13.4119	  23.8764	3	164	164
5	   6.9024	  16.0046	3	548	548
6	   4.0014	  22.9229	3	193	193
7	   1.7124	   7.0133	3	805	805
8	  19.1059	   3.6310	3	781	781
9	  16.5347	   4.1096	3	416	416
10	   3.7193	  10.7914	3	1138	1138
11	   2.8566	  20.6651	3	1018	1018
12	   4.5096	  15.2522	3	555	555
13	   8.8112	   4.4945	3	776	776
14	  24.0758	  24.1377	3	810	810
15	   0.3680	  12.1845	3	1137	1137
16	   2.5898	  13.7798	3	756	756
17	  11.0609	   9.4922	3	683	683
18	   4.7844	  15.0623	3	391	391
19	   7.4151	   6.4968	3	1068	1068
20	  22.0756	  23.2369	3	154	154
21	   1.8679	  20.2041	3	789	789
22	  20.2911	   5.5872	3	1220	1220
23	   5.9955	  14.1283	3	259	259
24	   9.7935	  16.8153	3	884	884
25	  24.1043	  19.6730	3	1267	1267
26	  14.4061	   7.9155	3	165	165
27	  24.1675	  13.4820	3	902	902
28	   7.0532	  24.5354	3	1274	1274
29	   0.6664	   9.6430	3	149	149
30	  20.0359	  18.2242	-3	751	751
31	  20.3375	   3.1000	-3	288	288
32	  15.8218	  22.1726	-3	1211	1211
33	  13.5125	   4.6625	-3	1225	1225
34	  14.6366	  22.6104	-3	164	164
35	   6.3769	  14.4417	-3	548	548
36	   1.8692	  23.2446	-3	193	193
37	   1.9800	   5.9071	-3	805	805
38	  19.2885	   2.3108	-3	781	781
39	  14.5778	   4.8464	-3	416	416
40	   2.4868	  10.0769	-3	1138	1138
41	   1.0235	  20.9281	-3	1018	1018
42	   3.6881	  14.0106	-3	555	555
43	   8.5243	   4.4632	-3	776	776
44	  24.5965	  23.8652	-3	810	810
45	   1.6703	  10.3478	-3	1137	1137
46	   0.7892	  12.4257	-3	756	756
47	   9.8899	   7.8430	-3	683	683
48	   3.6694	  16.1815	-3	391	391
49	   6.4591	   5.2094	-3	1068	1068
50	  23.4427	  23.6579	-3	154	154
51	   1.2922	  18.3199	-3	789	789
52	  20.7631	   5.9383	-3	1220	1220
53	   6.7168	  15.9392	-3	259	259
54	  11.5243	  17.2771	-3	884	884
55	  23.6055	  18.9571	-3	1267	1267
56	  16.2602	   7.8861	-3	165	165
57	  23.9216	  13.3673	-3	902	902
58	   9.0050	  24.9688	-3	1274	1274
59	   0.6936	  11.8616	-3	149	149
60	  13.3153	  11.7273	1	0	1440
61	  19.1353	  18.0997	1	0	1440
62	  24.7872	   3.2660	1	0	1440
63	  15.0467	   1.6551	1	0	1440
64	  23.4701	  10.3377	1	0	1440
65	   7.2423	   4.4656	1	0	1440
66	  11.3633	  12.4220	1	0	1440
67	   3.9325	   0.7694	1	0	1440
68	   2.6354	  14.9178	1	0	1440
69	   1.6451	   6.1691	1	0	1440
70	   7.7194	   8.6469	1	0	1440
71	   2.2998	   7.5066	1	0	1440
72	  14.8485	   2.1503	1	0	1440
73	  10.9520	   3.1662	1	0	1440
74	  11.4098	  22.3153	1	0	1440
75	  15.5882	  15.3423	1	0	1440
76	  23.0847	  10.9257	1	0	1440
77	  18.4422	  12.3360	1	0	1440
78	  13.3165	  21.0776	1	0	1440
79	   2.2538	   0.3503	1	0	1440
80	   6.5193	  21.0786	1	0	1440
81	   7.3336	  14.2387	1	0	1440
82	   4.7255	   9.6335	1	0	1440
83	  21.7454	  16.6383	1	0	1440
84	   2.0212	   4.6642	1	0	1440
85	  22.3111	  16.8697	1	0	1440
86	   6.8145	   8.2631	1	0	1440
87	   5.5783	  10.6242	1	0	1440
88	  21.5499	   2.0087	1	0	1440
89	  15.9990	   9.8664	1	0	1440
90	  23.0863	  18.2529	1	0	1440
91	  10.2167	  10.1146	1	0	1440
92	   6.1932	   4.4855	1	0	1440
93	  14.1189	   2.7201	1	0	1440
94	   2.5570	  16.0989	1	0	1440
95	   8.6272	   4.5782	1	0	1440
96	  20.8018	  19.7797	1	0	1440
97	   7.6946	  18.7410	1	0	1440
98	  10.4771	  20.7710	1	0	1440
99	   6.6897	  23.4508	1	0	1440
100	  19.1720	   9.2466	1	0	1440
101	   1.7565	   8.6922	1	0	1440
102	  17.7186	   3.8645	1	0	1440
103	  13.0605	  16.1613	1	0	1440
104	   2.5225	  19.4374	1	0	1440
105	   5.6030	  11.0468	1	0	1440
106	  23.9007	  13.2975	1	0	1440
107	   9.2495	   2.4758	1	0	1440
108	   0.9266	   0.8888	1	0	1440
109	  24.2833	  13.6797	1	0	1440
110	  10.3646	   1.0398	1	0	1440
111	  22.3719	   3.0832	1	0	1440
112	  19.2444	   7.4268	1	0	1440
113	   4.8698	  24.8474	1	0	1440
114	  18.4736	   3.7705	1	0	1440
115	  13.1449	  23.2615	1	0	1440
116	  13.5264	   1.4985	1	0	1440
117	   8.7647	  20.2432	1	0	1440
118	  17.4377	   9.6914	1	0	1440
119	  21.1320	  17.6235	1	0	1440
120	  12.2458	   5.9174	1	0	1440
121	   6.9572	  12.0086	1	0	1440
122	  19.7854	  12.7621	1	0	1440
123	   6.0813	   7.9303	1	0	1440
124	  11.0235	  23.3303	1	0	1440
125	  24.8287	  22.9839	1	0	1440
126	   7.6753	  15.9252	1	0	1440
127	  15.7453	  16.5240	1	0	1440
128	  22.4414	  23.4366	1	0	1440
129	   0.6015	   4.3986	1	0	1440
130	  13.8248	  10.3129	-1	0	1440
131	  19.4112	  18.3218	-1	0	1440
132	  24.6809	   4.4348	-1	0	1440
133	  14.2514	   2.3908	-1	0	1440
134	  23.3772	  10.3922	-1	0	1440
135	   9.0503	   3.4347	-1	0	1440
136	   9.7667	  12.5158	-1	0	1440
137	   6.6341	   0.9570	-1	0	1440
138	   2.2383	  11.4684	-1	0	1440
139	   0.1850	   5.6075	-1	0	1440
140	   8.7376	  10.2727	-1	0	1440
141	   0.0226	   6.6500	-1	0	1440
142	  13.3780	   1.9118	-1	0	1440
143	  12.0283	   3.8990	-1	0	1440
144	  12.8904	  22.9389	-1	0	1440
145	  18.1439	  15.2649	-1	0	1440
146	  23.8768	   9.9132	-1	0	1440
147	  18.1233	  12.9586	-1	0	1440
148	  11.4818	  21.1770	-1	0	1440
149	   2.7504	   3.3693	-1	0	1440
150	   6.7036	  18.8273	-1	0	1440
151	   8.8842	  14.4372	-1	0	1440
152	   4.9044	  10.4324	-1	0	1440
153	  21.7391	  15.3670	-1	0	1440
154	   3.5382	   7.6071	-1	0	1440
155	  19.7931	  17.2664	-1	0	1440
156	   5.9748	  10.9187	-1	0	1440
157	   4.8499	   8.0891	-1	0	1440
158	  21.4479	   2.5776	-1	0	1440
159	  16.6323	   7.7324	-1	0	1440
160	  22.1518	  16.7361	-1	0	1440
161	  11.7662	  12.4352	-1	0	1440
162	   8.5085	   3.4090	-1	0	1440
163	  14.5497	   2.7993	-1	0	1440
164	   0.1858	  15.4764	-1	0	1440
165	  10.0136	   6.5013	-1	0	1440
166	  22.4409	  19.9380	-1	0	1440
167	   9.3319	  16.4519	-1	0	1440
168	  12.0763	  21.2361	-1	0	1440
169	   6.0561	  21.2531	-1	0	1440
170	  21.1899	   8.8746	-1	0	1440
171	   0.5365	   7.7409	-1	0	1440
172	  17.2490	   6.2889	-1	0	1440
173	  15.9060	  17.6735	-1	0	1440
174	   0.1677	  24.8201	-1	0	1440
175	   3.3891	  12.5140	-1	0	1440
176	  22.3566	  11.6369	-1	0	1440
177	   8.8000	   2.9911	-1	0	1440
178	   5.4613	   3.3930	-1	0	1440
179	  23.3107	  16.2782	-1	0	1440
180	  10.4452	   1.2950	-1	0	1440
181	  24.6710	   1.1533	-1	0	1440
182	  20.5803	   5.7358	-1	0	1440
183	   8.7303	  21.7567	-1	0	1440
184	  21.1288	   5.0230	-1	0	1440
185	  14.2192	  24.5499	-1	0	1440
186	  14.2022	   4.6897	-1	0	1440
187	   8.8545	  21.2889	-1	0	1440
188	  17.1769	  13.3584	-1	0	1440
189	  18.6282	  19.3707	-1	0	1440
190	  12.2384	   7.2167	-1	0	1440
191	   8.9069	  13.9403	-1	0	1440
192	  20.6647	  13.5306	-1	0	1440
193	   2.6383	   5.9978	-1	0	1440
194	   9.9574	  19.3521	-1	0	1440
195	  18.5137	  24.2984	-1	0	1440
196	  11.9230	  14.1735	-1	0	1440
197	  19.9439	  18.6594	-1	0	1440
198	  19.8284	  22.1616	-1	0	1440
199	   7.7590	   0.7556	-1	0	1440
200	   4.7878	  13.4785	0	0	1440
201	   1.7212	  23.2765	0	0	1440
202	   6.9728	  14.4626	0	0	1440
203	  12.3057	   8.8521	0	0	1440
204	  13.3177	   9.2595	0	0	1440
205	   8.5665	   3.6630	0	0	1440
206	  11.4981	   1.7780	0	0	1440
207	  13.5643	   8.3596	0	0	1440
208	  24.6559	  18.3928	0	0	1440
209	   9.8796	  22.5908	0	0	1440
