8	5	40	70
0	   3.7453	  23.3002	3	198	198
1	   5.1167	   1.2079	3	561	561
2	  14.7624	  12.6307	3	419	419
3	   5.4596	   4.4430	3	1147	1147
4	  20.2276	  19.5185	3	189	189
5	  23.1815	  14.4883	3	1122	1122
6	  24.2614	   4.7490	3	705	705
7	  11.3561	   8.7767	3	386	386
8	  14.8256	  22.9402	3	231	231
9	  11.9039	  21.0778	3	398	398
10	  12.9632	  12.2132	3	942	942
11	   2.8619	  15.7546	3	603	603
12	   9.4438	  13.2801	3	1196	1196
13	  16.2789	  20.3028	3	1041	1041
14	   6.4055	  21.3956	3	863	863
15	   9.0263	   1.9703	3	915	915
16	  21.4888	  23.7926	3	1137	1137
17	  18.7422	  20.7502	3	541	541
18	   3.5416	   5.0984	3	755	755
19	   4.5269	  18.3672	3	60	60
20	   3.0386	  16.4308	3	1317	1317
21	  14.4450	  16.0018	3	509	509
22	   6.9036	  24.7694	3	53	53
23	   7.8748	  11.0650	3	412	412
24	  18.7638	  14.2803	3	94	94
25	   7.4605	  15.2745	3	408	408
26	  10.4483	  16.4868	3	1258	1258
27	  17.2448	  11.0593	3	1220	1220
28	   9.8518	  14.4830	3	951	951
29	   9.4838	  13.3934	3	1084	1084
30	  19.5814	  14.0107	3	925	925
31	   5.4415	  21.2057	3	1119	1119
32	  13.6217	   9.0855	3	967	967
33	  15.5914	  19.2583	3	666	666
34	   3.7168	  10.3775	3	289	289
35	  21.4424	  11.4832	3	479	479
36	   0.8718	   3.9030	3	458	458
37	   1.7577	  11.3201	3	964	964
38	  20.3898	  19.0025	3	187	187
39	  22.3793	  16.1306	3	1312	1312
40	   1.7040	  24.3239	-3	198	198
41	   6.6964	   1.2472	-3	561	561
42	  14.4010	  11.3535	-3	419	419
43	   6.2630	   5.9159	-3	1147	1147
44	  20.2792	  19.2783	-3	189	189
45	  22.6585	  15.8549	-3	1122	1122
46	  24.0405	   4.8034	-3	705	705
47	  11.9205	   8.0372	-3	386	386
48	  13.6998	  23.0175	-3	231	231
49	  12.5620	  21.1397	-3	398	398
50	  14.2695	  12.0032	-3	942	942
51	   3.6440	  16.1490	-3	603	603
52	   8.5924	  12.9029	-3	1196	1196
53	  17.4171	  19.6972	-3	1041	1041
54	   6.3477	  21.4795	-3	863	863
55	   9.0192	   2.9879	-3	915	915
56	  19.7861	  23.4611	-3	1137	1137
57	  19.5333	  22.9882	-3	541	541
58	   5.3231	   6.6577	-3	755	755
59	   3.5412	  18.1544	-3	60	60
60	   1.9153	  17.3096	-3	1317	1317
61	  14.1785	  17.4855	-3	509	509
62	   6.7606	  22.6199	-3	53	53
63	   6.5116	  10.7771	-3	412	412
64	  20.7408	  13.7336	-3	94	94
65	   8.0949	  13.8272	-3	408	408
66	  10.5674	  15.8415	-3	1258	1258
67	  17.7194	  11.5915	-3	1220	1220
68	  10.3188	  13.9830	-3	951	951
69	  11.1449	  13.3937	-3	1084	1084
70	  20.0219	  12.7351	-3	925	925
71	   5.2039	  19.1007	-3	1119	1119
72	  12.7684	   8.9515	-3	967	967
73	  14.9373	  17.8903	-3	666	666
74	   2.0836	   9.8206	-3	289	289
75	  20.9358	  11.7461	-3	479	479
76	   3.3739	   2.5492	-3	458	458
77	   2.1971	  10.4242	-3	964	964
78	  19.8967	  19.3760	-3	187	187
79	  22.0874	  16.5228	-3	1312	1312
80	   7.7361	   7.2312	1	0	1440
81	   5.6136	  17.2200	1	0	1440
82	  20.6246	   0.1950	1	0	1440
83	   6.2307	   2.3852	1	0	1440
84	  22.8149	  11.6722	1	0	1440
85	  20.7577	  10.9456	1	0	1440
86	  15.3840	  11.3491	1	0	1440
87	  21.7266	  22.9233	1	0	1440
88	   5.6923	  18.1690	1	0	1440
89	   9.4065	   6.5641	1	0	1440
90	  22.0720	  11.1642	1	0	1440
91	  17.8842	  17.4618	1	0	1440
92	   5.1667	  15.2635	1	0	1440
93	   5.1228	  18.1192	1	0	1440
94	  20.5044	  12.2159	1	0	1440
95	  23.6525	  18.7833	1	0	1440
96	   5.0409	  14.0365	1	0	1440
97	   5.1325	  10.2448	1	0	1440
98	   8.1372	   1.8590	1	0	1440
99	   8.1680	  13.8295	1	0	1440
100	  20.3936	  17.1001	1	0	1440
101	   3.7387	  13.2777	1	0	1440
102	   9.5619	   8.9054	1	0	1440
103	  21.8083	   1.0358	1	0	1440
104	   7.3604	   1.9311	1	0	1440
105	  19.1551	  21.7614	1	0	1440
106	   5.0936	  13.7957	1	0	1440
107	  12.0851	   7.2085	1	0	1440
108	  18.6329	   7.1132	1	0	1440
109	  24.7830	  14.0265	1	0	1440
110	  24.2133	   3.5217	1	0	1440
111	   2.3042	   8.7752	1	0	1440
112	  12.4271	   5.8454	1	0	1440
113	   1.9296	   9.2354	1	0	1440
114	   6.8812	   9.2900	1	0	1440
115	  11.1665	   1.0363	1	0	1440
116	   6.0514	  24.4511	1	0	1440
117	  15.6958	  15.0287	1	0	1440
118	  10.7614	  24.4506	1	0	1440
119	  13.2463	  19.3247	1	0	1440
120	  19.4953	  17.7610	1	0	1440
121	   6.7875	  19.4925	1	0	1440
122	  22.8000	   9.0916	1	0	1440
123	   3.2677	  10.2271	1	0	1440
124	  14.9370	   5.1974	1	0	1440
125	  14.4874	   5.6290	1	0	1440
126	  22.8545	  20.5388	1	0	1440
127	  13.0008	   8.2259	1	0	1440
128	  13.5339	   1.6787	1	0	1440
129	   2.3075	   1.2272	1	0	1440
130	  19.1803	   4.7970	1	0	1440
131	  22.0740	   8.6677	1	0	1440
132	  10.4260	  19.9284	1	0	1440
133	   8.4787	  14.7739	1	0	1440
134	  22.7267	   0.5504	1	0	1440
135	  20.8215	  11.2606	1	0	1440
136	   2.2290	  16.7649	1	0	1440
137	  21.7047	   8.2147	1	0	1440
138	   8.4704	   1.8661	1	0	1440
139	  11.8362	   5.5444	1	0	1440
140	  10.5338	  22.2622	1	0	1440
141	   0.4728	  14.7402	1	0	1440
142	   3.0642	   2.9816	1	0	1440
143	  19.7465	   8.7080	1	0	1440
144	   1.9620	   2.7342	1	0	1440
145	   5.3052	  24.8579	1	0	1440
146	   8.0725	   4.1229	1	0	1440
147	  18.1475	  22.5602	1	0	1440
148	   0.0319	  11.9426	1	0	1440
149	  13.2263	  23.6105	1	0	1440
150	   6.3885	   8.5753	-1	0	1440
151	   4.2896	  18.2817	-1	0	1440
152	  22.8684	   0.6569	-1	0	1440
153	   5.3881	   0.9577	-1	0	1440
154	  24.0495	  11.1907	-1	0	1440
155	  21.6662	  10.2260	-1	0	1440
156	  15.4881	  14.2112	-1	0	1440
157	  22.7662	  24.5708	-1	0	1440
158	   5.7261	  18.6231	-1	0	1440
159	   8.7548	   7.6298	-1	0	1440
160	  22.9998	  13.0441	-1	0	1440
161	  20.0281	  17.5745	-1	0	1440
162	   5.0969	  13.8984	-1	0	1440
163	   4.5141	  19.1161	-1	0	1440
164	  17.7314	  11.9891	-1	0	1440
165	  24.2843	  18.9598	-1	0	1440
166	   6.0200	  13.1694	-1	0	1440
167	   3.5156	  10.4571	-1	0	1440
168	   7.1601	   3.1576	-1	0	1440
169	   7.3881	  14.9801	-1	0	1440
170	  21.5510	  16.9341	-1	0	1440
171	   5.9693	  12.7782	-1	0	1440
172	   8.9773	  11.3102	-1	0	1440
173	  21.7447	   2.2237	-1	0	1440
174	   6.1524	   3.9460	-1	0	1440
175	  16.5340	  23.4307	-1	0	1440
176	   2.8428	  14.5718	-1	0	1440
177	  12.8965	   6.6730	-1	0	1440
178	  20.5414	   6.5409	-1	0	1440
179	  24.1281	  13.1661	-1	0	1440
180	  22.4584	   5.4982	-1	0	1440
181	   2.5506	   7.7774	-1	0	1440
182	  14.4182	   5.2933	-1	0	1440
183	   2.5527	   8.1156	-1	0	1440
184	   9.4955	   9.6803	-1	0	1440
185	  10.3345	   0.2558	-1	0	1440
186	   5.9022	  24.0958	-1	0	1440
187	  15.4709	  16.6274	-1	0	1440
188	  12.2578	  21.5111	-1	0	1440
189	  11.0556	  18.5330	-1	0	1440
190	  19.4397	  16.2227	-1	0	1440
191	   7.9876	  21.5972	-1	0	1440
192	  20.9435	   8.0292	-1	0	1440
193	   5.0801	  13.5502	-1	0	1440
194	  16.4937	   7.0823	-1	0	1440
195	  17.2188	   6.2720	-1	0	1440
196	  23.7403	  17.3917	-1	0	1440
197	  13.2910	   7.1920	-1	0	1440
198	  11.3101	   1.2349	-1	0	1440
199	   5.4310	   2.5139	-1	0	1440
200	  21.6485	   4.9202	-1	0	1440
201	  20.3637	   8.6740	-1	0	1440
202	  11.2745	  18.2143	-1	0	1440
203	   9.0490	  16.5430	-1	0	1440
204	  24.1546	   3.5371	-1	0	1440
205	  23.1462	  10.1495	-1	0	1440
206	   2.6806	  16.8168	-1	0	1440
207	  23.7352	   6.3314	-1	0	1440
208	  10.1736	   4.5184	-1	0	1440
209	  11.5765	   4.5645	-1	0	1440
210	   5.9890	  20.8852	-1	0	1440
211	   0.5054	  16.7566	-1	0	1440
212	   4.6015	   6.1857	-1	0	1440
213	  20.2164	   9.7778	-1	0	1440
214	   0.2162	   6.7031	-1	0	1440
215	   5.3432	  19.2669	-1	0	1440
216	   9.0318	   1.4582	-1	0	1440
217	  15.8909	  22.8898	-1	0	1440
218	   0.6154	  14.4957	-1	0	1440
219	  16.0262	  19.2046	-1	0	1440
220	   6.8762	  23.8182	0	0	1440
221	   4.2064	  15.5062	0	0	1440
222	   9.4641	  20.9523	0	0	1440
223	  23.0257	  19.0953	0	0	1440
224	   0.6110	   4.2539	0	0	1440
225	  12.1506	  19.5418	0	0	1440
226	  11.0217	  11.4250	0	0	1440
227	   1.0810	  12.2868	0	0	1440
