9	5	50	60
0	  15.0452	   6.4310	3	1261	1261
1	  16.2546	  21.7325	3	803	803
2	  12.3822	  11.2107	3	157	157
3	   1.8942	   2.5804	3	573	573
4	  15.5615	  16.3453	3	749	749
5	   4.6012	  10.9315	3	673	673
6	  16.0583	  12.1783	3	977	977
7	  20.4027	   1.2257	3	349	349
8	   6.0054	   8.7202	3	1235	1235
9	   8.3106	  21.0505	3	1177	1177
10	  15.1511	  23.7044	3	251	251
11	   3.3893	  14.4546	3	525	525
12	   1.2173	   6.4790	3	1293	1293
13	  21.8471	  10.9567	3	1189	1189
14	  24.9500	  13.1017	3	595	595
15	   7.6893	  12.3322	3	1120	1120
16	  24.3124	  21.4617	3	1065	1065
17	  15.4987	   1.2066	3	853	853
18	  22.8521	  14.6036	3	341	341
19	  24.1587	   2.4533	3	782	782
20	   0.5351	  15.2169	3	749	749
21	  14.6316	  20.9378	3	269	269
22	  16.4427	  20.6369	3	866	866
23	   4.6580	  24.7533	3	109	109
24	  16.6874	  19.8092	3	788	788
25	  23.4577	  20.0767	3	850	850
26	   9.2638	  24.6750	3	397	397
27	   1.5558	   6.1109	3	1127	1127
28	  10.6317	   1.5058	3	245	245
29	  19.2126	  18.3210	3	99	99
30	  14.7827	   4.3367	3	1069	1069
31	  12.1500	  17.5836	3	177	177
32	   3.4284	  11.3087	3	224	224
33	  20.0369	   3.9635	3	1196	1196
34	   1.5257	   9.6685	3	72	72
35	   5.3054	   4.5594	3	944	944
36	  17.7216	  21.9928	3	1191	1191
37	  24.3685	  16.1793	3	1019	1019
38	  17.0696	   8.6323	3	615	615
39	  15.8543	  18.6253	3	449	449
40	  14.7432	   1.4860	3	219	219
41	  20.1311	   8.9558	3	188	188
42	  19.8070	   8.9691	3	296	296
43	  13.3058	  22.2123	3	182	182
44	  23.4145	   0.4558	3	47	47
45	  14.7959	   1.8429	3	861	861
46	  11.7645	   9.8328	3	624	624
47	   5.8064	  13.2902	3	434	434
48	  19.5013	   5.7078	3	385	385
49	  15.1594	  13.8691	3	935	935
50	  15.3938	   7.3388	-3	1261	1261
51	  17.3147	  21.6455	-3	803	803
52	  10.9562	  10.6466	-3	157	157
53	   0.5829	   3.1403	-3	573	573
54	  14.1182	  17.9337	-3	749	749
55	   4.0343	  12.0486	-3	673	673
56	  17.2677	  12.2998	-3	977	977
57	  18.3201	   1.4173	-3	349	349
58	   5.2463	   8.6175	-3	1235	1235
59	  10.4671	  21.6969	-3	1177	1177
60	  16.5386	  22.4984	-3	251	251
61	   1.7285	  14.8945	-3	525	525
62	   0.4600	   7.5202	-3	1293	1293
63	  21.7995	   9.6357	-3	1189	1189
64	  23.8437	  14.8974	-3	595	595
65	   8.2363	  11.2859	-3	1120	1120
66	  22.3971	  20.3227	-3	1065	1065
67	  15.3821	   2.4048	-3	853	853
68	  24.4529	  15.1254	-3	341	341
69	  23.8277	   3.4437	-3	782	782
70	   1.1255	  14.5634	-3	749	749
71	  16.2731	  20.3643	-3	269	269
72	  17.4011	  20.4071	-3	866	866
73	   6.2585	  24.8067	-3	109	109
74	  18.1192	  20.3384	-3	788	788
75	  24.1487	  20.6947	-3	850	850
76	   6.1410	  21.2676	-3	397	397
77	   0.0421	   5.8636	-3	1127	1127
78	   8.6649	   0.7161	-3	245	245
79	  18.4984	  20.0349	-3	99	99
80	  14.4663	   3.9210	-3	1069	1069
81	  12.4382	  17.0566	-3	177	177
82	   1.6133	  10.8427	-3	224	224
83	  18.1246	   2.4187	-3	1196	1196
84	   2.4807	   9.5897	-3	72	72
85	   6.2298	   6.0392	-3	944	944
86	  18.5711	  20.8091	-3	1191	1191
87	  22.8188	  16.1949	-3	1019	1019
88	  18.8155	   8.6735	-3	615	615
89	  16.1829	  19.2537	-3	449	449
90	  14.6358	   4.1344	-3	219	219
91	  19.8504	   9.3225	-3	188	188
92	  20.9154	   8.9768	-3	296	296
93	  14.0496	  24.5567	-3	182	182
94	  24.4556	   4.4996	-3	47	47
95	  12.0638	   1.1844	-3	861	861
96	  12.8477	  10.8279	-3	624	624
97	   5.6091	  12.1980	-3	434	434
98	  17.3449	   5.4774	-3	385	385
99	  16.2212	  13.7553	-3	935	935
100	  18.2680	   6.0137	1	0	1440
101	   7.4944	   8.0112	1	0	1440
102	  16.6600	  10.3110	1	0	1440
103	  12.1539	  12.1208	1	0	1440
104	  16.2887	  17.9603	1	0	1440
105	   0.4110	  10.7900	1	0	1440
106	  23.6682	   6.6695	1	0	1440
107	  10.5968	   8.9353	1	0	1440
108	  21.2654	  11.8391	1	0	1440
109	   1.8228	   3.7599	1	0	1440
110	   6.3854	  11.8174	1	0	1440
111	  11.6292	  17.9801	1	0	1440
112	   6.2651	  23.5256	1	0	1440
113	   8.8366	  18.2368	1	0	1440
114	   4.3811	  20.9905	1	0	1440
115	  13.9509	   5.7686	1	0	1440
116	   6.4598	  12.6190	1	0	1440
117	  21.5544	  18.0878	1	0	1440
118	  13.8969	  20.7183	1	0	1440
119	  24.4782	  21.8149	1	0	1440
120	   8.6323	  11.6713	1	0	1440
121	  10.1970	  16.7243	1	0	1440
122	   9.9611	  17.2036	1	0	1440
123	  15.0241	  15.3187	1	0	1440
124	  12.8734	   3.9750	1	0	1440
125	  21.0874	  19.3332	1	0	1440
126	  11.3898	  13.1484	1	0	1440
127	   3.2738	  15.5102	1	0	1440
128	   6.5611	   5.2383	1	0	1440
129	   2.0532	   6.2720	1	0	1440
130	  11.9029	  10.6855	1	0	1440
131	  17.9433	  10.7466	1	0	1440
132	   2.4708	  13.4055	1	0	1440
133	  16.1730	  23.8380	1	0	1440
134	  12.8158	   7.7670	1	0	1440
135	  10.0483	  24.1891	1	0	1440
136	  24.4871	  16.6094	1	0	1440
137	  22.6486	   6.4807	1	0	1440
138	  20.2981	  17.7492	1	0	1440
139	   8.0725	  22.7689	1	0	1440
140	   6.1547	   5.2464	1	0	1440
141	  17.4445	  12.9515	1	0	1440
142	  11.7895	  18.0621	1	0	1440
143	   3.1299	   2.3160	1	0	1440
144	  18.9254	  15.9164	1	0	1440
145	   8.3338	  16.5740	1	0	1440
146	   0.2549	  21.4236	1	0	1440
147	   7.3126	   8.3274	1	0	1440
148	   0.2311	   6.0183	1	0	1440
149	  18.1232	   4.8090	1	0	1440
150	  20.7254	  12.3681	1	0	1440
151	   3.6226	  18.1226	1	0	1440
152	   7.6860	   7.9457	1	0	1440
153	   1.1718	  14.9986	1	0	1440
154	  24.7576	   3.6970	1	0	1440
155	   9.1744	   0.5011	1	0	1440
156	  21.2369	   7.7140	1	0	1440
157	  23.5212	  24.8414	1	0	1440
158	   4.6504	  24.9759	1	0	1440
159	   3.6930	   0.3758	1	0	1440
160	  17.1662	   4.9322	-1	0	1440
161	   5.6497	   7.3963	-1	0	1440
162	  16.5940	   8.5255	-1	0	1440
163	  10.2009	  11.7638	-1	0	1440
164	  16.3845	  19.1530	-1	0	1440
165	   0.8188	   9.1249	-1	0	1440
166	  24.1007	   8.3575	-1	0	1440
167	   9.7605	   8.7302	-1	0	1440
168	  19.7409	  10.9024	-1	0	1440
169	   2.3165	   2.6522	-1	0	1440
170	   7.5535	  12.2252	-1	0	1440
171	  12.8226	  19.0336	-1	0	1440
172	   5.3576	  20.6698	-1	0	1440
173	   9.2059	  17.6254	-1	0	1440
174	   3.2743	  22.0430	-1	0	1440
175	  12.3440	   7.3156	-1	0	1440
176	   6.5884	  14.6297	-1	0	1440
177	  20.9417	  16.6444	-1	0	1440
178	  12.2257	  20.1041	-1	0	1440
179	  21.5985	  20.3330	-1	0	1440
180	  10.1481	  14.7434	-1	0	1440
181	  10.8653	  17.1025	-1	0	1440
182	  10.0368	  15.5177	-1	0	1440
183	  12.8722	  15.0636	-1	0	1440
184	  13.5738	   4.3934	-1	0	1440
185	  20.8277	  18.1264	-1	0	1440
186	  10.3016	  15.1542	-1	0	1440
187	   3.7944	  15.3454	-1	0	1440
188	   7.6843	   6.1685	-1	0	1440
189	   4.4275	   5.7169	-1	0	1440
190	  11.9889	   9.5515	-1	0	1440
191	  17.0621	  11.3433	-1	0	1440
192	   3.0939	  12.1458	-1	0	1440
193	  18.6859	  23.0689	-1	0	1440
194	  10.4819	   7.2244	-1	0	1440
195	  10.8547	  19.1297	-1	0	1440
196	  23.2874	  15.8072	-1	0	1440
197	  22.7267	   8.9025	-1	0	1440
198	  19.1925	  13.4673	-1	0	1440
199	   4.2995	  23.9896	-1	0	1440
200	   7.6908	   4.7482	-1	0	1440
201	  16.1866	  13.4706	-1	0	1440
202	  12.5432	  14.7506	-1	0	1440
203	   1.9686	   1.9292	-1	0	1440
204	  17.3955	  13.2548	-1	0	1440
205	   5.9319	  18.4741	-1	0	1440
206	   4.7109	  19.7014	-1	0	1440
207	  11.2182	   9.2560	-1	0	1440
208	   3.4659	   4.8470	-1	0	1440
209	  21.3583	   5.5822	-1	0	1440
210	  18.0682	  10.0181	-1	0	1440
211	   6.9775	  19.5299	-1	0	1440
212	   5.1125	   7.7577	-1	0	1440
213	   2.9806	  13.2356	-1	0	1440
214	  21.5615	   1.2000	-1	0	1440
215	   8.2456	   0.4189	-1	0	1440
216	  20.0043	   8.2508	-1	0	1440
217	  21.8559	  24.4829	-1	0	1440
218	   8.5998	  19.6488	-1	0	1440
219	   2.6676	   0.7525	-1	0	1440
220	   5.2933	   4.5744	0	0	1440
221	  11.5947	  19.4477	0	0	1440
222	   6.5213	  19.5244	0	0	1440
223	  23.5395	   6.0202	0	0	1440
224	  14.0815	  17.7016	0	0	1440
225	   5.3997	  21.4801	0	0	1440
226	  14.4815	   5.3193	0	0	1440
227	  24.9014	  17.9683	0	0	1440
228	  15.1840	   8.6956	0	0	1440
