from beginning to end is the sequence solution of first instance to last instance, respectively.
feasirouteall {{0, 6, 21, 9, 24, 4, 13, 28, 19, 31}, {0, 1, 16, 5, 20, 31}}
feasibenefit -68.04982753597832
feasirouteall {{0, 4, 19, 14, 3, 18, 11, 5, 20, 1, 16, 2, 17, 6, 21, 26, 29, 31}, {0, 15, 10, 25, 30, 9, 24, 8, 23, 13, 28, 12, 27, 31}}
feasibenefit -48.339399999999834
feasirouteall {{0, 13, 28, 8, 23, 2, 17, 5, 20, 11, 6, 21, 26, 10, 25, 4, 19, 31}, {0, 12, 14, 9, 27, 24, 15, 30, 1, 16, 29, 7, 22, 3, 18, 31}}
feasibenefit -70.17079380558073
feasirouteall {{0, 14, 29, 7, 22, 11, 26, 31}, {0, 12, 10, 25, 9, 24, 1, 16, 5, 20, 4, 19, 3, 18, 6, 27, 21, 31}}
feasibenefit -78.0358912568304
feasirouteall {{0, 10, 25, 1, 16, 9, 24, 4, 19, 31}, {0, 12, 27, 11, 15, 3, 18, 2, 17, 8, 23, 7, 22, 30, 14, 29, 13, 6, 21, 5, 20, 28, 26, 31}}
feasibenefit -49.646399999974044
feasirouteall {{0, 3, 13, 18, 1, 15, 16, 10, 25, 30, 6, 21, 12, 28, 27, 31}, {0, 8, 23, 7, 11, 22, 9, 24, 14, 5, 20, 29, 26, 2, 17, 31}}
feasibenefit -65.72709999999992
feasirouteall {{0, 6, 15, 21, 3, 14, 30, 18, 11, 9, 24, 1, 16, 29, 26, 5, 20, 31}, {0, 7, 12, 22, 8, 23, 10, 27, 25, 2, 17, 13, 4, 19, 28, 31}}
feasibenefit -101.87729170776475
feasirouteall {{0, 10, 14, 29, 25, 3, 18, 6, 12, 21, 27, 31}, {0, 2, 17, 11, 9, 24, 5, 15, 20, 8, 23, 7, 22, 13, 30, 26, 28, 31}}
feasibenefit -89.97319999999996
feasirouteall {{0, 7, 22, 8, 23, 9, 24, 3, 18, 31}, {0, 2, 14, 17, 1, 29, 16, 15, 6, 30, 21, 31}}
feasibenefit -98.03639999999996
feasirouteall {{0, 1, 16, 4, 19, 15, 12, 9, 24, 8, 23, 30, 27, 31}, {0, 7, 22, 6, 14, 21, 2, 17, 3, 18, 5, 20, 29, 31}}
feasibenefit -95.83007009047358