39	5	40	60
0	   3.9055	   7.6971	3	1206	1206
1	  13.9625	   9.8283	3	1087	1087
2	  16.5369	  18.4097	3	203	203
3	  21.8096	  16.2024	3	111	111
4	   1.4025	   6.8243	3	500	500
5	   2.1563	  15.7485	3	302	302
6	   5.8392	  18.2758	3	436	436
7	  14.7138	  16.6144	3	133	133
8	  17.3807	  22.2910	3	514	514
9	   0.9527	  24.1857	3	587	587
10	   3.0164	  22.0165	3	244	244
11	   4.2165	  10.2866	3	1292	1292
12	   9.4249	   7.3838	3	374	374
13	  16.0443	  13.3303	3	1299	1299
14	  15.0810	   5.0067	3	263	263
15	  23.4164	  19.9682	3	528	528
16	  22.8202	  24.8189	3	571	571
17	   1.7925	  24.9765	3	951	951
18	  15.5674	   6.4659	3	1172	1172
19	  17.7754	  21.4066	3	135	135
20	  24.7416	   7.4892	3	201	201
21	  13.0210	  17.1223	3	1154	1154
22	   4.7802	  13.9737	3	440	440
23	  16.3080	   7.7966	3	401	401
24	  10.9902	   7.9530	3	829	829
25	  14.5324	  15.2067	3	647	647
26	  18.2396	  23.9573	3	1044	1044
27	  22.5905	   9.2839	3	187	187
28	  12.2876	  12.6715	3	63	63
29	  19.2893	  12.7070	3	30	30
30	   5.4145	  17.1095	3	1084	1084
31	  12.5259	   7.2070	3	1239	1239
32	  17.0861	   3.0932	3	1087	1087
33	  13.6729	   9.8615	3	609	609
34	  24.4998	  13.4145	3	673	673
35	  17.3507	  12.5208	3	909	909
36	   5.5368	  22.1309	3	882	882
37	   1.4944	  21.8448	3	1079	1079
38	   4.9275	  12.4846	3	1012	1012
39	   4.7978	  19.4600	3	718	718
40	   4.0257	   7.2611	-3	1206	1206
41	  14.2906	  10.4463	-3	1087	1087
42	  18.2816	  19.3096	-3	203	203
43	  23.2259	  16.1968	-3	111	111
44	   2.9228	   7.6003	-3	500	500
45	   0.9214	  15.4084	-3	302	302
46	   5.8075	  17.9133	-3	436	436
47	  14.2910	  16.8640	-3	133	133
48	  18.7898	  22.0506	-3	514	514
49	   1.2998	  24.4378	-3	587	587
50	   2.6913	  23.0375	-3	244	244
51	   3.6547	   9.7583	-3	1292	1292
52	   9.7601	   8.1999	-3	374	374
53	  15.7814	  13.4530	-3	1299	1299
54	  14.2658	   5.0144	-3	263	263
55	  23.5505	  20.2144	-3	528	528
56	  24.1066	  24.3291	-3	571	571
57	   2.0078	  23.4588	-3	951	951
58	  16.1512	   7.2426	-3	1172	1172
59	  18.3338	  19.9512	-3	135	135
60	  24.9595	   6.5100	-3	201	201
61	  12.0980	  18.1729	-3	1154	1154
62	   4.9126	  12.9033	-3	440	440
63	  17.1389	   7.6025	-3	401	401
64	  10.8910	   8.2935	-3	829	829
65	  14.8522	  13.5775	-3	647	647
66	  18.9949	  24.8248	-3	1044	1044
67	  23.5353	   8.3738	-3	187	187
68	  13.2048	  13.3022	-3	63	63
69	  19.1260	  11.5959	-3	30	30
70	   4.9241	  16.6535	-3	1084	1084
71	  10.7222	   7.0873	-3	1239	1239
72	  15.9260	   2.9184	-3	1087	1087
73	  12.3153	   9.7384	-3	609	609
74	  24.5232	  13.1677	-3	673	673
75	  17.5340	  13.1214	-3	909	909
76	   4.7308	  21.7045	-3	882	882
77	   0.5279	  22.8403	-3	1079	1079
78	   4.0433	  13.1629	-3	1012	1012
79	   4.7679	  18.7527	-3	718	718
80	  18.4173	   0.2818	1	0	1440
81	   7.3214	   5.7049	1	0	1440
82	   9.3189	  21.5656	1	0	1440
83	  24.3521	  21.8448	1	0	1440
84	   3.7726	  16.4382	1	0	1440
85	  24.9380	  17.4455	1	0	1440
86	   5.8600	  18.6505	1	0	1440
87	  11.9586	  11.3967	1	0	1440
88	   0.9376	  13.0393	1	0	1440
89	  15.1689	   3.6289	1	0	1440
90	  11.0768	   8.5861	1	0	1440
91	   3.9107	  18.3982	1	0	1440
92	  15.0101	   5.4422	1	0	1440
93	  21.1739	   5.7804	1	0	1440
94	  14.8970	  21.1119	1	0	1440
95	  20.5497	   4.0859	1	0	1440
96	  20.9613	  23.7241	1	0	1440
97	  21.3375	  21.8990	1	0	1440
98	  20.0925	   4.4386	1	0	1440
99	  16.2384	   9.3835	1	0	1440
100	  22.6140	   8.7651	1	0	1440
101	  22.8633	  20.8399	1	0	1440
102	  24.9258	   9.8091	1	0	1440
103	  14.1325	   6.7753	1	0	1440
104	  23.7363	  13.3741	1	0	1440
105	  22.7576	  20.0509	1	0	1440
106	  21.2233	  12.5833	1	0	1440
107	  15.4602	   1.8009	1	0	1440
108	   4.4168	   9.3283	1	0	1440
109	   3.5523	   2.0308	1	0	1440
110	  18.0934	   1.4157	1	0	1440
111	  19.8288	  22.7964	1	0	1440
112	  20.0774	  11.4145	1	0	1440
113	   3.2333	  13.3590	1	0	1440
114	   5.7241	   1.9696	1	0	1440
115	   1.7331	   4.4723	1	0	1440
116	  12.0740	  14.9834	1	0	1440
117	  14.9685	  16.4908	1	0	1440
118	  24.3117	  18.5209	1	0	1440
119	  10.4604	  14.7653	1	0	1440
120	  10.5155	   2.3935	1	0	1440
121	  14.5628	   7.9642	1	0	1440
122	  10.0635	  20.2869	1	0	1440
123	   9.9338	  11.7966	1	0	1440
124	  11.2874	  24.2824	1	0	1440
125	  15.0459	  23.3614	1	0	1440
126	  24.7661	  16.4430	1	0	1440
127	   8.2372	  13.9547	1	0	1440
128	   3.0994	  11.4638	1	0	1440
129	   5.7924	   5.9012	1	0	1440
130	  10.9156	  24.4605	1	0	1440
131	   8.6358	   9.4509	1	0	1440
132	   7.8343	  14.6185	1	0	1440
133	   6.0615	  11.1600	1	0	1440
134	   8.9824	  20.3237	1	0	1440
135	  13.2774	  13.0258	1	0	1440
136	   8.4865	  20.0281	1	0	1440
137	   2.0029	   8.4460	1	0	1440
138	   1.5381	  17.8582	1	0	1440
139	  19.6929	   7.3306	1	0	1440
140	  20.7941	   0.1339	-1	0	1440
141	   5.1630	   6.3984	-1	0	1440
142	  10.4377	  21.8827	-1	0	1440
143	  24.0502	  22.9174	-1	0	1440
144	   5.5776	  16.8335	-1	0	1440
145	  24.9619	  18.4131	-1	0	1440
146	   6.9792	  17.9407	-1	0	1440
147	  11.7635	  11.5064	-1	0	1440
148	   0.6629	  13.5685	-1	0	1440
149	  15.2363	   3.6455	-1	0	1440
150	   9.8472	   7.5083	-1	0	1440
151	   3.0976	  18.6931	-1	0	1440
152	  16.3483	   6.3949	-1	0	1440
153	  20.1333	   5.5626	-1	0	1440
154	  15.9345	  20.8281	-1	0	1440
155	  18.9534	   5.5358	-1	0	1440
156	  20.5228	  23.0845	-1	0	1440
157	  21.3140	  20.4047	-1	0	1440
158	  21.3027	   6.2485	-1	0	1440
159	  15.8553	  11.2469	-1	0	1440
160	  23.8135	   7.8513	-1	0	1440
161	  21.9010	  21.0791	-1	0	1440
162	  24.2373	   9.7006	-1	0	1440
163	  15.9575	   7.4005	-1	0	1440
164	  23.7482	  14.9747	-1	0	1440
165	  22.8707	  18.0553	-1	0	1440
166	  20.1264	  12.3430	-1	0	1440
167	  12.9122	   1.6481	-1	0	1440
168	   4.1223	   9.1319	-1	0	1440
169	   3.7088	   2.2131	-1	0	1440
170	  22.6404	   3.1149	-1	0	1440
171	  22.0146	  24.7787	-1	0	1440
172	  21.5551	  10.8294	-1	0	1440
173	   4.6093	  13.7330	-1	0	1440
174	   2.8706	   3.3421	-1	0	1440
175	   1.5543	   5.3096	-1	0	1440
176	  11.5214	  13.5223	-1	0	1440
177	  13.2488	  16.3090	-1	0	1440
178	  22.4843	  17.9514	-1	0	1440
179	   9.6108	  13.2687	-1	0	1440
180	  11.3147	   3.2728	-1	0	1440
181	  12.6058	  10.2450	-1	0	1440
182	   9.6083	  20.0583	-1	0	1440
183	   7.6299	  11.4586	-1	0	1440
184	  12.9508	  23.0214	-1	0	1440
185	  16.4634	  24.9687	-1	0	1440
186	  23.6376	  17.7604	-1	0	1440
187	   6.7507	  13.9771	-1	0	1440
188	   4.4154	  12.8492	-1	0	1440
189	   4.7706	   7.2881	-1	0	1440
190	  10.4721	  21.6215	-1	0	1440
191	   9.3937	  10.7950	-1	0	1440
192	   9.5885	  18.0451	-1	0	1440
193	   6.2391	   9.0464	-1	0	1440
194	   8.3146	  19.7601	-1	0	1440
195	  12.5356	  14.7392	-1	0	1440
196	   7.7851	  19.6809	-1	0	1440
197	   2.2194	   8.7480	-1	0	1440
198	   0.7181	  17.8686	-1	0	1440
199	  19.1963	   6.7047	-1	0	1440
200	   8.2088	  15.7514	0	0	1440
201	  23.1586	   6.6178	0	0	1440
202	  21.1816	   0.2233	0	0	1440
203	  14.9855	  21.2814	0	0	1440
204	  17.2243	   1.8136	0	0	1440
205	  24.8247	  22.4171	0	0	1440
206	  12.9533	  21.6120	0	0	1440
207	   7.9625	  18.3372	0	0	1440
208	   0.7855	  10.8485	0	0	1440
209	  15.4826	   0.6286	0	0	1440
210	  18.7817	   0.8960	0	0	1440
211	  14.1887	  13.3248	0	0	1440
212	  14.2713	  19.3638	0	0	1440
213	  21.2878	  20.2778	0	0	1440
214	   0.2435	  18.7966	0	0	1440
215	   1.6270	   3.1483	0	0	1440
216	   3.7617	  11.0247	0	0	1440
217	  22.4007	   3.4229	0	0	1440
218	  11.3663	  21.1660	0	0	1440
219	   6.3441	   8.9903	0	0	1440
220	  18.5216	  17.4051	0	0	1440
221	  17.6329	   2.3373	0	0	1440
222	   4.6733	  17.7989	0	0	1440
223	  24.7592	   1.8782	0	0	1440
224	  14.8257	  20.4093	0	0	1440
225	   2.5498	   6.0485	0	0	1440
226	   2.4756	   4.6157	0	0	1440
227	   5.9826	  18.4719	0	0	1440
228	   4.1856	  24.9988	0	0	1440
229	  16.9444	  24.4907	0	0	1440
230	   8.2415	  20.7089	0	0	1440
231	   2.8644	  20.7501	0	0	1440
232	  14.9350	  12.6372	0	0	1440
233	  16.6450	   6.7358	0	0	1440
234	  13.5361	   3.1936	0	0	1440
235	   6.1097	   2.5762	0	0	1440
236	  19.9366	  16.3923	0	0	1440
237	  14.0501	  15.4347	0	0	1440
238	  18.8681	   1.7515	0	0	1440
