19	5	20	60
0	   9.0620	  12.3983	3	929	929
1	  11.2859	   8.6324	3	893	893
2	   9.4571	   9.5013	3	231	231
3	   3.5277	   0.2466	3	887	887
4	  14.2958	   6.1364	3	1316	1316
5	   8.4480	  14.7341	3	690	690
6	  22.6325	   8.1691	3	266	266
7	   5.4306	   2.7092	3	194	194
8	   2.7533	   0.6584	3	629	629
9	   3.9985	   5.7578	3	882	882
10	   2.9599	  17.7457	3	370	370
11	  24.8955	  17.4559	3	1131	1131
12	   6.6413	  23.9451	3	1026	1026
13	   3.3118	  15.7033	3	598	598
14	  24.3357	  20.8005	3	845	845
15	  24.0990	   2.8633	3	252	252
16	  21.0471	  13.3948	3	140	140
17	   8.9998	   4.4950	3	165	165
18	  10.8887	   0.7614	3	775	775
19	  16.5615	   6.2238	3	532	532
20	   7.9935	  12.2429	-3	929	929
21	  11.9641	   8.3677	-3	893	893
22	  10.3820	  10.3346	-3	231	231
23	   4.2134	   0.2422	-3	887	887
24	  16.0908	   6.0932	-3	1316	1316
25	   8.1452	  15.8109	-3	690	690
26	  21.9748	   9.2589	-3	266	266
27	   5.5306	   1.7712	-3	194	194
28	   4.3920	   0.8517	-3	629	629
29	   3.4705	   6.3503	-3	882	882
30	   2.1369	  16.3193	-3	370	370
31	  23.2579	  19.0003	-3	1131	1131
32	   4.9893	  24.7250	-3	1026	1026
33	   2.0662	  14.9273	-3	598	598
34	  24.5569	  22.3855	-3	845	845
35	  24.4424	   1.7412	-3	252	252
36	  19.3884	  13.2003	-3	140	140
37	   9.6582	   4.7520	-3	165	165
38	   9.6902	   0.0796	-3	775	775
39	  16.1372	   6.3120	-3	532	532
40	  11.9816	   9.9686	1	0	1440
41	  13.3058	  11.8771	1	0	1440
42	   2.4245	  19.9471	1	0	1440
43	  10.8222	   5.7363	1	0	1440
44	  20.3340	   9.9861	1	0	1440
45	  17.9661	  19.4329	1	0	1440
46	  12.8494	  14.0131	1	0	1440
47	   7.8277	  21.8492	1	0	1440
48	  18.5082	  10.9565	1	0	1440
49	  15.8170	   4.3969	1	0	1440
50	  11.7179	  17.9539	1	0	1440
51	  20.7163	  15.1884	1	0	1440
52	  24.3042	  12.2778	1	0	1440
53	  21.4122	   6.3129	1	0	1440
54	   7.8379	   8.3939	1	0	1440
55	  16.2815	  21.1436	1	0	1440
56	  20.2709	  18.7061	1	0	1440
57	   3.2588	  19.7764	1	0	1440
58	  11.7273	  21.2249	1	0	1440
59	  14.2093	  24.5767	1	0	1440
60	  10.2380	  22.0370	1	0	1440
61	  21.4259	   3.7462	1	0	1440
62	   8.1431	  19.7114	1	0	1440
63	   5.1968	   3.8594	1	0	1440
64	   9.8998	   4.5010	1	0	1440
65	  10.8140	  23.9751	1	0	1440
66	  14.7058	   2.0955	1	0	1440
67	  20.8016	  11.2095	1	0	1440
68	  12.9507	  19.3287	1	0	1440
69	  15.5536	   4.2296	1	0	1440
70	  24.2546	   0.7916	1	0	1440
71	   1.2666	  20.6805	1	0	1440
72	   4.5378	   9.2601	1	0	1440
73	   7.9233	  12.6809	1	0	1440
74	  16.5403	  13.8713	1	0	1440
75	  17.6211	   7.6775	1	0	1440
76	  19.8659	   1.3322	1	0	1440
77	  21.5762	   0.9314	1	0	1440
78	   0.6093	  20.8181	1	0	1440
79	  15.8262	  24.8639	1	0	1440
80	  21.6097	  17.0929	1	0	1440
81	  20.5443	   1.1474	1	0	1440
82	   1.3530	   3.4676	1	0	1440
83	  16.5878	   5.3686	1	0	1440
84	  19.1958	   9.2089	1	0	1440
85	  24.2682	  18.1746	1	0	1440
86	  19.5069	   9.4506	1	0	1440
87	   5.0700	  16.0831	1	0	1440
88	   2.6797	  10.9913	1	0	1440
89	  10.8551	   2.7624	1	0	1440
90	   9.8671	  17.7382	1	0	1440
91	  17.2763	   1.4548	1	0	1440
92	  23.1068	  11.4721	1	0	1440
93	  10.6638	  11.1529	1	0	1440
94	   0.8512	  23.3078	1	0	1440
95	   5.8515	   0.1195	1	0	1440
96	  16.4824	   2.3214	1	0	1440
97	  11.7720	  24.3236	1	0	1440
98	  20.8085	  10.2669	1	0	1440
99	  11.7217	  13.3281	1	0	1440
100	  11.1833	  10.5372	-1	0	1440
101	  14.1309	  12.2723	-1	0	1440
102	   1.2111	  20.3313	-1	0	1440
103	  10.5988	   6.3994	-1	0	1440
104	  20.1187	   9.9768	-1	0	1440
105	  16.2713	  19.5330	-1	0	1440
106	  13.0461	  14.3791	-1	0	1440
107	   7.4983	  21.1595	-1	0	1440
108	  19.2536	  10.9893	-1	0	1440
109	  16.5798	   3.7631	-1	0	1440
110	  12.1040	  19.1251	-1	0	1440
111	  20.9973	  16.1137	-1	0	1440
112	  21.0859	  11.2678	-1	0	1440
113	  20.6932	   5.3325	-1	0	1440
114	   6.5271	   6.8639	-1	0	1440
115	  14.1798	  20.5542	-1	0	1440
116	  18.1842	  18.4694	-1	0	1440
117	   3.8830	  20.0204	-1	0	1440
118	  10.7968	  21.9293	-1	0	1440
119	  15.0204	  24.6779	-1	0	1440
120	  10.0316	  21.3795	-1	0	1440
121	  20.1833	   3.4351	-1	0	1440
122	   8.3427	  19.0206	-1	0	1440
123	   3.0070	   6.1032	-1	0	1440
124	   8.6747	   4.0972	-1	0	1440
125	  10.6305	  24.9277	-1	0	1440
126	  14.5503	   0.6500	-1	0	1440
127	  21.0730	  10.3762	-1	0	1440
128	  12.6440	  19.6986	-1	0	1440
129	  16.7437	   3.5937	-1	0	1440
130	  24.4810	   0.4082	-1	0	1440
131	   1.4885	  21.9957	-1	0	1440
132	   3.0827	   7.7035	-1	0	1440
133	   5.2646	  11.5966	-1	0	1440
134	  15.2213	  13.0848	-1	0	1440
135	  19.0263	   6.0050	-1	0	1440
136	  19.1049	   0.2373	-1	0	1440
137	  21.3681	   1.6471	-1	0	1440
138	   0.9453	  19.3472	-1	0	1440
139	  15.5495	  22.8139	-1	0	1440
140	  23.1649	  19.4259	-1	0	1440
141	  18.3121	   1.3089	-1	0	1440
142	   0.2283	   7.4909	-1	0	1440
143	  18.4257	   5.1766	-1	0	1440
144	  18.5733	   8.8567	-1	0	1440
145	  21.8605	  15.1109	-1	0	1440
146	  20.9624	   9.1924	-1	0	1440
147	   6.1527	  18.5059	-1	0	1440
148	   3.9098	  11.9518	-1	0	1440
149	   9.0305	   3.3876	-1	0	1440
150	   9.2016	  18.7341	-1	0	1440
151	  17.8239	   3.1314	-1	0	1440
152	  19.4567	  11.3930	-1	0	1440
153	  12.3778	   8.7132	-1	0	1440
154	   0.3998	  22.4831	-1	0	1440
155	   9.3269	   2.8967	-1	0	1440
156	  18.8466	   2.9270	-1	0	1440
157	  10.8600	  23.1860	-1	0	1440
158	  18.7254	  13.1473	-1	0	1440
159	  13.4992	  13.6608	-1	0	1440
160	  10.6504	  22.1656	0	0	1440
161	   9.9680	   6.3937	0	0	1440
162	  19.7704	  12.6528	0	0	1440
163	  16.0699	  20.2440	0	0	1440
164	   3.9715	  13.1201	0	0	1440
165	  10.8786	  19.9982	0	0	1440
166	  13.8283	   5.3245	0	0	1440
167	  12.9807	  10.9359	0	0	1440
168	  14.5748	   9.2333	0	0	1440
169	  18.0071	  23.7639	0	0	1440
170	  21.4699	  19.1341	0	0	1440
171	   2.0724	  22.1540	0	0	1440
172	  15.9598	   7.2031	0	0	1440
173	   3.1288	  18.9678	0	0	1440
174	  11.3434	  14.5976	0	0	1440
175	   7.0087	  20.5601	0	0	1440
176	   6.6525	   9.8891	0	0	1440
177	   7.2827	  17.6330	0	0	1440
178	  20.6496	  12.3955	0	0	1440
