24	5	25	25
0	   9.5361	   1.1726	3	564	564
1	   3.0251	  10.6166	3	1431	1431
2	  28.1458	  25.1390	3	513	513
3	  18.0960	   2.4926	3	32	32
4	  14.1452	   3.7315	3	1131	1131
5	  25.5828	  22.0625	3	1062	1062
6	  28.7831	   1.4589	3	436	436
7	   7.9196	  15.4079	3	1377	1377
8	   6.0728	   2.6909	3	54	54
9	  11.4471	  11.5458	3	466	466
10	  28.6716	  10.5137	3	186	186
11	  24.3388	  15.5813	3	1089	1089
12	   5.1728	  24.9325	3	741	741
13	   5.5492	  19.9510	3	337	337
14	   3.3369	  23.6451	3	592	592
15	  22.4436	  17.4822	3	536	536
16	  27.3766	  29.4181	3	548	548
17	  21.4806	  25.6414	3	327	327
18	  24.4184	  29.4002	3	1046	1046
19	  25.9831	   4.4813	3	978	978
20	  14.9949	  23.0068	3	76	76
21	  10.2360	   0.3914	3	1037	1037
22	  13.6393	  15.4088	3	528	528
23	  25.3239	   5.4444	3	695	695
24	  23.6068	   0.8731	3	1221	1221
25	  10.4549	   2.1283	-3	564	564
26	   1.4100	  12.1273	-3	1431	1431
27	  28.8738	  23.6340	-3	513	513
28	  20.4387	   6.9549	-3	32	32
29	  13.1602	   6.2315	-3	1131	1131
30	  26.8583	  22.9595	-3	1062	1062
31	  28.5972	   5.1637	-3	436	436
32	   5.1082	  18.5041	-3	1377	1377
33	   0.8383	   2.3093	-3	54	54
34	  13.3940	  15.9924	-3	466	466
35	  28.8317	  14.5311	-3	186	186
36	  23.0342	  17.1221	-3	1089	1089
37	   7.7404	  24.4314	-3	741	741
38	   3.6498	  16.3471	-3	337	337
39	   3.7812	  22.8795	-3	592	592
40	  22.3886	  17.5392	-3	536	536
41	  26.8334	  25.3366	-3	548	548
42	  24.7888	  25.0903	-3	327	327
43	  28.6680	  24.6547	-3	1046	1046
44	  26.6657	   6.3173	-3	978	978
45	  15.8787	  19.7481	-3	76	76
46	   5.6534	   3.7651	-3	1037	1037
47	  16.0538	  14.3790	-3	528	528
48	  21.3182	   9.3833	-3	695	695
49	  20.1992	   1.3773	-3	1221	1221
50	  24.5183	  17.8390	1	0	1440
51	  14.4259	  21.8949	1	0	1440
52	  17.2571	  11.2842	1	0	1440
53	   6.9256	   9.2727	1	0	1440
54	   5.0971	  28.5481	1	0	1440
55	  23.2028	  20.6483	1	0	1440
56	  26.7718	   3.4388	1	0	1440
57	  21.0397	  10.4111	1	0	1440
58	  15.8555	  12.4544	1	0	1440
59	   0.0088	   0.3418	1	0	1440
60	  28.8899	  10.0484	1	0	1440
61	   8.8709	  22.0926	1	0	1440
62	   8.0999	   1.9093	1	0	1440
63	  29.2454	  23.6820	1	0	1440
64	  17.1975	  27.0222	1	0	1440
65	  27.3640	   1.2998	1	0	1440
66	  11.3482	   1.1830	1	0	1440
67	  18.3465	  12.0449	1	0	1440
68	   6.8257	  13.8779	1	0	1440
69	   6.5410	  24.2960	1	0	1440
70	  14.9362	  22.0314	1	0	1440
71	  19.7387	  28.9341	1	0	1440
72	  10.5080	  26.9564	1	0	1440
73	  11.2657	  27.0823	1	0	1440
74	  26.9049	  17.2063	-1	0	1440
75	   9.0837	  23.3564	-1	0	1440
76	  16.4733	  11.9180	-1	0	1440
77	   0.0555	  10.7413	-1	0	1440
78	   0.6123	  28.3571	-1	0	1440
79	  18.8476	  16.3636	-1	0	1440
80	  27.7768	   3.2228	-1	0	1440
81	  17.2367	  11.2509	-1	0	1440
82	  13.2071	   6.3163	-1	0	1440
83	   1.3218	  14.3093	-1	0	1440
84	  28.2569	  11.8812	-1	0	1440
85	  10.6128	  18.4235	-1	0	1440
86	   5.3707	  11.6044	-1	0	1440
87	  26.7030	  27.2780	-1	0	1440
88	  22.3121	  26.2539	-1	0	1440
89	  19.2086	  12.4148	-1	0	1440
90	  10.6831	   3.2569	-1	0	1440
91	  13.4866	  21.9305	-1	0	1440
92	   4.1452	  15.4176	-1	0	1440
93	  12.4784	  23.7385	-1	0	1440
94	   4.4376	  24.2020	-1	0	1440
95	  27.6883	  25.5490	-1	0	1440
96	  25.3703	  11.2932	-1	0	1440
97	   4.6210	  29.8214	-1	0	1440
98	  25.8243	  17.8315	-1	0	1440
99	  21.8052	   8.1979	0	0	1440
100	   4.6744	  10.1896	0	0	1440
101	   4.3950	   5.1059	0	0	1440
102	  15.3965	  20.6325	0	0	1440
103	  25.0848	  12.0338	0	0	1440
104	  25.5314	  21.7363	0	0	1440
105	  17.1607	   7.8575	0	0	1440
106	  10.9448	  18.6823	0	0	1440
107	  11.0493	  23.2922	0	0	1440
108	   9.3981	  11.7549	0	0	1440
109	  25.3954	  26.9437	0	0	1440
110	  29.0899	  23.8240	0	0	1440
111	   6.9745	   9.3762	0	0	1440
112	   4.0763	  11.2657	0	0	1440
113	  25.0506	  18.7964	0	0	1440
114	   7.2178	   7.9490	0	0	1440
115	   6.8831	  11.8298	0	0	1440
116	   8.1380	  17.9749	0	0	1440
117	  14.8543	   8.7378	0	0	1440
118	   2.5650	   1.1721	0	0	1440
119	   7.0915	  12.2501	0	0	1440
120	   4.4400	   3.2827	0	0	1440
121	  23.7478	  20.3494	0	0	1440
122	   0.6967	   5.6427	0	0	1440
