20	5	40	40
0	  37.7514	-122.3944	0	0	540	1140
1	  37.7864	-122.4150	0	3	582	642
2	  37.8573	-122.2544	0	3	825	885
3	  37.8084	-122.4100	0	3	1014	1074
4	  37.7600	-122.3964	0	3	875	935
5	  37.6152	-122.3846	0	3	922	982
6	  37.7913	-122.4230	0	3	859	919
7	  37.7833	-122.4406	0	3	979	1039
8	  37.7914	-122.4076	0	3	654	714
9	  37.7742	-122.3987	0	3	598	658
10	  37.7802	-122.4128	0	3	954	1014
11	  37.7696	-122.4503	0	3	851	911
12	  37.7974	-122.4153	0	3	723	783
13	  37.7972	-122.4342	0	3	783	843
14	  37.7877	-122.4049	0	3	753	813
15	  37.7863	-122.4051	0	3	796	856
16	  37.7870	-122.4111	0	3	561	621
17	  37.7885	-122.4364	0	3	905	965
18	  37.7876	-122.4103	0	3	918	978
19	  37.7884	-122.4032	0	3	847	907
20	  37.9899	-122.3118	0	3	546	606
21	  37.7942	-122.4047	0	3	940	1000
22	  37.6180	-122.3860	0	3	646	706
23	  37.7896	-122.4293	0	3	748	808
24	  37.7946	-122.4029	0	3	602	662
25	  37.7974	-122.4153	0	3	723	783
26	  37.8019	-122.4390	0	3	718	778
27	  37.8005	-122.4006	0	3	621	681
28	  37.8037	-122.4436	0	3	923	983
29	  37.7912	-122.3982	0	3	826	886
30	  37.7900	-122.4326	0	3	762	822
31	  37.7946	-122.3958	0	3	739	799
32	  37.7902	-122.4002	0	3	620	680
33	  37.7908	-122.4325	0	3	772	832
34	  37.7942	-122.4047	0	3	940	1000
35	  37.6148	-122.3896	0	3	855	915
36	  37.6163	-122.3860	0	3	647	707
37	  37.7843	-122.4326	0	3	840	900
38	  37.6706	-122.3919	0	3	872	932
39	  37.7915	-122.3982	0	3	606	666
40	  37.7398	-122.4024	0	3	837	897
41	  37.8062	-122.4184	0	1	540	1020
42	  37.7618	-122.4211	0	1	540	1020
43	  37.7869	-122.4049	0	1	540	1020
44	  37.8031	-122.4198	0	1	540	1020
45	  37.7867	-122.4028	0	1	540	1020
46	  37.7809	-122.4326	0	1	540	1020
47	  37.7684	-122.3910	0	1	540	1020
48	  37.8055	-122.4053	0	1	540	1020
49	  37.7968	-122.4051	0	1	540	1020
50	  37.7866	-122.4145	0	1	540	1020
51	  37.7915	-122.4122	0	1	540	1020
52	  37.7917	-122.3980	0	1	540	1020
53	  37.7764	-122.3959	0	1	540	1020
54	  37.7760	-122.4466	0	1	540	1020
55	  37.8085	-122.4135	0	1	540	1020
56	  37.7917	-122.3980	0	1	540	1020
57	  37.7811	-122.4626	0	1	540	1020
58	  37.8001	-122.4044	0	1	540	1020
59	  37.7255	-122.4029	0	1	540	1020
60	  37.7243	-122.3983	0	1	540	1020
61	  37.7907	-122.4005	0	1	540	1020
62	  37.7750	-122.4039	0	1	540	1020
63	  37.7950	-122.4183	0	1	540	1020
64	  37.8011	-122.4194	0	1	540	1020
65	  37.8069	-122.4191	0	1	540	1020
66	  37.7918	-122.3980	0	1	540	1020
67	  37.7996	-122.4227	0	1	540	1020
68	  37.8002	-122.4475	0	1	540	1020
69	  37.7766	-122.3922	0	1	540	1020
70	  37.7929	-122.3975	0	1	540	1020
71	  37.6179	-122.3858	0	1	540	1020
72	  37.7907	-122.4005	0	1	540	1020
73	  37.7255	-122.4029	0	1	540	1020
74	  37.7750	-122.4039	0	1	540	1020
75	  37.7927	-122.3941	0	1	540	1020
76	  37.7867	-122.4028	0	1	540	1020
77	  37.8066	-122.4140	0	1	540	1020
78	  37.8002	-122.4311	0	1	540	1020
79	  37.7771	-122.4232	0	1	540	1020
80	  37.7899	-122.4309	0	1	540	1020
81	  37.7927	-122.4025	0	-3	593	683
82	  37.7572	-122.4189	0	-3	938	1028
83	  37.8084	-122.4105	0	-3	1015	1105
84	  37.7921	-122.3945	0	-3	906	996
85	  37.7604	-122.3934	0	-3	1034	1124
86	  37.7923	-122.4109	0	-3	867	957
87	  37.7893	-122.4157	0	-3	991	1081
88	  37.7887	-122.4388	0	-3	674	764
89	  37.7785	-122.3962	0	-3	603	693
90	  37.7817	-122.4110	0	-3	955	1045
91	  37.6161	-122.3883	0	-3	922	1012
92	  37.7944	-122.3988	0	-3	730	820
93	  37.7740	-122.4088	0	-3	799	889
94	  37.7887	-122.4202	0	-3	757	847
95	  37.7835	-122.3993	0	-3	798	888
96	  37.7880	-122.4021	0	-3	580	670
97	  37.7812	-122.4059	0	-3	926	1016
98	  37.7868	-122.4101	0	-3	918	1008
99	  37.7982	-122.4228	0	-3	856	946
100	  37.7837	-122.3901	0	-3	640	730
101	  37.7924	-122.4037	0	-3	1067	1140
102	  37.7852	-122.4047	0	-3	709	799
103	  37.7908	-122.4310	0	-3	749	839
104	  37.7871	-122.3994	0	-3	629	719
105	  37.7944	-122.3988	0	-3	730	820
106	  37.8002	-122.4410	0	-3	720	810
107	  37.7982	-122.4011	0	-3	630	720
108	  37.8002	-122.4413	0	-3	924	1014
109	  37.7927	-122.3983	0	-3	828	918
110	  37.7907	-122.4325	0	-3	763	853
111	  37.7772	-122.4072	0	-3	762	852
112	  37.7962	-122.4218	0	-3	635	725
113	  37.7910	-122.4326	0	-3	774	864
114	  37.7924	-122.4037	0	-3	1067	1140
115	  37.7827	-122.4612	0	-3	933	1023
116	  37.6164	-122.3880	0	-3	703	793
117	  37.7836	-122.4344	0	-3	853	943
118	  37.7796	-122.3935	0	-3	910	1000
119	  37.7927	-122.4034	0	-3	613	703
120	  37.7398	-122.4025	0	-3	853	943
121	  37.8004	-122.4105	0	-1	540	1020
122	  37.7622	-122.4218	0	-1	540	1020
123	  37.7811	-122.4016	0	-1	540	1020
124	  37.7887	-122.4053	0	-1	540	1020
125	  37.7948	-122.4014	0	-1	540	1020
126	  37.7757	-122.4329	0	-1	540	1020
127	  37.7921	-122.4004	0	-1	540	1020
128	  37.7897	-122.4206	0	-1	540	1020
129	  37.7975	-122.4059	0	-1	540	1020
130	  37.7884	-122.4067	0	-1	540	1020
131	  37.7880	-122.4028	0	-1	540	1020
132	  37.7911	-122.3988	0	-1	540	1020
133	  37.7757	-122.3969	0	-1	540	1020
134	  37.7739	-122.4341	0	-1	540	1020
135	  37.8081	-122.4158	0	-1	540	1020
136	  37.7911	-122.3988	0	-1	540	1020
137	  37.7807	-122.4704	0	-1	540	1020
138	  37.8009	-122.4016	0	-1	540	1020
139	  37.7587	-122.4168	0	-1	540	1020
140	  37.7712	-122.4108	0	-1	540	1020
141	  37.7907	-122.4005	0	-1	540	1020
142	  37.7936	-122.3984	0	-1	540	1020
143	  37.7924	-122.4033	0	-1	540	1020
144	  37.7974	-122.4322	0	-1	540	1020
145	  37.8073	-122.4149	0	-1	540	1020
146	  37.7917	-122.3980	0	-1	540	1020
147	  37.7963	-122.4220	0	-1	540	1020
148	  37.7995	-122.4235	0	-1	540	1020
149	  37.7821	-122.3925	0	-1	540	1020
150	  37.7926	-122.3978	0	-1	540	1020
151	  37.6740	-122.3896	0	-1	540	1020
152	  37.7907	-122.4005	0	-1	540	1020
153	  37.7587	-122.4168	0	-1	540	1020
154	  37.7936	-122.3984	0	-1	540	1020
155	  37.7924	-122.3942	0	-1	540	1020
156	  37.7948	-122.4014	0	-1	540	1020
157	  37.8066	-122.4139	0	-1	540	1020
158	  37.7990	-122.4242	0	-1	540	1020
159	  37.7771	-122.4232	0	-1	540	1020
160	  37.7782	-122.4283	0	-1	540	1020
