15	5	30	40
0	  37.7514	-122.3944	0	0	540	1140
1	  37.7625	-122.4577	0	3	796	856
2	  37.7934	-122.4111	0	3	753	813
3	  37.9899	-122.3118	0	3	546	606
4	  37.7876	-122.4086	0	3	984	1044
5	  37.6649	-122.3973	0	3	542	602
6	  37.7941	-122.4083	0	3	852	912
7	  37.7891	-122.4014	0	3	1007	1067
8	  37.7257	-122.4238	0	3	877	937
9	  37.7625	-122.4577	0	3	796	856
10	  37.7972	-122.4342	0	3	783	843
11	  37.7811	-122.3898	0	3	966	1026
12	  37.7786	-122.3970	0	3	744	804
13	  37.7885	-122.4070	0	3	926	986
14	  37.6148	-122.3855	0	3	943	1003
15	  37.7885	-122.4364	0	3	905	965
16	  37.8005	-122.4006	0	3	621	681
17	  37.7912	-122.4241	0	3	922	982
18	  37.7786	-122.3970	0	3	744	804
19	  37.7751	-122.4056	0	3	1003	1063
20	  37.7864	-122.4150	0	3	582	642
21	  37.7891	-122.4014	0	3	1007	1067
22	  37.7816	-122.4145	0	3	891	951
23	  37.7758	-122.3950	0	3	569	629
24	  37.7931	-122.3985	0	3	963	1023
25	  37.7696	-122.4503	0	3	851	911
26	  37.7768	-122.3953	0	3	668	728
27	  37.7864	-122.4150	0	3	582	642
28	  37.8076	-122.4203	0	3	989	1049
29	  37.7649	-122.4314	0	3	993	1053
30	  37.7687	-122.4130	0	3	594	654
31	  37.7867	-122.4028	0	1	540	1020
32	  37.7880	-122.4042	0	1	540	1020
33	  37.7914	-122.3976	0	1	540	1020
34	  37.7853	-122.4000	0	1	540	1020
35	  37.7917	-122.4159	0	1	540	1020
36	  37.7243	-122.3983	0	1	540	1020
37	  37.7437	-122.4212	0	1	540	1020
38	  37.7917	-122.4159	0	1	540	1020
39	  37.7823	-122.3997	0	1	540	1020
40	  37.7754	-122.4660	0	1	540	1020
41	  37.7915	-122.4122	0	1	540	1020
42	  37.7868	-122.4067	0	1	540	1020
43	  37.6754	-122.3890	0	1	540	1020
44	  37.8062	-122.4184	0	1	540	1020
45	  37.7574	-122.4126	0	1	540	1020
46	  37.7950	-122.4183	0	1	540	1020
47	  37.7836	-122.4315	0	1	540	1020
48	  37.7853	-122.4000	0	1	540	1020
49	  37.8063	-122.4047	0	1	540	1020
50	  37.8031	-122.4198	0	1	540	1020
51	  37.7618	-122.4211	0	1	540	1020
52	  37.8078	-122.4108	0	1	540	1020
53	  37.7618	-122.4211	0	1	540	1020
54	  37.6163	-122.3903	0	1	540	1020
55	  37.7899	-122.4309	0	1	540	1020
56	  37.8066	-122.4140	0	1	540	1020
57	  37.8002	-122.4311	0	1	540	1020
58	  37.8085	-122.4135	0	1	540	1020
59	  37.5185	-122.2610	0	1	540	1020
60	  37.7792	-122.3955	0	1	540	1020
61	  37.6166	-122.3881	0	1	540	1020
62	  37.8038	-122.4250	0	1	540	1020
63	  37.8081	-122.4158	0	1	540	1020
64	  37.7884	-122.4073	0	1	540	1020
65	  37.7932	-122.3977	0	1	540	1020
66	  37.7856	-122.3972	0	1	540	1020
67	  37.7899	-122.4309	0	1	540	1020
68	  37.7890	-122.4187	0	1	540	1020
69	  37.7904	-122.3966	0	1	540	1020
70	  37.8038	-122.4250	0	1	540	1020
71	  37.7624	-122.4659	0	-3	800	890
72	  37.7951	-122.4002	0	-3	774	864
73	  37.7837	-122.3901	0	-3	640	730
74	  37.7906	-122.4174	0	-3	1005	1095
75	  37.7767	-122.3954	0	-3	586	676
76	  37.7911	-122.4082	0	-3	900	990
77	  37.7914	-122.3967	0	-3	1009	1099
78	  37.7443	-122.4218	0	-3	890	980
79	  37.7624	-122.4659	0	-3	800	890
80	  37.7740	-122.4088	0	-3	799	889
81	  37.7909	-122.3990	0	-3	977	1067
82	  37.7825	-122.3909	0	-3	768	858
83	  37.7891	-122.4018	0	-3	928	1018
84	  37.7762	-122.3982	0	-3	1002	1092
85	  37.7812	-122.4059	0	-3	926	1016
86	  37.7982	-122.4011	0	-3	630	720
87	  37.7906	-122.3963	0	-3	999	1089
88	  37.7825	-122.3909	0	-3	768	858
89	  37.7803	-122.3909	0	-3	1018	1108
90	  37.7927	-122.4025	0	-3	593	683
91	  37.7914	-122.3967	0	-3	1009	1099
92	  37.7962	-122.4192	0	-3	900	990
93	  37.7722	-122.4304	0	-3	630	720
94	  37.8031	-122.4115	0	-3	1017	1107
95	  37.6161	-122.3883	0	-3	922	1012
96	  37.7897	-122.3905	0	-3	724	814
97	  37.7927	-122.4025	0	-3	593	683
98	  37.7996	-122.4094	0	-3	994	1084
99	  37.7590	-122.4327	0	-3	1001	1091
100	  37.7920	-122.4003	0	-3	642	732
101	  37.7948	-122.4014	0	-1	540	1020
102	  37.7874	-122.4048	0	-1	540	1020
103	  37.7911	-122.3996	0	-1	540	1020
104	  37.7963	-122.4004	0	-1	540	1020
105	  37.7908	-122.4174	0	-1	540	1020
106	  37.7712	-122.4108	0	-1	540	1020
107	  37.7434	-122.4213	0	-1	540	1020
108	  37.7908	-122.4174	0	-1	540	1020
109	  37.7903	-122.3912	0	-1	540	1020
110	  37.7632	-122.4587	0	-1	540	1020
111	  37.7880	-122.4028	0	-1	540	1020
112	  37.7811	-122.4624	0	-1	540	1020
113	  37.6762	-122.3886	0	-1	540	1020
114	  37.8004	-122.4105	0	-1	540	1020
115	  37.8014	-122.4317	0	-1	540	1020
116	  37.7924	-122.4033	0	-1	540	1020
117	  37.7950	-122.4215	0	-1	540	1020
118	  37.7963	-122.4004	0	-1	540	1020
119	  37.8077	-122.4122	0	-1	540	1020
120	  37.7887	-122.4053	0	-1	540	1020
121	  37.7622	-122.4218	0	-1	540	1020
122	  37.7908	-122.4183	0	-1	540	1020
123	  37.7622	-122.4218	0	-1	540	1020
124	  37.6172	-122.3874	0	-1	540	1020
125	  37.7782	-122.4283	0	-1	540	1020
126	  37.8066	-122.4139	0	-1	540	1020
127	  37.7990	-122.4242	0	-1	540	1020
128	  37.8081	-122.4158	0	-1	540	1020
129	  37.7885	-122.4034	0	-1	540	1020
130	  37.7844	-122.4084	0	-1	540	1020
131	  37.6164	-122.3881	0	-1	540	1020
132	  37.8082	-122.4160	0	-1	540	1020
133	  37.8076	-122.4158	0	-1	540	1020
134	  37.7860	-122.4121	0	-1	540	1020
135	  37.7872	-122.4090	0	-1	540	1020
136	  37.7853	-122.4001	0	-1	540	1020
137	  37.7782	-122.4283	0	-1	540	1020
138	  37.7843	-122.4168	0	-1	540	1020
139	  37.7868	-122.4014	0	-1	540	1020
140	  37.8082	-122.4160	0	-1	540	1020
