2014-04-23 00:58:46 WARN  DiskStorePathManager:162 - diskStorePath 'C:\Users\MSTOBBE\AppData\Local\Temp\2' is already used by an existing CacheManager either in the same VM or in a different process.
The diskStore path for this CacheManager will be set to C:\Users\MSTOBBE\AppData\Local\Temp\2\ehcache_auto_created3336677396388888061diskstore.
To avoid this warning consider using the CacheManager factory methods to create a singleton CacheManager or specifying a separate ehcache configuration (ehcache.xml) for each CacheManager instance.
2014-04-23 00:58:46 INFO  DataDomainProvider:253 - setting DataNode 'datanode' as default, used by all unlinked DataMaps
2014-04-23 00:58:47 INFO  EhCacheManager:159 - Cache with name 'nl.tue.opac.concoord.NoPasswordRealm.authorizationCache' does not yet exist.  Creating now.
2014-04-23 00:58:47 INFO  EhCacheManager:166 - Added EhCache named [nl.tue.opac.concoord.NoPasswordRealm.authorizationCache]
2014-04-23 00:58:47 INFO  AbstractValidatingSessionManager:224 - Enabling session validation scheduler...
2014-04-23 00:58:49 INFO  UpdateChecker:80 - This is the latest GA release.
feasirouteall [[0, 2, 98, 95, 122, 27, 52, 147, 218, 215, 99, 172, 74, 219, 38, 78, 41, 161, 194, 158, 198, 241], [0, 15, 55, 20, 135, 13, 140, 175, 133, 75, 48, 168, 195, 112, 49, 14, 47, 110, 134, 232, 169, 167, 230, 241], [0, 5, 12, 24, 96, 84, 125, 132, 56, 144, 216, 7, 204, 127, 176, 46, 166, 73, 118, 108, 193, 228, 238, 241], [0, 8, 44, 19, 105, 139, 128, 67, 164, 72, 225, 187, 116, 192, 236, 97, 77, 217, 57, 177, 197, 241], [0, 79, 199, 93, 213, 64, 43, 40, 163, 184, 21, 160, 91, 211, 101, 141, 35, 221, 88, 155, 92, 208, 212, 241], [0, 11, 131, 65, 63, 71, 183, 185, 6, 82, 126, 191, 31, 100, 202, 220, 4, 33, 124, 151, 153, 241], [0, 37, 83, 80, 89, 60, 203, 157, 200, 180, 209, 90, 210, 59, 53, 120, 9, 129, 173, 17, 179, 240, 137, 115, 235, 241], [0, 36, 70, 54, 81, 190, 156, 62, 174, 201, 68, 76, 113, 182, 196, 233, 34, 188, 154, 51, 16, 86, 136, 171, 206, 241], [0, 3, 123, 109, 117, 94, 39, 214, 119, 229, 237, 239, 159, 58, 50, 178, 23, 143, 87, 207, 170, 66, 45, 186, 165, 241], [0, 28, 1, 114, 22, 18, 148, 142, 121, 234, 138, 107, 111, 106, 30, 227, 231, 61, 102, 150, 226, 104, 224, 222, 181, 241], [0, 25, 145, 10, 32, 85, 26, 130, 146, 205, 42, 152, 69, 162, 29, 189, 103, 149, 223, 241]]
feasibenefit 811.448757127986
lastindex 19879 21501
time	2999
2014-04-23 01:58:47 INFO  AbstractValidatingSessionManager:265 - Validating all active sessions...
2014-04-23 01:58:47 INFO  AbstractValidatingSessionManager:298 - Finished session validation.  [1] sessions were stopped.
feasirouteall [[0, 1, 114, 18, 121, 234, 138, 60, 21, 180, 16, 141, 136, 118, 108, 228, 238, 241], [0, 10, 3, 123, 95, 130, 52, 63, 215, 183, 172, 101, 35, 221, 34, 154, 51, 86, 155, 17, 137, 171, 206, 241], [0, 19, 117, 26, 237, 139, 146, 64, 37, 83, 80, 203, 157, 48, 168, 184, 200, 4, 29, 124, 45, 149, 57, 177, 165, 241], [0, 8, 93, 44, 84, 213, 128, 43, 164, 119, 163, 204, 68, 239, 77, 106, 30, 188, 197, 73, 226, 150, 104, 224, 193, 241], [0, 79, 82, 199, 89, 209, 54, 174, 202, 97, 113, 87, 207, 59, 217, 14, 134, 233, 179, 92, 212, 241], [0, 11, 131, 109, 70, 71, 27, 147, 229, 99, 72, 190, 191, 31, 219, 192, 103, 112, 9, 151, 129, 223, 88, 232, 208, 241], [0, 25, 145, 105, 36, 85, 225, 32, 42, 152, 156, 205, 62, 162, 182, 50, 47, 170, 66, 167, 186, 241], [0, 15, 135, 5, 28, 96, 81, 148, 125, 39, 159, 40, 216, 201, 160, 116, 111, 107, 53, 120, 236, 240, 173, 231, 227, 241], [0, 12, 24, 6, 13, 133, 132, 144, 126, 7, 127, 76, 110, 196, 46, 61, 102, 166, 222, 230, 181, 241], [0, 98, 2, 122, 218, 94, 22, 67, 214, 75, 142, 187, 195, 74, 38, 41, 78, 161, 91, 33, 194, 211, 158, 198, 153, 115, 235, 241], [0, 65, 55, 20, 185, 140, 175, 69, 56, 100, 189, 90, 220, 58, 176, 178, 23, 143, 210, 49, 169, 241]]
feasibenefit 801.281533887458
lastindex 24418 25001
time	3408
2014-04-23 02:58:48 INFO  AbstractValidatingSessionManager:265 - Validating all active sessions...
2014-04-23 02:58:48 INFO  AbstractValidatingSessionManager:298 - Finished session validation.  No sessions were stopped.
feasirouteall [[0, 15, 135, 105, 225, 83, 37, 80, 203, 75, 200, 157, 74, 195, 116, 236, 103, 9, 194, 33, 57, 223, 129, 153, 61, 177, 181, 241], [0, 65, 19, 55, 139, 175, 24, 185, 5, 125, 144, 22, 142, 101, 35, 59, 87, 207, 221, 14, 134, 179, 155, 92, 212, 241], [0, 25, 13, 145, 11, 131, 117, 133, 84, 96, 43, 204, 237, 163, 40, 216, 34, 90, 4, 160, 124, 154, 210, 17, 137, 241], [0, 3, 98, 2, 123, 109, 122, 95, 215, 218, 229, 119, 67, 187, 62, 239, 54, 182, 174, 7, 127, 68, 76, 196, 50, 23, 143, 77, 170, 188, 197, 241], [0, 8, 93, 44, 39, 213, 128, 63, 164, 159, 183, 112, 53, 120, 240, 173, 88, 232, 208, 241], [0, 28, 94, 1, 214, 81, 148, 201, 72, 121, 192, 6, 126, 97, 107, 111, 30, 106, 227, 231, 217, 102, 150, 226, 222, 104, 224, 241], [0, 26, 70, 64, 146, 190, 184, 48, 168, 21, 78, 38, 41, 31, 198, 141, 161, 158, 151, 241], [0, 20, 10, 12, 140, 27, 130, 147, 71, 18, 132, 36, 99, 156, 138, 191, 219, 45, 66, 73, 186, 165, 193, 241], [0, 79, 85, 205, 82, 199, 89, 42, 202, 162, 91, 209, 16, 211, 51, 86, 136, 49, 169, 171, 206, 241], [0, 113, 56, 176, 46, 233, 47, 110, 166, 118, 167, 108, 230, 228, 238, 241], [0, 114, 32, 152, 234, 69, 52, 172, 100, 60, 189, 180, 220, 58, 178, 29, 149, 115, 235, 241]]
feasibenefit 838.9127091116032
lastindex 14823 18301
time	1906
feasirouteall [[0, 10, 93, 24, 213, 95, 130, 215, 67, 144, 22, 142, 187, 29, 101, 149, 35, 59, 221, 14, 134, 179, 92, 155, 212, 241], [0, 15, 135, 44, 94, 214, 119, 71, 164, 239, 62, 191, 182, 100, 60, 180, 220, 58, 50, 178, 170, 34, 154, 66, 186, 118, 238, 241], [0, 69, 99, 219, 38, 41, 78, 189, 161, 33, 158, 106, 198, 153, 226, 45, 73, 193, 165, 241], [0, 13, 79, 133, 64, 83, 203, 80, 199, 89, 184, 200, 209, 90, 16, 51, 210, 49, 136, 169, 171, 241], [0, 84, 96, 39, 159, 216, 204, 7, 127, 23, 143, 47, 46, 86, 61, 102, 166, 167, 222, 181, 206, 241], [0, 11, 131, 1, 114, 81, 201, 234, 42, 121, 162, 30, 103, 53, 110, 173, 223, 150, 230, 241], [0, 55, 20, 65, 2, 122, 85, 140, 175, 205, 185, 12, 132, 75, 37, 157, 116, 195, 31, 111, 107, 120, 236, 240, 151, 227, 231, 241], [0, 19, 117, 26, 237, 139, 146, 32, 6, 82, 152, 126, 18, 138, 202, 108, 228, 241], [0, 105, 8, 28, 5, 128, 225, 148, 125, 48, 168, 21, 91, 141, 113, 112, 9, 211, 129, 88, 233, 17, 232, 137, 208, 241], [0, 25, 3, 145, 123, 98, 52, 70, 218, 43, 72, 163, 40, 172, 190, 192, 74, 4, 160, 57, 194, 124, 177, 241], [0, 109, 63, 27, 147, 229, 36, 54, 156, 56, 183, 174, 68, 76, 196, 176, 97, 87, 77, 207, 188, 217, 115, 235, 197, 104, 224, 241]]
feasibenefit 859.3819186567598
lastindex 17300 17301
time	1936
2014-04-23 03:58:48 INFO  AbstractValidatingSessionManager:265 - Validating all active sessions...
2014-04-23 03:58:48 INFO  AbstractValidatingSessionManager:298 - Finished session validation.  No sessions were stopped.
feasirouteall [[0, 5, 13, 28, 133, 81, 125, 148, 39, 159, 56, 201, 68, 76, 176, 50, 196, 23, 143, 188, 170, 66, 186, 118, 108, 238, 228, 241], [0, 83, 82, 89, 74, 209, 194, 203, 202, 107, 9, 106, 227, 129, 61, 115, 181, 226, 104, 224, 235, 241], [0, 20, 19, 117, 24, 140, 139, 43, 237, 144, 163, 7, 127, 110, 47, 14, 134, 49, 169, 167, 230, 241], [0, 79, 93, 199, 8, 84, 213, 128, 204, 18, 36, 54, 62, 156, 42, 138, 174, 182, 162, 101, 4, 33, 124, 153, 221, 30, 45, 150, 165, 241], [0, 44, 11, 131, 1, 94, 214, 63, 164, 183, 121, 38, 41, 78, 91, 161, 211, 158, 198, 241], [0, 105, 2, 122, 119, 239, 225, 37, 157, 100, 103, 223, 220, 46, 86, 51, 102, 166, 171, 222, 206, 241], [0, 10, 3, 123, 130, 52, 70, 67, 75, 187, 190, 172, 195, 116, 111, 236, 53, 35, 231, 59, 173, 88, 155, 92, 179, 208, 212, 241], [0, 15, 55, 135, 32, 6, 12, 175, 64, 132, 152, 126, 48, 168, 184, 21, 16, 141, 87, 77, 136, 207, 197, 241], [0, 25, 145, 98, 109, 229, 95, 27, 215, 218, 147, 71, 99, 72, 192, 191, 219, 31, 97, 113, 120, 112, 151, 217, 240, 17, 233, 232, 137, 241], [0, 26, 65, 22, 85, 146, 205, 185, 80, 142, 60, 200, 180, 90, 210, 58, 178, 34, 154, 57, 177, 73, 193, 241], [0, 114, 96, 234, 69, 216, 40, 29, 189, 160, 149, 241]]
feasibenefit 816.3598423745804
lastindex 16697 16901
time	1752
2014-04-23 04:58:49 INFO  AbstractValidatingSessionManager:265 - Validating all active sessions...
2014-04-23 04:58:49 INFO  AbstractValidatingSessionManager:298 - Finished session validation.  No sessions were stopped.
feasirouteall [[0, 26, 65, 114, 32, 146, 152, 234, 185, 89, 38, 60, 21, 180, 209, 141, 158, 241], [0, 5, 85, 13, 205, 133, 125, 39, 75, 159, 99, 29, 195, 31, 219, 45, 149, 57, 151, 177, 165, 241], [0, 109, 70, 52, 40, 229, 190, 172, 41, 78, 160, 161, 198, 106, 73, 226, 104, 224, 193, 241], [0, 3, 10, 123, 98, 2, 95, 130, 122, 218, 27, 215, 147, 68, 76, 113, 233, 196, 23, 143, 30, 188, 61, 102, 115, 150, 222, 181, 235, 241], [0, 79, 44, 93, 199, 213, 43, 63, 119, 164, 163, 72, 239, 183, 74, 192, 103, 9, 35, 194, 223, 129, 155, 92, 212, 241], [0, 20, 55, 25, 145, 140, 175, 64, 37, 83, 203, 157, 48, 168, 184, 33, 116, 107, 111, 236, 87, 153, 227, 59, 231, 17, 179, 137, 207, 241], [0, 67, 22, 80, 187, 142, 4, 90, 200, 16, 124, 210, 14, 110, 47, 134, 136, 49, 169, 167, 230, 241], [0, 117, 19, 105, 139, 225, 54, 237, 69, 34, 174, 100, 189, 91, 211, 154, 51, 220, 86, 88, 208, 171, 206, 241], [0, 8, 12, 128, 71, 18, 36, 132, 62, 156, 42, 191, 138, 182, 162, 101, 112, 120, 53, 240, 232, 221, 173, 241], [0, 28, 11, 131, 94, 1, 84, 81, 214, 148, 56, 121, 201, 204, 7, 127, 176, 58, 50, 178, 46, 170, 166, 118, 108, 238, 228, 241], [0, 15, 135, 96, 24, 6, 82, 202, 144, 216, 126, 97, 77, 217, 197, 66, 186, 241]]
feasibenefit 773.7062677899875
lastindex 18276 22001
time	2876
feasirouteall [[0, 117, 237, 95, 215, 52, 70, 22, 75, 142, 172, 195, 190, 100, 101, 35, 221, 220, 86, 155, 92, 206, 212, 241], [0, 65, 109, 229, 36, 18, 32, 6, 185, 152, 126, 156, 138, 74, 116, 9, 236, 97, 77, 197, 194, 16, 129, 217, 136, 241], [0, 79, 93, 199, 82, 80, 213, 202, 60, 200, 180, 58, 178, 61, 102, 181, 222, 104, 224, 241], [0, 13, 133, 64, 63, 40, 183, 48, 184, 168, 21, 160, 33, 91, 211, 141, 153, 66, 186, 118, 108, 238, 228, 241], [0, 8, 3, 123, 26, 128, 146, 37, 83, 203, 157, 90, 210, 107, 111, 106, 30, 227, 231, 57, 45, 226, 150, 177, 165, 241], [0, 94, 39, 214, 81, 67, 43, 159, 163, 99, 201, 187, 219, 53, 120, 103, 112, 232, 240, 173, 223, 115, 235, 241], [0, 98, 2, 122, 218, 85, 205, 24, 12, 132, 54, 119, 144, 62, 182, 174, 239, 68, 76, 23, 143, 87, 207, 188, 59, 196, 88, 17, 179, 208, 137, 241], [0, 10, 105, 130, 27, 147, 96, 225, 216, 113, 49, 14, 233, 47, 110, 134, 169, 167, 230, 241], [0, 25, 145, 5, 28, 11, 131, 114, 1, 84, 125, 148, 56, 121, 234, 7, 204, 34, 127, 176, 46, 50, 51, 154, 170, 166, 171, 241], [0, 15, 19, 55, 135, 20, 139, 140, 175, 72, 89, 38, 31, 192, 4, 209, 124, 158, 151, 241], [0, 44, 71, 164, 69, 42, 191, 41, 78, 189, 198, 162, 29, 161, 149, 73, 193, 241]]
feasibenefit 826.7115498120813
lastindex 16712 19501
time	2001
2014-04-23 05:58:49 INFO  AbstractValidatingSessionManager:265 - Validating all active sessions...
2014-04-23 05:58:49 INFO  AbstractValidatingSessionManager:298 - Finished session validation.  No sessions were stopped.
feasirouteall [[0, 64, 69, 60, 189, 184, 48, 168, 21, 180, 90, 210, 101, 35, 141, 221, 88, 155, 208, 118, 108, 228, 238, 241], [0, 105, 114, 1, 96, 121, 225, 234, 7, 216, 127, 68, 97, 111, 87, 77, 207, 30, 188, 231, 217, 197, 150, 92, 115, 212, 235, 241], [0, 13, 93, 24, 133, 213, 36, 71, 144, 72, 62, 156, 42, 191, 192, 162, 113, 182, 233, 17, 137, 241], [0, 55, 11, 19, 131, 85, 139, 175, 205, 82, 83, 37, 203, 157, 54, 56, 202, 174, 176, 46, 86, 61, 102, 166, 222, 206, 181, 241], [0, 20, 28, 10, 140, 130, 5, 148, 125, 39, 159, 100, 220, 58, 178, 50, 23, 143, 106, 170, 73, 226, 104, 224, 193, 241], [0, 79, 44, 199, 8, 128, 164, 22, 75, 142, 195, 74, 34, 194, 91, 33, 154, 211, 153, 241], [0, 25, 3, 145, 123, 26, 43, 146, 84, 81, 119, 163, 99, 239, 201, 204, 107, 31, 219, 120, 112, 151, 227, 59, 240, 14, 134, 232, 179, 241], [0, 109, 70, 52, 27, 147, 229, 80, 190, 172, 200, 29, 116, 103, 53, 236, 9, 149, 223, 129, 173, 241], [0, 117, 94, 40, 237, 214, 160, 76, 110, 47, 196, 49, 169, 167, 230, 241], [0, 2, 98, 95, 215, 122, 218, 63, 67, 183, 187, 89, 38, 41, 78, 161, 209, 16, 158, 51, 198, 136, 171, 241], [0, 65, 15, 135, 6, 185, 12, 32, 132, 18, 152, 126, 138, 4, 57, 124, 66, 186, 45, 177, 165, 241]]
feasibenefit 807.7389436259613
lastindex 17666 20901
time	2342
feasirouteall [[0, 19, 105, 139, 13, 133, 64, 225, 80, 60, 48, 184, 168, 21, 200, 180, 90, 4, 210, 141, 29, 124, 149, 45, 165, 241], [0, 79, 12, 93, 199, 96, 84, 132, 213, 39, 159, 216, 23, 204, 7, 68, 127, 34, 143, 9, 188, 154, 129, 241], [0, 98, 85, 36, 18, 119, 71, 218, 239, 205, 156, 138, 42, 191, 31, 162, 111, 87, 151, 59, 35, 207, 231, 88, 155, 92, 179, 208, 212, 241], [0, 15, 65, 26, 20, 135, 140, 146, 185, 24, 83, 203, 144, 113, 112, 14, 232, 17, 233, 110, 134, 137, 115, 230, 235, 241], [0, 117, 67, 237, 99, 187, 116, 219, 107, 236, 97, 217, 227, 118, 108, 238, 228, 241], [0, 55, 8, 32, 175, 128, 152, 89, 43, 163, 50, 40, 209, 160, 170, 241], [0, 109, 70, 63, 229, 54, 183, 190, 174, 76, 46, 196, 47, 66, 166, 73, 167, 186, 193, 241], [0, 3, 10, 123, 2, 122, 27, 130, 95, 147, 215, 52, 22, 75, 142, 172, 195, 38, 41, 78, 161, 158, 106, 30, 198, 226, 150, 241], [0, 44, 11, 131, 114, 1, 37, 164, 69, 234, 121, 157, 33, 189, 91, 101, 77, 221, 153, 211, 57, 197, 177, 241], [0, 25, 145, 5, 28, 94, 125, 214, 148, 62, 182, 100, 56, 58, 176, 178, 220, 86, 61, 102, 181, 206, 222, 104, 224, 241], [0, 81, 82, 6, 202, 72, 201, 126, 192, 74, 103, 53, 120, 194, 16, 223, 51, 173, 240, 136, 49, 169, 171, 241]]
feasibenefit 828.0135296989406
lastindex 15295 16201
time	1458
2014-04-23 06:58:49 INFO  AbstractValidatingSessionManager:265 - Validating all active sessions...
2014-04-23 06:58:49 INFO  AbstractValidatingSessionManager:298 - Finished session validation.  No sessions were stopped.
feasirouteall [[0, 114, 94, 81, 214, 69, 234, 201, 48, 168, 21, 189, 35, 141, 120, 88, 155, 92, 240, 208, 212, 241], [0, 105, 64, 32, 152, 62, 182, 225, 184, 91, 4, 211, 124, 73, 108, 228, 104, 224, 193, 241], [0, 26, 146, 83, 37, 80, 75, 200, 157, 203, 116, 195, 9, 107, 53, 236, 227, 173, 129, 51, 17, 137, 171, 241], [0, 65, 13, 185, 24, 44, 133, 1, 164, 144, 56, 121, 100, 58, 176, 178, 46, 220, 86, 115, 235, 166, 206, 241], [0, 11, 131, 109, 52, 70, 229, 18, 190, 6, 82, 172, 42, 126, 138, 162, 202, 87, 50, 207, 170, 118, 238, 241], [0, 15, 135, 96, 84, 39, 22, 159, 142, 204, 216, 68, 76, 97, 113, 101, 217, 188, 221, 233, 196, 110, 14, 134, 230, 241], [0, 20, 55, 28, 140, 175, 12, 148, 132, 72, 43, 163, 99, 54, 174, 192, 219, 112, 66, 49, 232, 47, 169, 167, 186, 241], [0, 79, 199, 93, 8, 213, 128, 27, 147, 7, 34, 127, 23, 143, 77, 154, 57, 45, 197, 177, 165, 241], [0, 3, 10, 123, 98, 130, 2, 122, 63, 119, 218, 40, 239, 183, 29, 60, 180, 90, 160, 149, 106, 30, 210, 61, 102, 150, 226, 222, 181, 241], [0, 25, 145, 5, 85, 95, 215, 71, 36, 125, 156, 205, 74, 191, 31, 103, 111, 194, 223, 33, 151, 231, 59, 153, 179, 241], [0, 19, 117, 139, 237, 67, 187, 89, 38, 41, 78, 161, 209, 16, 158, 198, 136, 241]]
feasibenefit 822.1372807572566
lastindex 15146 17801
time	1623
average	818.5692332842615	773.7062677899875
time	22307	37.178333333333335
