2014-05-04 15:21:24 WARN  DiskStorePathManager:162 - diskStorePath 'C:\Users\MSTOBBE\AppData\Local\Temp\2' is already used by an existing CacheManager either in the same VM or in a different process.
The diskStore path for this CacheManager will be set to C:\Users\MSTOBBE\AppData\Local\Temp\2\ehcache_auto_created177436131714636840diskstore.
To avoid this warning consider using the CacheManager factory methods to create a singleton CacheManager or specifying a separate ehcache configuration (ehcache.xml) for each CacheManager instance.
2014-05-04 15:21:25 INFO  DataDomainProvider:253 - setting DataNode 'datanode' as default, used by all unlinked DataMaps
2014-05-04 15:21:25 INFO  EhCacheManager:159 - Cache with name 'nl.tue.opac.concoord.NoPasswordRealm.authorizationCache' does not yet exist.  Creating now.
2014-05-04 15:21:25 INFO  EhCacheManager:166 - Added EhCache named [nl.tue.opac.concoord.NoPasswordRealm.authorizationCache]
2014-05-04 15:21:25 INFO  AbstractValidatingSessionManager:224 - Enabling session validation scheduler...
cnt sarp-input x[3] 0.7
2014-05-04 15:21:26 INFO  UpdateChecker:80 - This is the latest GA release.
2014-05-04 16:21:26 INFO  AbstractValidatingSessionManager:265 - Validating all active sessions...
2014-05-04 16:21:26 INFO  AbstractValidatingSessionManager:298 - Finished session validation.  [1] sessions were stopped.
feasirouteall [[0, 47, 287, 98, 338, 93, 333, 128, 368, 163, 178, 229, 469, 34, 403, 274, 418, 10, 170, 410, 250, 40, 280, 481], [0, 198, 121, 188, 428, 361, 199, 439, 438, 51, 291, 50, 290, 225, 134, 374, 107, 347, 30, 465, 270, 36, 204, 276, 444, 54, 294, 63, 303, 124, 364, 115, 355, 189, 239, 19, 479, 429, 259, 183, 214, 81, 321, 58, 298, 155, 395, 77, 317, 423, 4, 454, 244, 132, 372, 38, 278, 92, 332, 80, 202, 320, 14, 254, 223, 28, 268, 96, 336, 103, 343, 216, 463, 106, 456, 346, 87, 327, 153, 393, 131, 442, 371, 56, 296, 481], [0, 144, 384, 141, 381, 127, 367, 135, 375, 12, 233, 473, 252, 208, 57, 297, 177, 90, 417, 330, 49, 289, 448, 55, 295, 139, 379, 481], [0, 220, 184, 424, 156, 396, 17, 203, 257, 122, 362, 6, 246, 237, 460, 197, 443, 25, 265, 437, 60, 181, 421, 300, 53, 293, 477, 166, 211, 218, 458, 118, 358, 143, 383, 451, 175, 137, 377, 78, 318, 215, 415, 22, 455, 262, 109, 349, 191, 142, 382, 97, 337, 123, 431, 187, 363, 3, 243, 21, 261, 406, 159, 399, 71, 311, 427, 75, 196, 436, 315, 102, 342, 205, 445, 61, 190, 301, 430, 99, 339, 481], [0, 240, 212, 171, 452, 411, 151, 391, 176, 172, 412, 41, 281, 100, 340, 146, 386, 416, 165, 480, 405, 59, 299, 11, 169, 251, 88, 328, 110, 168, 350, 408, 45, 285, 179, 48, 288, 231, 471, 18, 258, 234, 474, 150, 390, 104, 344, 29, 269, 409, 145, 385, 15, 419, 255, 481], [0, 76, 316, 195, 65, 180, 305, 42, 420, 167, 282, 213, 194, 435, 453, 434, 207, 105, 345, 154, 394, 447, 83, 407, 323, 26, 266, 72, 312, 125, 365, 119, 359, 108, 348, 481], [0, 226, 466, 227, 224, 79, 319, 467, 138, 232, 472, 378, 464, 222, 185, 148, 388, 33, 273, 70, 310, 133, 373, 114, 354, 462, 31, 271, 113, 353, 157, 397, 32, 272, 182, 422, 160, 400, 158, 398, 73, 313, 43, 283, 117, 357, 173, 130, 370, 413, 425, 221, 238, 478, 201, 441, 461, 24, 264, 27, 193, 186, 267, 426, 200, 35, 440, 275, 66, 433, 306, 126, 366, 86, 326, 112, 352, 91, 331, 1, 241, 120, 360, 481], [0, 68, 308, 147, 210, 387, 164, 37, 277, 404, 84, 324, 162, 23, 263, 219, 459, 450, 192, 432, 236, 149, 389, 67, 307, 228, 476, 468, 217, 62, 457, 302, 46, 286, 174, 414, 230, 101, 470, 341, 94, 334, 95, 335, 206, 2, 242, 402, 89, 329, 69, 161, 309, 116, 446, 356, 235, 475, 209, 5, 245, 140, 380, 7, 247, 401, 85, 325, 44, 284, 449, 136, 376, 74, 314, 481]]
feasibenefit -1493.2301473994219
lastindex 89 3001
time	5912
2014-05-04 17:21:26 INFO  AbstractValidatingSessionManager:265 - Validating all active sessions...
2014-05-04 17:21:26 INFO  AbstractValidatingSessionManager:298 - Finished session validation.  No sessions were stopped.
feasirouteall [[0, 98, 338, 127, 162, 367, 53, 293, 180, 118, 358, 402, 164, 46, 286, 48, 288, 231, 471, 101, 341, 123, 363, 27, 404, 222, 267, 91, 331, 35, 420, 275, 462, 86, 326, 66, 306, 119, 359, 99, 339, 481], [0, 217, 141, 381, 36, 457, 204, 276, 192, 444, 54, 294, 63, 303, 144, 384, 110, 209, 350, 203, 443, 60, 300, 32, 272, 182, 449, 236, 432, 24, 264, 44, 284, 422, 87, 327, 83, 476, 323, 233, 473, 108, 348, 139, 379, 481], [0, 167, 30, 270, 121, 188, 361, 428, 37, 277, 59, 299, 17, 257, 122, 362, 11, 228, 251, 124, 364, 47, 287, 407, 128, 468, 368, 45, 285, 22, 262, 214, 133, 373, 58, 298, 201, 155, 441, 395, 3, 215, 455, 243, 454, 49, 289, 183, 184, 96, 336, 103, 343, 424, 29, 269, 89, 329, 80, 166, 320, 406, 219, 131, 459, 371, 61, 190, 301, 430, 173, 75, 413, 315, 126, 366, 116, 356, 15, 423, 255, 481], [0, 147, 175, 387, 79, 319, 50, 290, 51, 291, 41, 281, 100, 340, 234, 138, 474, 378, 239, 19, 479, 259, 78, 318, 235, 415, 170, 114, 354, 31, 271, 113, 353, 157, 397, 10, 410, 475, 250, 40, 280, 481], [0, 68, 308, 76, 316, 237, 134, 374, 107, 347, 84, 197, 324, 23, 263, 477, 437, 221, 238, 25, 265, 461, 193, 478, 135, 375, 196, 436, 70, 310, 156, 396, 6, 246, 143, 383, 225, 109, 349, 81, 321, 465, 169, 77, 317, 14, 254, 38, 278, 92, 332, 132, 372, 160, 400, 43, 283, 104, 344, 145, 409, 385, 211, 69, 433, 309, 130, 370, 165, 405, 451, 72, 312, 74, 314, 136, 376, 481], [0, 198, 232, 206, 178, 161, 401, 446, 418, 65, 305, 42, 282, 226, 466, 227, 467, 146, 438, 386, 137, 377, 472, 171, 115, 355, 411, 57, 208, 297, 105, 345, 177, 90, 417, 330, 21, 261, 218, 117, 357, 106, 346, 181, 421, 153, 393, 5, 245, 448, 26, 266, 210, 458, 450, 159, 399, 71, 311, 7, 247, 1, 241, 120, 360, 481], [0, 148, 200, 223, 388, 33, 273, 440, 93, 333, 229, 469, 176, 172, 412, 34, 416, 202, 274, 4, 442, 244, 158, 398, 186, 463, 67, 307, 426, 213, 152, 453, 191, 392, 431, 140, 380, 125, 365, 85, 325, 112, 352, 481], [0, 185, 220, 168, 195, 460, 408, 187, 425, 427, 174, 199, 439, 230, 414, 470, 151, 391, 212, 452, 240, 194, 435, 434, 207, 88, 328, 447, 97, 337, 150, 216, 390, 142, 382, 18, 258, 94, 334, 95, 335, 2, 242, 163, 403, 73, 313, 28, 268, 62, 302, 456, 179, 224, 480, 189, 464, 102, 342, 205, 445, 429, 56, 419, 296, 481]]
feasibenefit -1389.1162875433713
lastindex 67 3001
time	4803
2014-05-04 18:21:26 INFO  AbstractValidatingSessionManager:265 - Validating all active sessions...
2014-05-04 18:21:26 INFO  AbstractValidatingSessionManager:298 - Finished session validation.  No sessions were stopped.
2014-05-04 19:21:26 INFO  AbstractValidatingSessionManager:265 - Validating all active sessions...
2014-05-04 19:21:26 INFO  AbstractValidatingSessionManager:298 - Finished session validation.  No sessions were stopped.
feasirouteall [[0, 68, 308, 168, 147, 175, 387, 37, 277, 107, 347, 59, 408, 299, 210, 65, 305, 415, 84, 324, 54, 294, 450, 11, 194, 208, 251, 124, 434, 364, 88, 328, 150, 225, 390, 43, 283, 132, 372, 38, 278, 465, 21, 261, 14, 254, 104, 448, 344, 40, 280, 481], [0, 76, 316, 163, 30, 270, 42, 403, 167, 282, 228, 141, 381, 468, 407, 63, 303, 47, 287, 97, 337, 19, 259, 137, 377, 224, 164, 404, 81, 321, 96, 464, 336, 233, 473, 103, 343, 55, 295, 481], [0, 185, 192, 432, 236, 25, 265, 425, 135, 375, 12, 195, 476, 252, 57, 297, 105, 345, 177, 90, 435, 417, 330, 169, 89, 329, 218, 166, 406, 409, 153, 393, 145, 385, 458, 69, 309, 75, 196, 436, 315, 102, 342, 139, 379, 72, 312, 108, 348, 481], [0, 213, 453, 144, 384, 127, 209, 162, 367, 23, 263, 182, 449, 422, 33, 273, 118, 358, 402, 183, 98, 338, 93, 333, 128, 368, 223, 110, 423, 350, 143, 383, 109, 349, 215, 455, 237, 113, 353, 157, 477, 397, 45, 285, 46, 286, 78, 318, 161, 401, 238, 155, 478, 395, 463, 67, 307, 217, 62, 457, 302, 2, 242, 191, 49, 289, 216, 123, 431, 363, 80, 180, 420, 320, 87, 327, 71, 456, 311, 7, 247, 227, 229, 467, 61, 301, 469, 234, 474, 26, 266, 91, 331, 112, 352, 481], [0, 240, 212, 171, 452, 411, 151, 391, 176, 172, 412, 146, 386, 173, 416, 165, 480, 405, 70, 310, 235, 6, 246, 475, 149, 220, 389, 4, 460, 244, 158, 398, 77, 317, 92, 332, 58, 298, 193, 160, 400, 117, 357, 433, 187, 413, 427, 130, 370, 221, 461, 24, 264, 106, 179, 346, 15, 419, 255, 481], [0, 211, 121, 188, 428, 361, 190, 174, 430, 414, 199, 439, 230, 41, 281, 100, 340, 51, 291, 50, 290, 79, 319, 451, 17, 257, 122, 362, 203, 134, 374, 133, 373, 114, 354, 31, 271, 443, 22, 202, 262, 142, 382, 239, 189, 205, 479, 429, 445, 94, 334, 18, 258, 101, 470, 341, 95, 335, 206, 3, 243, 442, 73, 313, 28, 268, 29, 269, 159, 399, 131, 219, 371, 214, 454, 35, 459, 275, 116, 446, 356, 125, 365, 85, 325, 119, 359, 140, 380, 126, 366, 86, 326, 74, 314, 481], [0, 198, 226, 156, 396, 466, 138, 232, 472, 378, 115, 355, 34, 178, 274, 418, 48, 438, 288, 231, 471, 186, 426, 207, 154, 184, 424, 394, 447, 83, 323, 136, 376, 99, 339, 481], [0, 36, 204, 276, 444, 148, 200, 388, 440, 53, 293, 170, 60, 181, 421, 300, 32, 272, 10, 222, 250, 5, 245, 410, 197, 66, 306, 437, 201, 441, 44, 462, 284, 1, 241, 120, 360, 481]]
feasibenefit -1421.308183464353
lastindex 76 3001
time	6411
2014-05-04 20:21:27 INFO  AbstractValidatingSessionManager:265 - Validating all active sessions...
2014-05-04 20:21:27 INFO  AbstractValidatingSessionManager:298 - Finished session validation.  No sessions were stopped.
2014-05-04 21:21:27 INFO  AbstractValidatingSessionManager:265 - Validating all active sessions...
2014-05-04 21:21:27 INFO  AbstractValidatingSessionManager:298 - Finished session validation.  No sessions were stopped.
feasirouteall [[0, 167, 186, 17, 257, 11, 407, 426, 251, 124, 364, 189, 239, 19, 479, 429, 259, 172, 34, 412, 175, 274, 219, 459, 21, 261, 14, 254, 203, 227, 467, 229, 469, 18, 258, 101, 341, 95, 335, 228, 468, 29, 269, 35, 443, 275, 116, 415, 356, 214, 454, 15, 255, 481], [0, 68, 308, 223, 162, 42, 282, 463, 402, 134, 374, 164, 79, 319, 50, 290, 190, 146, 430, 386, 404, 211, 166, 197, 406, 23, 263, 54, 294, 6, 246, 122, 362, 451, 138, 232, 472, 378, 135, 375, 196, 436, 437, 60, 181, 421, 300, 110, 217, 350, 62, 457, 302, 81, 321, 77, 317, 92, 332, 117, 357, 160, 400, 43, 283, 104, 168, 344, 96, 336, 103, 343, 80, 218, 458, 320, 28, 268, 5, 245, 89, 329, 159, 399, 131, 180, 408, 371, 210, 91, 450, 331, 66, 420, 306, 126, 366, 86, 326, 119, 359, 99, 339, 481], [0, 184, 424, 183, 156, 396, 12, 235, 475, 252, 57, 297, 105, 345, 177, 90, 417, 330, 204, 73, 444, 313, 83, 423, 323, 40, 280, 481], [0, 144, 384, 127, 367, 113, 353, 31, 271, 143, 383, 109, 349, 225, 161, 48, 288, 78, 318, 401, 133, 373, 38, 278, 67, 307, 4, 465, 244, 158, 398, 237, 132, 372, 477, 58, 298, 24, 264, 106, 179, 170, 346, 410, 55, 295, 419, 481], [0, 240, 212, 171, 452, 151, 391, 176, 231, 471, 416, 165, 480, 405, 37, 277, 84, 324, 148, 388, 33, 273, 118, 358, 70, 310, 137, 377, 205, 411, 115, 355, 445, 206, 46, 286, 193, 155, 433, 446, 395, 142, 226, 382, 150, 466, 191, 390, 2, 242, 123, 431, 178, 363, 3, 202, 243, 442, 87, 327, 145, 385, 69, 418, 309, 224, 102, 342, 464, 56, 296, 481], [0, 76, 316, 169, 30, 270, 107, 347, 59, 299, 65, 305, 163, 147, 387, 234, 474, 63, 303, 47, 287, 98, 338, 403, 53, 293, 157, 397, 409, 32, 272, 220, 213, 152, 453, 392, 61, 301, 125, 365, 85, 325, 112, 460, 352, 26, 266, 72, 312, 108, 348, 481], [0, 198, 121, 188, 428, 361, 174, 199, 439, 230, 470, 414, 438, 51, 291, 41, 281, 100, 340, 141, 381, 36, 276, 207, 208, 149, 389, 447, 49, 289, 94, 334, 173, 130, 370, 413, 27, 448, 222, 267, 209, 449, 182, 153, 393, 422, 71, 462, 311, 187, 75, 427, 315, 139, 379, 481], [0, 200, 192, 432, 236, 25, 265, 114, 354, 93, 333, 476, 128, 368, 195, 440, 45, 285, 22, 215, 455, 262, 97, 337, 233, 473, 185, 435, 194, 154, 434, 216, 394, 140, 380, 7, 247, 425, 221, 238, 478, 201, 441, 461, 44, 456, 284, 1, 241, 120, 360, 74, 314, 136, 376, 481]]
feasibenefit -1436.2977724052369
lastindex 223 3001
time	5609
2014-05-04 22:21:27 INFO  AbstractValidatingSessionManager:265 - Validating all active sessions...
2014-05-04 22:21:27 INFO  AbstractValidatingSessionManager:298 - Finished session validation.  No sessions were stopped.
feasirouteall [[0, 138, 232, 378, 205, 115, 355, 19, 472, 445, 259, 137, 377, 164, 12, 404, 252, 105, 345, 177, 90, 220, 417, 330, 460, 69, 309, 188, 130, 370, 428, 224, 102, 342, 464, 56, 296, 481], [0, 184, 424, 183, 206, 227, 467, 50, 290, 37, 277, 446, 65, 305, 134, 374, 70, 310, 6, 246, 163, 98, 423, 338, 93, 403, 333, 207, 57, 208, 297, 448, 447, 77, 317, 173, 174, 414, 230, 101, 470, 341, 18, 258, 94, 334, 234, 95, 335, 474, 103, 343, 96, 336, 233, 473, 123, 178, 363, 187, 418, 116, 356, 125, 365, 413, 75, 427, 196, 315, 436, 99, 339, 481], [0, 198, 226, 466, 175, 107, 347, 121, 415, 361, 190, 146, 438, 430, 386, 59, 299, 30, 270, 54, 294, 76, 316, 122, 362, 11, 186, 426, 251, 88, 328, 128, 209, 368, 192, 432, 236, 449, 153, 393, 476, 5, 245, 61, 301, 139, 379, 481], [0, 217, 36, 457, 276, 42, 197, 282, 124, 364, 47, 287, 110, 350, 180, 45, 285, 437, 155, 215, 395, 455, 22, 262, 10, 420, 195, 250, 435, 185, 182, 422, 71, 170, 425, 311, 7, 247, 85, 325, 218, 458, 410, 15, 255, 481], [0, 63, 303, 144, 384, 148, 200, 169, 388, 440, 53, 293, 113, 353, 60, 181, 421, 300, 409, 32, 272, 145, 385, 21, 261, 14, 254, 28, 268, 62, 302, 2, 242, 49, 289, 225, 235, 106, 346, 87, 327, 24, 264, 44, 284, 465, 475, 83, 228, 323, 136, 468, 376, 112, 352, 481], [0, 68, 308, 147, 387, 79, 319, 229, 469, 176, 151, 391, 172, 41, 281, 100, 340, 412, 231, 471, 416, 17, 210, 257, 84, 324, 149, 213, 453, 389, 4, 168, 244, 81, 321, 158, 398, 166, 406, 38, 278, 92, 332, 117, 357, 160, 400, 3, 408, 243, 89, 329, 80, 202, 320, 450, 73, 204, 313, 29, 269, 444, 35, 275, 219, 131, 459, 442, 371, 140, 380, 126, 366, 86, 326, 159, 399, 1, 241, 120, 360, 72, 312, 74, 314, 481], [0, 141, 381, 127, 162, 367, 237, 402, 214, 156, 396, 34, 454, 211, 274, 477, 114, 354, 48, 199, 439, 288, 78, 318, 109, 349, 191, 142, 382, 150, 431, 451, 390, 203, 43, 283, 443, 132, 372, 58, 298, 193, 238, 27, 478, 433, 267, 40, 280, 481], [0, 222, 240, 212, 171, 452, 411, 51, 291, 480, 165, 405, 135, 375, 221, 201, 441, 461, 25, 265, 179, 462, 23, 263, 33, 273, 118, 358, 143, 383, 216, 97, 337, 239, 189, 479, 429, 46, 286, 161, 401, 133, 373, 456, 31, 271, 157, 397, 223, 67, 307, 419, 194, 154, 434, 167, 394, 463, 26, 266, 407, 91, 331, 66, 306, 119, 359, 108, 348, 481]]
feasibenefit -1454.836626150097
lastindex 256 3001
time	4366
2014-05-04 23:21:28 INFO  AbstractValidatingSessionManager:265 - Validating all active sessions...
2014-05-04 23:21:28 INFO  AbstractValidatingSessionManager:298 - Finished session validation.  No sessions were stopped.
feasirouteall [[0, 185, 168, 163, 408, 121, 425, 361, 174, 414, 230, 51, 291, 146, 386, 37, 277, 84, 324, 93, 403, 333, 47, 287, 98, 338, 128, 368, 32, 272, 162, 45, 285, 22, 402, 262, 224, 18, 258, 101, 470, 341, 234, 474, 216, 123, 464, 363, 3, 215, 455, 243, 28, 268, 29, 269, 159, 399, 71, 456, 311, 187, 178, 61, 301, 75, 427, 315, 7, 247, 126, 366, 86, 326, 66, 418, 306, 139, 379, 481], [0, 217, 36, 457, 276, 11, 186, 426, 251, 88, 328, 57, 207, 297, 105, 345, 90, 194, 330, 447, 96, 336, 56, 434, 296, 481], [0, 198, 147, 387, 50, 290, 79, 319, 190, 430, 438, 41, 281, 100, 340, 151, 391, 63, 303, 208, 177, 124, 364, 448, 143, 383, 109, 349, 214, 454, 114, 354, 31, 271, 113, 353, 48, 199, 439, 288, 231, 471, 206, 4, 417, 244, 446, 81, 180, 321, 158, 398, 49, 289, 95, 335, 94, 334, 173, 130, 370, 413, 80, 420, 320, 83, 323, 40, 280, 481], [0, 209, 192, 236, 432, 449, 182, 23, 263, 422, 53, 293, 211, 70, 310, 451, 227, 467, 229, 469, 172, 115, 355, 34, 412, 237, 274, 477, 58, 298, 193, 155, 433, 395, 142, 382, 150, 183, 390, 104, 476, 344, 103, 343, 175, 235, 415, 201, 441, 24, 264, 106, 346, 87, 327, 153, 393, 131, 371, 140, 380, 116, 356, 475, 423, 136, 376, 99, 339, 481], [0, 76, 316, 65, 166, 305, 219, 42, 406, 197, 282, 144, 384, 127, 459, 367, 170, 437, 25, 265, 118, 358, 33, 273, 148, 200, 388, 410, 97, 337, 239, 19, 479, 259, 137, 377, 78, 318, 164, 161, 401, 133, 373, 160, 404, 400, 77, 317, 21, 261, 14, 254, 204, 73, 444, 313, 62, 302, 2, 242, 202, 117, 357, 132, 372, 145, 385, 442, 89, 329, 69, 309, 27, 233, 473, 267, 91, 440, 331, 15, 255, 481], [0, 184, 424, 226, 466, 225, 134, 374, 107, 347, 59, 299, 30, 465, 270, 141, 381, 68, 308, 213, 240, 212, 176, 416, 165, 480, 405, 46, 286, 238, 478, 181, 421, 157, 397, 38, 278, 92, 332, 43, 283, 210, 453, 171, 452, 411, 189, 102, 342, 205, 429, 445, 26, 266, 167, 228, 407, 468, 35, 450, 275, 85, 325, 218, 458, 74, 314, 72, 312, 125, 365, 119, 359, 108, 348, 481], [0, 110, 350, 203, 443, 179, 10, 195, 419, 250, 435, 220, 5, 245, 112, 460, 352, 481], [0, 54, 294, 169, 6, 246, 17, 257, 122, 362, 191, 156, 396, 431, 138, 232, 472, 378, 188, 135, 428, 375, 196, 436, 221, 60, 409, 300, 223, 149, 389, 67, 307, 55, 295, 222, 463, 461, 44, 462, 284, 1, 241, 120, 360, 481]]
feasibenefit -1351.576284068114
lastindex 157 3001
time	5113
2014-05-05 00:21:28 INFO  AbstractValidatingSessionManager:265 - Validating all active sessions...
2014-05-05 00:21:28 INFO  AbstractValidatingSessionManager:298 - Finished session validation.  No sessions were stopped.
2014-05-05 01:21:28 INFO  AbstractValidatingSessionManager:265 - Validating all active sessions...
2014-05-05 01:21:28 INFO  AbstractValidatingSessionManager:298 - Finished session validation.  No sessions were stopped.
2014-05-05 02:21:28 INFO  AbstractValidatingSessionManager:265 - Validating all active sessions...
2014-05-05 02:21:28 INFO  AbstractValidatingSessionManager:298 - Finished session validation.  No sessions were stopped.
feasirouteall [[0, 209, 36, 276, 192, 236, 432, 449, 182, 422, 114, 354, 31, 271, 12, 195, 476, 252, 435, 152, 213, 453, 392, 108, 348, 481], [0, 222, 65, 305, 197, 23, 263, 462, 179, 25, 265, 437, 60, 181, 421, 300, 419, 177, 57, 207, 297, 67, 307, 417, 77, 317, 92, 332, 81, 321, 158, 398, 104, 447, 344, 40, 280, 481], [0, 68, 308, 76, 316, 169, 30, 270, 42, 409, 282, 198, 239, 189, 205, 479, 429, 445, 172, 412, 146, 438, 230, 386, 240, 19, 259, 137, 377, 78, 318, 480, 165, 405, 46, 286, 161, 401, 133, 373, 58, 298, 201, 155, 441, 395, 160, 400, 43, 283, 132, 372, 187, 130, 370, 427, 188, 94, 334, 18, 258, 101, 470, 341, 234, 102, 342, 123, 474, 363, 61, 301, 173, 75, 413, 428, 315, 7, 247, 140, 380, 116, 356, 74, 314, 136, 376, 481], [0, 63, 303, 184, 424, 156, 396, 227, 467, 229, 469, 212, 171, 115, 452, 411, 355, 34, 178, 180, 274, 418, 10, 420, 250, 55, 295, 72, 312, 99, 339, 481], [0, 47, 287, 98, 338, 163, 186, 97, 337, 426, 105, 345, 90, 217, 330, 403, 204, 73, 444, 313, 28, 268, 62, 457, 302, 15, 255, 481], [0, 185, 220, 228, 460, 121, 425, 361, 190, 174, 430, 414, 199, 439, 176, 151, 391, 41, 281, 100, 340, 51, 291, 416, 50, 290, 79, 319, 225, 84, 324, 54, 294, 141, 381, 468, 144, 384, 148, 200, 388, 33, 273, 440, 53, 293, 113, 353, 157, 397, 32, 272, 162, 4, 465, 244, 45, 285, 22, 215, 455, 262, 142, 226, 382, 96, 336, 103, 343, 466, 29, 269, 69, 164, 309, 85, 325, 402, 83, 223, 323, 26, 266, 463, 167, 407, 91, 331, 66, 404, 306, 126, 366, 86, 326, 119, 359, 125, 365, 112, 352, 481], [0, 191, 431, 107, 347, 59, 299, 17, 210, 257, 122, 362, 134, 374, 138, 232, 472, 378, 135, 375, 196, 436, 193, 433, 70, 310, 235, 118, 358, 6, 246, 475, 127, 450, 367, 93, 333, 128, 368, 110, 168, 350, 203, 143, 383, 109, 349, 214, 408, 211, 443, 48, 288, 231, 471, 224, 451, 233, 464, 473, 216, 2, 242, 117, 357, 456, 24, 264, 106, 170, 346, 38, 278, 21, 261, 14, 254, 410, 454, 89, 329, 202, 80, 218, 320, 159, 399, 131, 442, 458, 371, 27, 238, 478, 267, 139, 379, 481], [0, 147, 175, 387, 37, 277, 415, 11, 194, 208, 251, 124, 364, 434, 88, 328, 448, 150, 183, 390, 423, 49, 289, 95, 335, 206, 3, 446, 237, 243, 166, 406, 145, 219, 385, 5, 245, 35, 459, 275, 87, 327, 153, 393, 71, 477, 311, 221, 461, 44, 284, 1, 241, 120, 360, 481]]
feasibenefit -1418.1615233359234
lastindex 69 3001
time	7399
feasirouteall [[0, 212, 171, 115, 355, 411, 452, 240, 177, 9, 249, 207, 447, 226, 466, 61, 301, 480, 15, 417, 255, 481], [0, 185, 198, 121, 425, 361, 174, 199, 414, 439, 176, 151, 391, 172, 412, 41, 281, 100, 340, 51, 291, 146, 438, 386, 416, 165, 50, 290, 405, 79, 319, 141, 381, 127, 195, 367, 23, 263, 220, 194, 435, 124, 434, 364, 213, 152, 453, 206, 392, 125, 365, 446, 112, 460, 352, 72, 312, 108, 348, 481], [0, 217, 36, 276, 192, 432, 236, 149, 389, 67, 307, 228, 476, 468, 62, 457, 302, 43, 283, 158, 398, 21, 261, 38, 278, 92, 332, 104, 344, 96, 336, 233, 473, 103, 343, 26, 266, 167, 5, 245, 83, 407, 323, 481], [0, 98, 338, 32, 272, 162, 113, 353, 114, 354, 31, 271, 12, 402, 186, 252, 57, 208, 297, 105, 345, 90, 426, 330, 219, 131, 459, 371, 27, 179, 448, 267, 419, 136, 376, 99, 339, 481], [0, 184, 424, 183, 214, 65, 305, 84, 324, 54, 294, 454, 11, 222, 251, 88, 328, 200, 204, 444, 440, 197, 462, 157, 397, 45, 285, 22, 262, 109, 349, 133, 373, 155, 437, 202, 395, 77, 442, 317, 14, 254, 423, 49, 289, 123, 178, 363, 106, 418, 346, 55, 295, 139, 379, 481], [0, 144, 384, 148, 388, 93, 333, 97, 337, 47, 287, 128, 368, 218, 164, 46, 286, 78, 318, 235, 404, 81, 321, 475, 209, 4, 458, 244, 187, 130, 370, 427, 3, 243, 89, 329, 80, 166, 320, 406, 449, 182, 153, 393, 422, 71, 311, 221, 193, 201, 441, 461, 44, 181, 421, 284, 91, 331, 66, 433, 306, 7, 247, 1, 241, 120, 360, 481], [0, 68, 308, 168, 147, 225, 387, 107, 347, 59, 408, 299, 30, 465, 270, 42, 282, 216, 138, 232, 378, 472, 234, 474, 156, 396, 17, 203, 257, 122, 362, 6, 246, 211, 443, 456, 25, 265, 238, 478, 135, 375, 196, 436, 70, 310, 137, 377, 19, 259, 190, 173, 413, 48, 430, 230, 288, 231, 471, 101, 470, 341, 18, 258, 94, 334, 95, 335, 191, 2, 242, 210, 163, 403, 450, 87, 327, 116, 356, 451, 431, 102, 342, 56, 296, 481], [0, 63, 303, 76, 316, 237, 134, 374, 37, 277, 60, 477, 300, 53, 293, 33, 273, 118, 358, 215, 455, 175, 227, 467, 229, 469, 34, 224, 415, 274, 110, 223, 350, 143, 383, 142, 382, 239, 464, 189, 205, 479, 429, 445, 150, 463, 390, 117, 357, 160, 170, 400, 58, 298, 24, 264, 132, 372, 145, 385, 73, 313, 28, 268, 29, 269, 410, 69, 161, 309, 188, 75, 428, 315, 401, 180, 169, 159, 409, 399, 35, 420, 275, 85, 325, 119, 359, 140, 380, 126, 366, 86, 326, 74, 314, 481]]
feasibenefit -1515.2660511923998
lastindex 77 3001
time	7119
2014-05-05 04:17:16 INFO  AbstractValidatingSessionManager:265 - Validating all active sessions...
2014-05-05 04:17:16 INFO  AbstractValidatingSessionManager:298 - Finished session validation.  No sessions were stopped.
feasirouteall [[0, 63, 303, 167, 234, 17, 257, 11, 407, 251, 124, 364, 189, 19, 429, 259, 172, 34, 412, 169, 274, 219, 459, 409, 45, 285, 142, 226, 382, 150, 466, 191, 390, 183, 474, 95, 335, 18, 258, 101, 341, 431, 104, 423, 344, 55, 295, 139, 379, 72, 312, 481], [0, 216, 156, 396, 141, 381, 127, 162, 367, 53, 293, 31, 271, 113, 353, 456, 48, 199, 439, 288, 165, 405, 46, 286, 161, 401, 238, 155, 478, 402, 395, 77, 317, 195, 67, 307, 435, 152, 213, 453, 392, 108, 348, 481], [0, 68, 308, 200, 204, 444, 440, 121, 187, 361, 37, 277, 84, 324, 148, 223, 388, 93, 333, 463, 137, 377, 176, 115, 355, 416, 78, 318, 22, 235, 262, 475, 154, 184, 424, 394, 206, 61, 301, 75, 427, 196, 315, 436, 7, 247, 446, 74, 314, 481], [0, 217, 209, 36, 457, 276, 449, 236, 60, 170, 300, 32, 272, 476, 128, 368, 4, 410, 244, 69, 164, 309, 116, 404, 356, 214, 454, 5, 186, 245, 15, 426, 255, 481], [0, 232, 227, 467, 50, 290, 224, 107, 347, 59, 299, 147, 387, 79, 319, 138, 472, 378, 464, 222, 194, 9, 249, 434, 96, 336, 233, 473, 103, 343, 123, 175, 363, 462, 87, 327, 153, 393, 35, 197, 275, 66, 415, 306, 437, 201, 441, 44, 181, 421, 284, 1, 241, 120, 360, 481], [0, 198, 151, 391, 41, 281, 100, 340, 51, 291, 146, 438, 386, 237, 30, 270, 192, 432, 182, 23, 263, 422, 477, 211, 122, 362, 6, 246, 144, 384, 220, 149, 389, 157, 397, 38, 278, 92, 332, 81, 321, 49, 289, 451, 178, 229, 469, 190, 430, 130, 370, 106, 418, 346, 73, 313, 29, 269, 163, 83, 323, 26, 266, 168, 403, 71, 311, 126, 366, 86, 326, 112, 460, 408, 352, 481], [0, 228, 76, 316, 203, 65, 443, 305, 42, 282, 47, 287, 98, 338, 468, 110, 350, 143, 383, 109, 225, 349, 97, 337, 239, 240, 212, 171, 452, 411, 205, 479, 445, 94, 334, 480, 3, 243, 465, 166, 117, 357, 24, 264, 27, 179, 406, 267, 419, 91, 331, 119, 359, 125, 365, 85, 325, 481], [0, 177, 208, 207, 185, 448, 447, 417, 54, 294, 134, 374, 174, 414, 230, 231, 470, 471, 173, 188, 428, 135, 375, 413, 425, 221, 193, 461, 25, 265, 114, 354, 33, 273, 118, 358, 202, 70, 310, 433, 133, 373, 160, 180, 400, 215, 455, 43, 283, 158, 398, 58, 298, 132, 372, 145, 420, 385, 442, 21, 261, 14, 254, 28, 268, 62, 302, 2, 242, 210, 89, 329, 80, 218, 320, 450, 159, 399, 131, 458, 371, 140, 380, 102, 342, 136, 376, 99, 339, 481]]
feasibenefit -1320.9924534896004
lastindex 78 3001
time	5595
2014-05-05 05:17:16 INFO  AbstractValidatingSessionManager:265 - Validating all active sessions...
2014-05-05 05:17:16 INFO  AbstractValidatingSessionManager:298 - Finished session validation.  No sessions were stopped.
2014-05-05 06:17:16 INFO  AbstractValidatingSessionManager:265 - Validating all active sessions...
2014-05-05 06:17:16 INFO  AbstractValidatingSessionManager:298 - Finished session validation.  No sessions were stopped.
feasirouteall [[0, 98, 168, 338, 4, 186, 244, 408, 77, 317, 195, 67, 307, 426, 435, 208, 177, 154, 448, 183, 394, 83, 423, 417, 323, 481], [0, 189, 115, 355, 19, 259, 429, 97, 337, 233, 473, 194, 9, 249, 434, 55, 295, 139, 379, 481], [0, 184, 424, 226, 466, 191, 431, 175, 107, 347, 59, 203, 299, 65, 443, 305, 166, 30, 270, 54, 294, 141, 381, 110, 350, 415, 60, 181, 421, 300, 406, 170, 188, 428, 48, 230, 288, 78, 318, 155, 395, 142, 382, 94, 334, 470, 2, 242, 410, 104, 344, 56, 296, 481], [0, 185, 198, 121, 425, 361, 174, 199, 438, 41, 281, 100, 340, 51, 291, 146, 439, 414, 386, 173, 37, 277, 201, 25, 265, 441, 193, 135, 413, 375, 138, 232, 378, 472, 137, 377, 172, 412, 34, 164, 404, 274, 57, 207, 297, 105, 345, 90, 330, 14, 254, 89, 329, 69, 309, 433, 80, 197, 320, 159, 399, 71, 311, 437, 87, 327, 153, 393, 131, 211, 371, 451, 447, 72, 312, 99, 339, 481], [0, 220, 63, 303, 147, 225, 387, 84, 324, 465, 460, 6, 246, 122, 362, 210, 156, 396, 17, 257, 163, 127, 450, 367, 53, 293, 23, 263, 219, 459, 93, 403, 333, 209, 88, 328, 223, 449, 182, 157, 422, 397, 38, 278, 92, 332, 81, 180, 321, 158, 398, 43, 283, 150, 463, 390, 117, 357, 187, 130, 370, 427, 3, 215, 455, 243, 169, 21, 261, 73, 313, 28, 268, 29, 269, 409, 162, 145, 385, 35, 420, 275, 116, 402, 356, 235, 214, 475, 5, 245, 218, 66, 306, 126, 366, 120, 458, 454, 360, 136, 376, 74, 314, 481], [0, 200, 192, 236, 432, 148, 476, 388, 33, 273, 118, 358, 202, 70, 310, 12, 442, 440, 252, 212, 240, 171, 452, 411, 103, 343, 123, 161, 363, 102, 342, 205, 445, 206, 227, 467, 229, 469, 480, 140, 401, 380, 125, 365, 446, 85, 325, 119, 359, 108, 348, 481], [0, 239, 479, 151, 391, 176, 231, 471, 416, 165, 50, 290, 224, 405, 79, 319, 234, 474, 216, 144, 384, 68, 308, 76, 316, 134, 374, 178, 464, 124, 364, 47, 287, 128, 368, 32, 272, 113, 353, 114, 354, 31, 271, 45, 285, 22, 262, 143, 383, 109, 349, 46, 286, 133, 373, 160, 418, 400, 237, 132, 372, 477, 58, 298, 106, 346, 456, 179, 24, 264, 27, 238, 478, 267, 26, 266, 167, 407, 91, 331, 15, 419, 255, 481], [0, 217, 36, 204, 276, 444, 42, 228, 282, 11, 468, 251, 213, 149, 389, 62, 457, 302, 49, 289, 453, 222, 96, 336, 95, 335, 18, 258, 101, 341, 61, 190, 301, 430, 75, 196, 436, 315, 7, 247, 221, 461, 44, 462, 284, 1, 241, 86, 326, 112, 352, 481]]
feasibenefit -1441.2243291335212
lastindex 82 3001
time	7019
