19	5	20	20
0	  25.5528	   6.1500	3	363	363
1	   1.7670	   0.9458	3	561	561
2	  28.1494	  13.2064	3	852	852
3	  16.6956	  15.6253	3	183	183
4	  10.8216	  14.4334	3	977	977
5	  18.2038	   7.8644	3	836	836
6	  11.4961	  23.1506	3	1250	1250
7	  25.3052	  16.5045	3	1363	1363
8	  27.7955	  27.8654	3	354	354
9	  12.7737	   8.3237	3	394	394
10	  18.3485	   4.8361	3	39	39
11	  10.4872	   3.9537	3	827	827
12	   9.9192	  12.2541	3	802	802
13	   4.8995	   8.0686	3	1207	1207
14	   7.1122	  27.8874	3	1247	1247
15	  16.3721	  18.6083	3	704	704
16	  21.0380	  11.6772	3	1387	1387
17	   5.1128	  18.8335	3	1191	1191
18	   9.5426	  17.8865	3	1154	1154
19	  27.1572	   4.6068	3	1396	1396
20	  23.7611	   4.7525	-3	363	363
21	   4.4198	   1.4528	-3	561	561
22	  25.4606	  12.0607	-3	852	852
23	  19.8948	  16.4717	-3	183	183
24	  10.3621	  16.0742	-3	977	977
25	  18.8026	  10.1163	-3	836	836
26	  11.6033	  18.9666	-3	1250	1250
27	  26.9810	  15.6606	-3	1363	1363
28	  27.6860	  22.6788	-3	354	354
29	   9.6836	   8.5076	-3	394	394
30	  16.2642	   6.7974	-3	39	39
31	   5.9003	   2.5821	-3	827	827
32	  12.9565	  10.5210	-3	802	802
33	   9.6526	  12.6878	-3	1207	1207
34	   5.0196	  27.3738	-3	1247	1247
35	  16.9415	  14.3059	-3	704	704
36	  23.1748	   9.6144	-3	1387	1387
37	   5.9561	  22.0763	-3	1191	1191
38	   6.0949	  15.5057	-3	1154	1154
39	  23.0037	   8.3729	-3	1396	1396
40	   9.4429	  14.4957	1	0	1440
41	  18.4494	  29.1941	1	0	1440
42	   2.1842	  23.3489	1	0	1440
43	   7.2627	  27.6447	1	0	1440
44	   5.4096	  19.1756	1	0	1440
45	   9.8010	   3.0956	1	0	1440
46	   7.5750	   8.4100	1	0	1440
47	  27.2435	  19.1951	1	0	1440
48	   0.5743	  24.4006	1	0	1440
49	  21.1649	  29.1812	1	0	1440
50	  28.3753	  25.3590	1	0	1440
51	   2.9633	   5.6380	1	0	1440
52	  24.8136	   2.8047	1	0	1440
53	  22.2892	  23.0718	1	0	1440
54	  25.6346	   9.6611	1	0	1440
55	  21.0471	   3.2096	1	0	1440
56	  15.8974	  15.3145	1	0	1440
57	   9.7152	  13.6967	1	0	1440
58	  23.1409	  19.6214	1	0	1440
59	   5.4753	  26.8835	1	0	1440
60	   9.7966	  19.9320	-1	0	1440
61	  17.3719	  27.9753	-1	0	1440
62	   2.6243	  22.1645	-1	0	1440
63	   2.9574	  24.7587	-1	0	1440
64	   9.5819	  18.3066	-1	0	1440
65	   3.2339	   0.8437	-1	0	1440
66	  11.9366	   7.6678	-1	0	1440
67	  26.8488	  21.5728	-1	0	1440
68	   2.1926	  26.8776	-1	0	1440
69	  18.4963	  24.4986	-1	0	1440
70	  24.2974	  23.5728	-1	0	1440
71	  11.4685	   6.6680	-1	0	1440
72	  21.1571	   0.1174	-1	0	1440
73	  20.4467	  19.3921	-1	0	1440
74	  25.5106	  16.3347	-1	0	1440
75	  21.3256	  10.7949	-1	0	1440
76	  19.2112	  18.7675	-1	0	1440
77	   5.2563	  17.6294	-1	0	1440
78	  23.9202	  17.1779	-1	0	1440
79	   6.6195	  21.4381	-1	0	1440
80	  26.4555	   0.7390	0	0	1440
81	  25.0642	  18.2083	0	0	1440
82	  26.3825	  29.7529	0	0	1440
83	   7.1612	   3.8443	0	0	1440
84	  25.5421	  27.9258	0	0	1440
85	  11.8544	  19.4845	0	0	1440
86	   8.7918	   2.1616	0	0	1440
87	  15.2528	  23.2313	0	0	1440
88	  10.7659	  27.5274	0	0	1440
89	   8.4009	   3.7692	0	0	1440
90	   9.9063	   3.2448	0	0	1440
91	  19.2749	  19.9300	0	0	1440
92	  14.9615	  11.0157	0	0	1440
93	  23.8019	   6.6692	0	0	1440
94	  11.9129	  12.1562	0	0	1440
95	  10.0125	   1.3099	0	0	1440
96	  23.1416	  21.3050	0	0	1440
97	  18.0711	   0.6996	0	0	1440
98	  22.8159	  28.4790	0	0	1440
