29	5	30	15
0	  11.8705	  15.2575	3	1434	1434
1	  29.6302	  13.0041	3	829	829
2	  23.7694	  12.8168	3	257	257
3	   2.7029	   6.8082	3	506	506
4	   5.0315	  11.5604	3	801	801
5	  26.1405	  16.0133	3	1164	1164
6	  15.1095	  26.2530	3	394	394
7	  22.5238	  23.8134	3	1239	1239
8	  15.8910	   6.9428	3	261	261
9	  29.7356	   6.1380	3	593	593
10	   0.5374	  16.9770	3	1056	1056
11	   1.7028	  19.1546	3	687	687
12	   9.9682	  13.5733	3	533	533
13	  26.5775	  28.1814	3	832	832
14	  22.4152	  29.2803	3	100	100
15	   4.9897	  16.5354	3	1197	1197
16	  13.4745	  10.0211	3	592	592
17	  28.0958	   9.6150	3	612	612
18	  26.0345	  13.2053	3	19	19
19	   7.0187	  21.7590	3	1278	1278
20	  25.5011	   6.7542	3	941	941
21	  27.8970	  26.0385	3	146	146
22	  21.7733	  28.7503	3	474	474
23	  13.9033	   1.7415	3	583	583
24	  12.3236	  18.3154	3	908	908
25	  16.4969	   3.7551	3	1214	1214
26	  20.2905	  21.6559	3	768	768
27	   1.2710	  27.5422	3	1375	1375
28	   1.5916	   7.1390	3	356	356
29	  16.1005	   8.6103	3	771	771
30	   9.9537	  16.6343	-3	1434	1434
31	  27.2179	  10.9805	-3	829	829
32	  24.1202	  14.1942	-3	257	257
33	   1.8864	   8.1730	-3	506	506
34	   4.4121	   9.5984	-3	801	801
35	  24.4998	  15.5543	-3	1164	1164
36	  14.0156	  25.9042	-3	394	394
37	  20.6097	  22.2975	-3	1239	1239
38	  15.9506	   6.3722	-3	261	261
39	  27.7933	   7.6768	-3	593	593
40	   1.5077	  18.3863	-3	1056	1056
41	   0.1023	  19.1281	-3	687	687
42	   8.0196	  12.6530	-3	533	533
43	  24.5527	  29.4352	-3	832	832
44	  23.5770	  28.3960	-3	100	100
45	   5.8680	  18.5583	-3	1197	1197
46	  11.3399	   8.9011	-3	592	592
47	  27.2285	  10.1040	-3	612	612
48	  28.8980	  11.6016	-3	19	19
49	   8.1814	  21.4865	-3	1278	1278
50	  26.3859	   6.3976	-3	941	941
51	  24.3273	  26.7664	-3	146	146
52	  19.1668	  25.7455	-3	474	474
53	  15.4243	   3.4225	-3	583	583
54	   9.8318	  20.4773	-3	908	908
55	  16.5503	   3.0121	-3	1214	1214
56	  23.1262	  20.0595	-3	768	768
57	   2.9097	  29.1970	-3	1375	1375
58	   5.4441	   8.1949	-3	356	356
59	  16.4149	  11.7290	-3	771	771
60	   7.6401	   9.0958	1	0	1440
61	  24.2662	   4.6875	1	0	1440
62	   3.8445	  16.0395	1	0	1440
63	  17.7810	  15.7614	1	0	1440
64	   6.0632	  29.1209	1	0	1440
65	   2.8760	   2.8439	1	0	1440
66	  14.0466	  23.1666	1	0	1440
67	  11.5529	  25.7708	1	0	1440
68	  13.0965	  13.1445	1	0	1440
69	  10.7986	   7.1193	1	0	1440
70	  16.2150	  22.8689	1	0	1440
71	   8.9084	  26.5640	1	0	1440
72	   6.4306	  28.6864	1	0	1440
73	   6.0316	   3.4058	1	0	1440
74	  17.5623	   1.6393	1	0	1440
75	   8.1918	  11.5268	-1	0	1440
76	  21.8529	   4.3316	-1	0	1440
77	   3.5635	  18.3772	-1	0	1440
78	  15.0048	  16.6587	-1	0	1440
79	   4.8198	  29.1236	-1	0	1440
80	   6.2143	   5.6145	-1	0	1440
81	  13.8436	  23.7692	-1	0	1440
82	  13.3766	  27.6995	-1	0	1440
83	  14.8784	  13.9357	-1	0	1440
84	  12.7052	   6.0700	-1	0	1440
85	  16.5000	  18.6634	-1	0	1440
86	   7.8073	  26.6894	-1	0	1440
87	   7.2525	  29.5061	-1	0	1440
88	   8.9562	   2.2686	-1	0	1440
89	  19.4058	   4.7744	-1	0	1440
90	  20.9171	  11.0020	0	0	1440
91	  23.1658	  14.5397	0	0	1440
92	   3.9821	   5.0190	0	0	1440
93	  15.3645	  26.7950	0	0	1440
94	  10.7291	  16.3161	0	0	1440
95	  15.6076	  14.2082	0	0	1440
96	  16.6532	  19.6484	0	0	1440
97	  10.7674	  16.4600	0	0	1440
98	  12.3254	  13.8705	0	0	1440
99	  11.7704	  28.5347	0	0	1440
100	  17.9739	   8.1449	0	0	1440
101	  28.5315	  12.0843	0	0	1440
102	   1.0175	  24.3021	0	0	1440
103	  18.3250	   8.3050	0	0	1440
104	  25.8103	   6.9879	0	0	1440
105	  23.7313	  27.4712	0	0	1440
106	  21.7547	   1.8077	0	0	1440
107	  10.2845	  18.2388	0	0	1440
108	  22.0858	  10.4550	0	0	1440
109	  18.3257	  18.5611	0	0	1440
110	  24.6625	  22.5601	0	0	1440
111	   3.3124	  18.9592	0	0	1440
112	   3.4378	  17.7478	0	0	1440
113	  21.1435	  25.2623	0	0	1440
114	  29.5741	   1.0089	0	0	1440
115	  28.6027	  18.4387	0	0	1440
116	  26.5658	  19.8072	0	0	1440
117	  27.0474	  24.7487	0	0	1440
118	  23.0065	  28.8940	0	0	1440
