9	5	10	10
0	  14.3219	  18.8661	3	1114	1114
1	  10.9435	  15.4020	3	133	133
2	  28.5669	  27.4859	3	1286	1286
3	   4.2481	  18.2091	3	74	74
4	   0.4890	   7.2866	3	182	182
5	   4.7004	  12.0283	3	211	211
6	   3.8937	   3.2643	3	936	936
7	  29.9677	   6.5477	3	814	814
8	  15.3880	  25.1734	3	259	259
9	  18.3792	   8.8809	3	492	492
10	  13.2031	  26.4023	-3	1114	1114
11	   8.0000	  16.1928	-3	133	133
12	  19.0714	  21.5189	-3	1286	1286
13	   4.1169	  24.1253	-3	74	74
14	   1.9251	   0.6007	-3	182	182
15	  12.0069	  26.7459	-3	211	211
16	  11.9531	  24.4430	-3	936	936
17	  29.5425	  28.0501	-3	814	814
18	  20.5266	  27.3292	-3	259	259
19	  18.5879	   8.4318	-3	492	492
20	  19.1266	  15.7286	1	0	1440
21	  14.8075	  29.1833	1	0	1440
22	   8.4994	  10.5738	1	0	1440
23	  24.2317	  27.5708	1	0	1440
24	   2.0927	  28.4798	1	0	1440
25	  15.7799	   2.5817	1	0	1440
26	  13.7311	   1.8929	1	0	1440
27	  27.0662	  25.5276	1	0	1440
28	  15.3761	  20.0317	1	0	1440
29	   8.5288	  22.1560	1	0	1440
30	  13.1291	  27.9551	-1	0	1440
31	  15.8023	  23.0974	-1	0	1440
32	  28.5076	  27.6038	-1	0	1440
33	  15.9482	   1.1784	-1	0	1440
34	  14.8633	  22.8143	-1	0	1440
35	   3.0951	   3.7823	-1	0	1440
36	  13.1868	  27.7191	-1	0	1440
37	  11.2562	  22.8075	-1	0	1440
38	  14.4747	   6.4747	-1	0	1440
39	  16.6933	  12.4950	-1	0	1440
40	  27.9243	  21.6286	0	0	1440
41	  26.7070	  10.4668	0	0	1440
42	   8.7755	  23.1407	0	0	1440
43	   5.6260	   8.2870	0	0	1440
44	   5.7664	  19.8968	0	0	1440
45	   7.1484	  29.1190	0	0	1440
46	  19.7191	  25.7603	0	0	1440
47	  10.5108	  20.6001	0	0	1440
48	  19.1994	  10.6215	0	0	1440
