14	5	15	5
0	  28.5149	   5.6465	3	145	145
1	   6.8701	  28.4504	3	890	890
2	   4.6880	  19.6225	3	1432	1432
3	  27.3846	   1.4145	3	1411	1411
4	  18.1958	  24.4712	3	184	184
5	  29.0691	  28.1217	3	527	527
6	  15.1754	   9.7165	3	918	918
7	  22.2552	  10.9808	3	147	147
8	  26.6959	  23.5777	3	908	908
9	  16.6558	  15.6433	3	861	861
10	   1.0134	  25.3847	3	796	796
11	  16.0403	   5.7014	3	1076	1076
12	  15.0072	  26.9118	3	355	355
13	  29.1501	  12.3919	3	756	756
14	  28.3263	  17.3460	3	609	609
15	  24.6960	   4.8295	-3	145	145
16	   4.7762	  28.9581	-3	890	890
17	   2.6092	  20.7910	-3	1432	1432
18	  27.1302	   1.7007	-3	1411	1411
19	  19.0749	  25.3669	-3	184	184
20	  29.5426	  25.1534	-3	527	527
21	  16.1928	   9.8263	-3	918	918
22	  23.4056	   7.7911	-3	147	147
23	  28.4402	  24.1283	-3	908	908
24	  20.8870	  16.6611	-3	861	861
25	   3.3732	  27.0134	-3	796	796
26	  14.2850	   4.1832	-3	1076	1076
27	  22.6260	  28.2522	-3	355	355
28	  24.9741	  10.8521	-3	756	756
29	  27.4630	  20.2439	-3	609	609
30	   6.8630	  27.3955	1	0	1440
31	  15.4677	   3.9933	1	0	1440
32	  13.7097	  10.3561	1	0	1440
33	  12.1245	  16.1984	1	0	1440
34	  11.5653	  29.3113	1	0	1440
35	   3.6078	  29.7237	-1	0	1440
36	  19.0418	   5.9649	-1	0	1440
37	  18.7892	  12.5787	-1	0	1440
38	   6.9153	   9.9288	-1	0	1440
39	   2.5109	  28.2097	-1	0	1440
40	  10.7967	   1.1994	0	0	1440
41	  10.8715	  23.4488	0	0	1440
42	  10.8601	  25.6627	0	0	1440
43	   2.9514	  26.5592	0	0	1440
44	   7.5148	  11.7401	0	0	1440
45	   1.7412	  17.4302	0	0	1440
46	  18.5146	  17.5898	0	0	1440
47	   4.4180	  12.9974	0	0	1440
48	  11.2599	  18.3987	0	0	1440
49	  25.6666	  22.1685	0	0	1440
50	   3.8165	  26.3867	0	0	1440
51	   7.9129	   4.3504	0	0	1440
52	  29.0962	   0.6431	0	0	1440
53	  21.3369	  15.7378	0	0	1440
