9	5	10	10
0	  28.5669	  27.4859	3	433	433
1	  19.0714	  21.5189	3	557	557
2	   4.2481	  18.2091	3	323	323
3	   4.1169	  24.1253	3	210	210
4	   4.7004	  12.0283	3	355	355
5	   3.8937	   3.2643	3	1280	1280
6	  29.9677	   6.5477	3	224	224
7	  15.3880	  25.1734	3	835	835
8	  18.3792	   8.8809	3	1180	1180
9	  19.1266	  15.7286	3	644	644
10	  20.5266	  27.3292	-3	433	433
11	  19.7191	  25.7603	-3	557	557
12	   4.4298	  26.4319	-3	323	323
13	   7.1484	  29.1190	-3	210	210
14	   8.4994	  10.5738	-3	355	355
15	  13.7311	   1.8929	-3	1280	1280
16	  20.6358	   4.9792	-3	224	224
17	  15.8023	  23.0974	-3	835	835
18	  19.2324	  12.9586	-3	1180	1180
19	  23.5801	   9.2237	-3	644	644
20	  14.8075	  29.1833	1	0	1440
21	  12.0069	  26.7459	1	0	1440
22	   2.0927	  28.4798	1	0	1440
23	  15.7799	   2.5817	1	0	1440
24	  26.7070	  10.4668	1	0	1440
25	   1.9251	   0.6007	1	0	1440
26	  27.0662	  25.5276	1	0	1440
27	   8.0000	  16.1928	1	0	1440
28	  11.2562	  22.8075	1	0	1440
29	  15.9482	   1.1784	1	0	1440
30	  13.1291	  27.9551	-1	0	1440
31	  13.2031	  26.4023	-1	0	1440
32	  10.5108	  20.6001	-1	0	1440
33	  14.4747	   6.4747	-1	0	1440
34	  19.1994	  10.6215	-1	0	1440
35	   5.6260	   8.2870	-1	0	1440
36	  27.9243	  21.6286	-1	0	1440
37	   6.8690	  26.8012	-1	0	1440
38	  15.3761	  20.0317	-1	0	1440
39	  13.4110	   6.7832	-1	0	1440
40	  10.9435	  15.4020	0	0	1440
41	  24.2317	  27.5708	0	0	1440
42	   5.7664	  19.8968	0	0	1440
43	   8.5288	  22.1560	0	0	1440
44	   8.7755	  23.1407	0	0	1440
45	  11.9531	  24.4430	0	0	1440
46	   5.0882	  27.2041	0	0	1440
47	   0.4890	   7.2866	0	0	1440
48	  14.3219	  18.8661	0	0	1440
