8	5	9	6
0	  24.2597	   6.0450	3	935	935
1	  23.6579	   2.1818	3	395	395
2	  12.7682	   3.8715	3	59	59
3	  17.1857	  12.9427	3	273	273
4	   4.2410	   8.1916	3	1295	1295
5	  10.6837	   6.9318	3	945	945
6	  29.8576	  12.6216	3	575	575
7	   2.5410	  16.4970	3	248	248
8	   7.0192	   5.5253	3	533	533
9	  22.4983	  11.8008	-3	935	935
10	  17.4827	   2.4073	-3	395	395
11	  10.0729	   2.0376	-3	59	59
12	  17.5245	  15.1773	-3	273	273
13	   1.2071	   8.4590	-3	1295	1295
14	   9.7978	   8.2391	-3	945	945
15	  29.1715	  10.0505	-3	575	575
16	   1.3267	  20.9851	-3	248	248
17	   4.5303	   5.0481	-3	533	533
18	   8.6776	   1.2788	1	0	1440
19	   3.4606	  25.4488	1	0	1440
20	  29.3203	  12.2241	1	0	1440
21	  17.9355	   3.4125	1	0	1440
22	  18.2421	  22.5721	1	0	1440
23	  24.6097	  26.6921	1	0	1440
24	   3.1298	   3.9803	-1	0	1440
25	   5.2468	  24.4672	-1	0	1440
26	  20.3136	  16.2457	-1	0	1440
27	  13.6666	  13.7568	-1	0	1440
28	  19.9969	  26.5246	-1	0	1440
29	  10.6261	  26.3651	-1	0	1440
30	   0.0025	   6.7367	0	0	1440
31	   8.5891	   6.3853	0	0	1440
32	   4.6366	  12.5959	0	0	1440
33	  16.0084	  28.3150	0	0	1440
34	  10.7302	   5.7114	0	0	1440
35	  11.5703	   2.3355	0	0	1440
36	  25.0384	  16.2288	0	0	1440
37	  13.8785	  22.7029	0	0	1440
