14	5	15	5
0	   6.3789	   7.0018	3	835	835
1	  29.6896	  14.9824	3	986	986
2	  17.4282	  11.1926	3	759	759
3	   3.3838	  19.4156	3	234	234
4	  25.1252	   5.0523	3	1080	1080
5	  26.7433	  23.8306	3	371	371
6	  18.8997	   6.0802	3	317	317
7	  12.2522	   8.8818	3	1148	1148
8	  13.9294	  16.6683	3	1308	1308
9	  27.4251	  24.1501	3	832	832
10	  17.8273	   6.7598	3	642	642
11	  24.4422	   0.8941	3	566	566
12	  12.3781	  22.3913	3	455	455
13	   3.7394	   8.1788	3	57	57
14	   8.3271	   8.9033	3	212	212
15	  13.8517	   5.7468	-3	835	835
16	   9.4698	   8.3008	-3	986	986
17	  20.2433	   9.2166	-3	759	759
18	  19.1497	   5.9049	-3	234	234
19	  29.4972	   2.2668	-3	1080	1080
20	  11.5675	  21.1676	-3	371	371
21	  29.5854	   0.1878	-3	317	317
22	  27.5748	  12.7176	-3	1148	1148
23	   8.6196	  29.7308	-3	1308	1308
24	  16.4974	   6.2561	-3	832	832
25	  12.5040	  26.3973	-3	642	642
26	  16.3754	   4.2617	-3	566	566
27	  11.7096	  18.7569	-3	455	455
28	  19.3713	  14.9513	-3	57	57
29	  11.8228	  16.7708	-3	212	212
30	  13.4066	  20.5793	1	0	1440
31	  17.7850	  27.3360	1	0	1440
32	  21.4861	  25.0750	1	0	1440
33	  21.9700	  28.6913	1	0	1440
34	   8.8035	  11.2950	1	0	1440
35	  21.0986	   2.8728	-1	0	1440
36	   1.7614	  28.5704	-1	0	1440
37	   4.3404	   8.0926	-1	0	1440
38	   7.8234	  17.0532	-1	0	1440
39	  18.1198	  15.1680	-1	0	1440
40	  29.3853	  28.8629	0	0	1440
41	  21.6190	   1.4675	0	0	1440
42	  20.0036	   7.3265	0	0	1440
43	   7.2476	  15.2101	0	0	1440
44	  13.7347	   6.6694	0	0	1440
45	   8.7857	   0.1683	0	0	1440
46	  21.4723	  13.0850	0	0	1440
47	   7.2051	  22.7347	0	0	1440
48	  16.3146	  16.5830	0	0	1440
49	  12.9803	  24.0871	0	0	1440
50	   7.1721	   5.4901	0	0	1440
51	  29.3931	  11.3992	0	0	1440
52	  17.8097	  16.4122	0	0	1440
53	  10.5832	  14.4965	0	0	1440
