6	5	7	6
0	  22.7938	  10.5196	3	1364	1364
1	  26.4804	   7.8715	3	601	601
2	  13.6720	  12.0142	3	662	662
3	  22.9596	  25.7073	3	317	317
4	  12.5188	  24.1214	3	914	914
5	   2.3779	  12.7428	3	797	797
6	   8.9787	   4.8315	3	147	147
7	  20.2229	   9.3804	-3	1364	1364
8	  26.5358	   3.8264	-3	601	601
9	  18.8605	  14.6336	-3	662	662
10	  23.4613	  27.2177	-3	317	317
11	  12.3549	  21.4268	-3	914	914
12	   3.7683	   7.9658	-3	797	797
13	   8.3480	   3.1561	-3	147	147
14	   6.2326	  16.6266	1	0	1440
15	   2.0913	   7.8580	1	0	1440
16	  28.6083	   1.4698	1	0	1440
17	  22.1950	   8.4000	1	0	1440
18	  22.4407	   4.3366	1	0	1440
19	   2.4853	  29.6121	1	0	1440
20	  15.2994	  14.5805	-1	0	1440
21	  17.0933	  18.3267	-1	0	1440
22	  23.1060	   5.0791	-1	0	1440
23	  25.3670	   6.7780	-1	0	1440
24	  12.4481	   4.8632	-1	0	1440
25	   8.9055	  27.6508	-1	0	1440
26	   5.7268	  16.9212	0	0	1440
27	   2.2838	  19.6418	0	0	1440
28	  19.5062	  15.2345	0	0	1440
29	  26.7910	  11.3013	0	0	1440
30	  14.8562	  15.9866	0	0	1440
31	   9.6947	  18.0817	0	0	1440
