1.47
260.582
6
72 101
75 104
82 111
83 112
88 117
98 127
88
70 0
27 0
99 0
71 1
3 1
18 1
13 1
100 1
72 2
101 2
73 3
4 3
21 3
102 3
74 4
24 4
103 4
75 5
104 5
76 6
2 6
105 6
77 7
0 7
106 7
78 8
15 8
107 8
79 9
12 9
108 9
80 10
25 10
109 10
81 11
16 11
110 11
82 12
111 12
83 13
112 13
84 14
8 14
14 14
113 14
85 15
28 15
114 15
86 16
10 16
115 16
87 17
11 17
116 17
88 18
117 18
89 19
17 19
118 19
90 20
7 20
26 20
119 20
91 21
29 21
5 21
120 21
92 22
22 22
121 22
93 23
6 23
122 23
94 24
19 24
23 24
123 24
95 25
20 25
124 25
96 26
9 26
125 26
97 27
1 27
126 27
98 28
127 28
59
70 27
27 99
71 3
3 18
18 13
13 100
72 101
73 4
4 21
21 102
74 24
24 103
75 104
76 2
2 105
77 0
0 106
78 15
15 107
79 12
12 108
80 25
25 109
81 16
16 110
82 111
83 112
84 8
8 14
14 113
85 28
28 114
86 10
10 115
87 11
11 116
88 117
89 17
17 118
90 7
7 26
26 119
91 29
29 5
5 120
92 22
22 121
93 6
6 122
94 19
19 23
23 123
95 20
20 124
96 9
9 125
97 1
1 126
98 127
