37.7910   -122.4326   0.0 0.0
37.7910   -122.4326   3.0 672.0
37.7854   -122.4309   3.0 683.0
37.7900   -122.4058   3.0 692.0
37.7856   -122.4138   3.0 703.0
37.6938   -122.4623   1.0 611.0
37.7113   -122.4240   1.0 698.0
37.7946   -122.3979   1.0 709.0
37.6971   -122.4403   1.0 697.0
37.7772   -122.3948   -3.0 672.0
37.7892   -122.4070   -3.0 683.0
37.7716   -122.3987   -3.0 692.0
37.5306   -122.2620   -3.0 703.0
37.7191   -122.4273   -1.0 611.0
37.6812   -122.4451   -1.0 698.0
37.7038   -122.4482   -1.0 709.0
37.7543   -122.4366   -1.0 697.0
37.7910   -122.4326   0.0 0.0
