8	5	40	40
0	  15.7524	   1.4876	3	527	527
1	   3.9275	   9.4460	3	859	859
2	   0.8819	  11.6940	3	1124	1124
3	   0.7711	  10.5381	3	745	745
4	   9.9624	   1.8195	3	850	850
5	   6.9373	  15.3089	3	365	365
6	  18.6948	   5.5112	3	689	689
7	   4.1769	  24.7103	3	855	855
8	  19.9783	  19.9293	3	1141	1141
9	   1.1979	  23.9059	3	971	971
10	   4.3752	   2.0797	3	1297	1297
11	  10.5999	   5.1463	3	1153	1153
12	  12.6179	  20.5623	3	209	209
13	   6.9659	   0.6248	3	1237	1237
14	  19.3867	  12.8916	3	520	520
15	  18.6026	   9.5326	3	1320	1320
16	   0.5670	  21.8274	3	707	707
17	  21.5415	  12.2231	3	1015	1015
18	  11.5026	  22.4473	3	693	693
19	  20.2235	   3.9165	3	645	645
20	  14.1430	  13.9183	3	323	323
21	   9.4277	  18.3199	3	1244	1244
22	  13.6285	   4.4061	3	246	246
23	  13.2492	  14.8264	3	1041	1041
24	   3.3119	  17.6244	3	1300	1300
25	  16.9061	  13.9118	3	859	859
26	   9.4741	   4.7366	3	814	814
27	   5.1488	   3.8608	3	342	342
28	  17.6282	  23.7514	3	256	256
29	  13.3935	  18.1952	3	752	752
30	  20.5788	  18.6793	3	585	585
31	   5.9024	   0.8914	3	106	106
32	  14.5675	   1.1259	3	933	933
33	  15.0442	  14.2357	3	1031	1031
34	  22.0304	   3.6727	3	173	173
35	  18.4991	  21.9537	3	453	453
36	  10.8655	   0.6747	3	67	67
37	  14.9292	  20.3396	3	833	833
38	   5.4113	  20.0780	3	630	630
39	  24.2005	  23.0395	3	530	530
40	  15.9834	   1.1484	-3	527	527
41	   5.2694	  10.9783	-3	859	859
42	   0.1072	  11.1567	-3	1124	1124
43	   1.2049	   9.2778	-3	745	745
44	  10.2166	   1.3265	-3	850	850
45	   5.9750	  13.9526	-3	365	365
46	  18.2714	   5.1864	-3	689	689
47	   3.7788	  24.2662	-3	855	855
48	  20.4243	  20.9057	-3	1141	1141
49	   2.5045	  23.0285	-3	971	971
50	   4.7042	   1.8125	-3	1297	1297
51	  11.5302	   5.1610	-3	1153	1153
52	  10.8993	  21.1763	-3	209	209
53	   7.1165	   0.5175	-3	1237	1237
54	  20.5728	  12.7085	-3	520	520
55	  18.6417	  10.2796	-3	1320	1320
56	   0.5585	  21.8370	-3	707	707
57	  21.8537	  11.9636	-3	1015	1015
58	  12.5155	  23.9163	-3	693	693
59	  20.6943	   3.9309	-3	645	645
60	  14.5086	  13.7389	-3	323	323
61	   9.2738	  19.3696	-3	1244	1244
62	  14.9287	   3.5621	-3	246	246
63	  13.5604	  14.1329	-3	1041	1041
64	   3.3605	  17.0175	-3	1300	1300
65	  16.7695	  14.7412	-3	859	859
66	   9.1534	   5.3807	-3	814	814
67	   4.8079	   3.7105	-3	342	342
68	  18.3211	  23.6302	-3	256	256
69	  14.3510	  18.6671	-3	752	752
70	  22.3334	  18.6494	-3	585	585
71	   6.2999	   3.1866	-3	106	106
72	  12.2674	   3.3088	-3	933	933
73	  14.1460	  14.7594	-3	1031	1031
74	  22.1071	   1.9797	-3	173	173
75	  19.9419	  21.4045	-3	453	453
76	  10.9228	   2.0194	-3	67	67
77	  14.2784	  21.6991	-3	833	833
78	   4.9281	  19.8863	-3	630	630
79	  23.2965	  24.3234	-3	530	530
80	  18.8294	  12.5940	1	0	1440
81	  16.2346	  14.4082	1	0	1440
82	   6.2733	   5.6235	1	0	1440
83	   6.5285	  12.1757	1	0	1440
84	   6.5149	  21.0961	1	0	1440
85	  24.8066	   3.3458	1	0	1440
86	   7.0185	  19.2002	1	0	1440
87	  16.1539	  10.0205	1	0	1440
88	  22.3590	  16.1065	1	0	1440
89	  20.9299	  21.5595	1	0	1440
90	   4.1676	  15.4267	1	0	1440
91	  11.0041	  10.6961	1	0	1440
92	   2.6024	  17.5190	1	0	1440
93	   6.7922	  15.9039	1	0	1440
94	   3.8418	   6.5988	1	0	1440
95	  19.2497	   4.4003	1	0	1440
96	  23.6006	  10.5523	1	0	1440
97	  16.7739	   6.2680	1	0	1440
98	  24.2497	  19.8458	1	0	1440
99	  16.9012	   3.4173	1	0	1440
100	  10.2725	   2.9053	1	0	1440
101	  14.1135	  12.8748	1	0	1440
102	  24.2966	   2.2671	1	0	1440
103	  16.4926	   1.0823	1	0	1440
104	  13.7908	   8.7955	1	0	1440
105	  22.9283	  15.7078	1	0	1440
106	  11.8416	   8.6206	1	0	1440
107	   3.4664	  19.1296	1	0	1440
108	  24.5278	   5.3924	1	0	1440
109	   3.4209	  20.3920	1	0	1440
110	   7.9726	   2.7175	1	0	1440
111	  22.6591	  24.4652	1	0	1440
112	  11.5305	  17.5907	1	0	1440
113	   5.0251	  22.8001	1	0	1440
114	  17.8747	   8.4915	1	0	1440
115	  16.9296	   7.3833	1	0	1440
116	  22.2304	  13.9646	1	0	1440
117	  11.0055	  23.8441	1	0	1440
118	   6.4238	  10.5333	1	0	1440
119	  10.3750	  16.2004	1	0	1440
120	  18.9447	  11.6778	-1	0	1440
121	  16.7652	  13.0653	-1	0	1440
122	   6.7883	   5.3159	-1	0	1440
123	   7.4095	  13.1361	-1	0	1440
124	   5.3213	  22.2301	-1	0	1440
125	  23.5819	   2.1706	-1	0	1440
126	   6.8290	  18.8800	-1	0	1440
127	  14.6806	   9.0370	-1	0	1440
128	  21.6323	  15.0661	-1	0	1440
129	  18.5413	  20.5382	-1	0	1440
130	   4.9627	  14.1709	-1	0	1440
131	  10.6923	  11.5205	-1	0	1440
132	   2.7451	  16.7153	-1	0	1440
133	   5.2876	  14.5893	-1	0	1440
134	   5.8811	   6.5339	-1	0	1440
135	  18.7020	   5.3684	-1	0	1440
136	  22.2468	   8.7780	-1	0	1440
137	  17.2120	   6.5936	-1	0	1440
138	  23.4224	  19.0274	-1	0	1440
139	  18.3333	   2.3512	-1	0	1440
140	  11.3977	   1.7074	-1	0	1440
141	  17.0216	  12.0653	-1	0	1440
142	  22.7216	   2.5846	-1	0	1440
143	  16.7513	   5.3281	-1	0	1440
144	  12.5656	   7.6574	-1	0	1440
145	  20.0034	  14.1748	-1	0	1440
146	  11.9298	   9.5424	-1	0	1440
147	   4.5736	  18.8818	-1	0	1440
148	  23.4762	   4.8638	-1	0	1440
149	   3.0318	  18.7081	-1	0	1440
150	   5.7515	   3.9239	-1	0	1440
151	  23.8102	  23.6586	-1	0	1440
152	  11.5221	  17.7125	-1	0	1440
153	   5.1854	  23.0512	-1	0	1440
154	  17.5980	   8.4167	-1	0	1440
155	  15.1257	   6.0435	-1	0	1440
156	  22.3630	  11.5086	-1	0	1440
157	   9.7644	  23.8745	-1	0	1440
158	   5.5872	  12.0390	-1	0	1440
159	  10.3528	  17.0875	-1	0	1440
160	   4.2365	  23.1493	0	0	1440
161	   6.7782	  20.6509	0	0	1440
162	   6.7655	   4.3572	0	0	1440
163	   2.2284	  11.0913	0	0	1440
164	   3.6665	   5.9403	0	0	1440
165	  20.6267	  24.7141	0	0	1440
166	   4.0435	  14.6997	0	0	1440
167	   1.7857	  14.7545	0	0	1440
