2014-04-23 01:04:36 WARN  DiskStorePathManager:162 - diskStorePath 'C:\Users\MSTOBBE\AppData\Local\Temp\2' is already used by an existing CacheManager either in the same VM or in a different process.
The diskStore path for this CacheManager will be set to C:\Users\MSTOBBE\AppData\Local\Temp\2\ehcache_auto_created4471792669610803271diskstore.
To avoid this warning consider using the CacheManager factory methods to create a singleton CacheManager or specifying a separate ehcache configuration (ehcache.xml) for each CacheManager instance.
2014-04-23 01:04:36 INFO  DataDomainProvider:253 - setting DataNode 'datanode' as default, used by all unlinked DataMaps
2014-04-23 01:04:37 INFO  EhCacheManager:159 - Cache with name 'nl.tue.opac.concoord.NoPasswordRealm.authorizationCache' does not yet exist.  Creating now.
2014-04-23 01:04:37 INFO  EhCacheManager:166 - Added EhCache named [nl.tue.opac.concoord.NoPasswordRealm.authorizationCache]
2014-04-23 01:04:37 INFO  AbstractValidatingSessionManager:224 - Enabling session validation scheduler...
2014-04-23 01:04:40 INFO  UpdateChecker:80 - This is the latest GA release.
feasirouteall [[0, 3, 79, 73, 99, 88, 17, 184, 175, 61, 169, 29, 27, 113, 123, 125, 157, 59, 91, 64, 160, 187, 155, 35, 131, 193], [0, 12, 108, 57, 21, 117, 82, 153, 83, 23, 119, 179, 26, 178, 122, 81, 95, 177, 191, 193], [0, 74, 92, 78, 170, 86, 182, 24, 62, 188, 174, 9, 50, 120, 105, 158, 4, 48, 146, 100, 144, 44, 140, 193], [0, 33, 1, 40, 136, 32, 97, 129, 128, 19, 31, 127, 55, 52, 115, 148, 68, 28, 124, 151, 164, 193], [0, 90, 71, 60, 66, 186, 167, 162, 45, 87, 156, 54, 42, 141, 76, 172, 183, 150, 5, 138, 101, 193], [0, 41, 51, 20, 147, 34, 130, 58, 137, 116, 7, 16, 93, 154, 189, 6, 103, 112, 75, 102, 94, 171, 190, 193], [0, 69, 10, 39, 135, 106, 13, 165, 80, 176, 46, 11, 107, 109, 53, 14, 110, 142, 25, 149, 72, 121, 67, 56, 89, 152, 168, 185, 163, 193], [0, 70, 30, 2, 98, 22, 96, 84, 166, 126, 118, 192, 65, 180, 161, 18, 8, 114, 37, 49, 104, 38, 133, 145, 134, 193], [0, 15, 63, 43, 159, 111, 139, 47, 143, 77, 36, 85, 132, 173, 181, 193]]
feasibenefit 701.3058193787209
lastindex 15002 17901
time	1189
feasirouteall [[0, 63, 90, 31, 127, 159, 19, 10, 186, 115, 13, 106, 109, 25, 95, 121, 67, 75, 191, 94, 163, 171, 190, 193], [0, 82, 9, 51, 20, 105, 147, 178, 116, 80, 176, 14, 11, 107, 110, 81, 5, 89, 177, 101, 185, 193], [0, 18, 71, 167, 55, 52, 151, 8, 114, 48, 104, 148, 16, 85, 112, 144, 181, 193], [0, 12, 108, 73, 57, 30, 60, 22, 153, 84, 169, 156, 126, 118, 29, 54, 180, 91, 59, 125, 150, 155, 72, 38, 187, 168, 134, 193], [0, 32, 2, 3, 128, 39, 47, 99, 143, 98, 34, 130, 66, 135, 93, 162, 24, 120, 37, 189, 42, 138, 133, 36, 132, 193], [0, 21, 117, 41, 83, 179, 17, 113, 27, 137, 123, 7, 68, 50, 6, 103, 146, 44, 164, 140, 4, 100, 102, 56, 152, 193], [0, 1, 40, 33, 136, 15, 97, 111, 129, 69, 96, 65, 192, 165, 161, 193], [0, 92, 78, 43, 174, 74, 188, 58, 139, 88, 170, 184, 61, 154, 157, 28, 124, 49, 77, 64, 53, 160, 145, 149, 173, 193], [0, 70, 79, 62, 86, 158, 23, 166, 175, 182, 119, 45, 87, 26, 141, 76, 35, 172, 122, 183, 46, 142, 131, 193]]
feasibenefit 708.0449011557471
lastindex 17971 21201
time	1314
feasirouteall [[0, 32, 12, 74, 3, 128, 108, 79, 99, 62, 170, 158, 17, 175, 84, 61, 180, 113, 27, 59, 157, 123, 14, 155, 35, 46, 142, 110, 25, 131, 121, 36, 132, 193], [0, 34, 130, 47, 143, 88, 23, 119, 184, 8, 104, 89, 67, 185, 163, 193], [0, 40, 1, 136, 97, 73, 57, 30, 60, 126, 156, 169, 153, 50, 18, 146, 114, 10, 91, 106, 187, 4, 48, 100, 144, 94, 44, 140, 190, 193], [0, 92, 78, 43, 174, 71, 82, 188, 178, 58, 139, 19, 167, 39, 135, 154, 9, 115, 105, 28, 124, 49, 37, 77, 53, 149, 72, 145, 133, 173, 168, 193], [0, 63, 15, 33, 31, 129, 111, 159, 127, 55, 52, 151, 87, 45, 26, 54, 148, 141, 183, 122, 150, 81, 95, 177, 75, 191, 171, 193], [0, 90, 51, 86, 20, 147, 182, 22, 186, 116, 118, 76, 172, 11, 107, 64, 160, 85, 56, 181, 152, 193], [0, 2, 21, 117, 70, 98, 83, 96, 166, 179, 65, 5, 192, 68, 161, 101, 164, 193], [0, 66, 80, 176, 13, 93, 162, 109, 16, 38, 189, 6, 102, 112, 134, 193], [0, 69, 41, 29, 165, 7, 137, 125, 24, 120, 103, 42, 138, 193]]
feasibenefit 718.7203423057414
lastindex 16481 16501
time	1052
2014-04-23 02:04:37 INFO  AbstractValidatingSessionManager:265 - Validating all active sessions...
2014-04-23 02:04:37 INFO  AbstractValidatingSessionManager:298 - Finished session validation.  [1] sessions were stopped.
feasirouteall [[0, 1, 32, 12, 108, 97, 128, 79, 73, 9, 43, 169, 41, 175, 139, 105, 52, 24, 137, 7, 50, 148, 120, 4, 146, 103, 48, 100, 6, 102, 44, 140, 144, 193], [0, 40, 86, 136, 63, 182, 51, 31, 147, 20, 159, 127, 55, 39, 116, 135, 151, 53, 77, 14, 173, 149, 25, 110, 81, 5, 177, 121, 101, 193], [0, 3, 99, 84, 83, 17, 179, 180, 66, 113, 162, 193], [0, 62, 10, 47, 69, 158, 23, 119, 143, 106, 65, 165, 68, 161, 164, 49, 37, 54, 28, 124, 150, 145, 133, 38, 134, 193], [0, 74, 70, 22, 88, 170, 45, 184, 166, 118, 141, 35, 95, 46, 142, 72, 131, 75, 191, 171, 168, 193], [0, 21, 117, 29, 27, 13, 80, 176, 123, 125, 11, 107, 59, 109, 155, 193], [0, 33, 15, 71, 82, 34, 129, 111, 178, 19, 167, 130, 58, 91, 154, 115, 36, 187, 85, 132, 89, 181, 94, 185, 190, 193], [0, 18, 96, 87, 26, 114, 192, 76, 172, 183, 122, 67, 163, 193], [0, 92, 78, 188, 57, 2, 30, 60, 174, 98, 90, 153, 61, 126, 156, 8, 186, 157, 93, 16, 64, 160, 104, 189, 42, 138, 112, 56, 152, 193]]
feasibenefit 717.8633556261864
lastindex 12151 18801
time	1123
feasirouteall [[0, 74, 66, 62, 162, 88, 170, 158, 45, 87, 184, 54, 141, 76, 35, 172, 183, 46, 150, 81, 142, 25, 131, 89, 177, 121, 67, 94, 185, 163, 190, 193], [0, 40, 1, 136, 47, 97, 3, 99, 86, 143, 182, 41, 96, 29, 61, 42, 192, 137, 125, 157, 138, 193], [0, 92, 78, 20, 82, 174, 188, 79, 178, 116, 80, 176, 65, 175, 161, 11, 107, 193], [0, 90, 17, 23, 119, 113, 58, 186, 154, 18, 50, 28, 26, 114, 146, 124, 122, 95, 5, 75, 191, 101, 171, 193], [0, 12, 108, 57, 73, 70, 69, 84, 169, 166, 153, 180, 165, 36, 64, 53, 85, 160, 132, 149, 181, 193], [0, 60, 30, 2, 98, 22, 83, 156, 179, 126, 118, 68, 93, 164, 37, 8, 49, 189, 104, 77, 133, 145, 173, 193], [0, 33, 63, 15, 32, 128, 129, 111, 159, 55, 52, 24, 9, 151, 120, 105, 148, 56, 152, 193], [0, 27, 51, 31, 147, 127, 13, 7, 123, 16, 109, 6, 103, 44, 4, 140, 112, 48, 102, 100, 144, 193], [0, 43, 71, 21, 117, 10, 34, 139, 19, 167, 130, 39, 106, 135, 91, 14, 115, 187, 59, 110, 72, 155, 38, 134, 168, 193]]
feasibenefit 695.5715843282156
lastindex 15769 19301
time	1082
feasirouteall [[0, 92, 78, 43, 41, 90, 82, 174, 188, 139, 178, 137, 186, 80, 176, 95, 81, 72, 16, 168, 112, 191, 56, 177, 152, 193], [0, 86, 20, 182, 88, 18, 116, 65, 50, 161, 184, 146, 114, 6, 102, 48, 75, 144, 171, 193], [0, 62, 9, 96, 51, 147, 105, 158, 87, 26, 192, 76, 35, 172, 46, 183, 122, 142, 131, 89, 67, 185, 163, 193], [0, 57, 30, 2, 69, 98, 22, 71, 153, 126, 118, 165, 13, 14, 167, 109, 59, 11, 107, 110, 155, 193], [0, 21, 60, 117, 84, 17, 29, 156, 61, 180, 113, 27, 7, 123, 125, 157, 38, 103, 94, 134, 190, 193], [0, 40, 63, 136, 31, 159, 127, 55, 19, 24, 52, 120, 151, 115, 93, 148, 42, 189, 138, 193], [0, 32, 12, 47, 128, 108, 3, 79, 74, 99, 143, 175, 23, 170, 45, 119, 8, 141, 5, 104, 68, 28, 124, 44, 164, 101, 140, 193], [0, 33, 1, 34, 97, 129, 130, 39, 10, 66, 106, 135, 91, 162, 64, 53, 77, 36, 187, 160, 85, 132, 173, 149, 25, 181, 121, 193], [0, 15, 70, 73, 111, 58, 154, 83, 166, 179, 169, 54, 49, 37, 4, 100, 150, 133, 145, 193]]
feasibenefit 645.0309116104088
lastindex 23403 25001
time	1354
2014-04-23 03:04:38 INFO  AbstractValidatingSessionManager:265 - Validating all active sessions...
2014-04-23 03:04:38 INFO  AbstractValidatingSessionManager:298 - Finished session validation.  No sessions were stopped.
feasirouteall [[0, 34, 130, 39, 24, 62, 66, 135, 13, 91, 120, 158, 187, 162, 64, 109, 85, 160, 81, 181, 75, 56, 177, 152, 171, 193], [0, 3, 99, 90, 88, 29, 184, 87, 17, 113, 186, 14, 125, 46, 183, 142, 25, 110, 95, 72, 89, 121, 67, 191, 94, 185, 163, 168, 190, 193], [0, 92, 33, 47, 129, 188, 79, 70, 27, 143, 175, 166, 8, 41, 137, 123, 7, 50, 104, 68, 6, 146, 103, 48, 102, 144, 164, 193], [0, 82, 71, 178, 58, 167, 10, 23, 45, 119, 154, 106, 80, 176, 42, 141, 49, 36, 77, 138, 38, 173, 145, 132, 134, 193], [0, 2, 30, 21, 117, 22, 98, 69, 9, 126, 118, 65, 165, 161, 105, 193], [0, 12, 74, 108, 73, 57, 60, 153, 170, 83, 84, 169, 156, 61, 179, 26, 54, 180, 53, 157, 149, 122, 150, 193], [0, 78, 43, 96, 20, 19, 139, 174, 116, 192, 115, 18, 5, 114, 101, 193], [0, 63, 51, 31, 86, 147, 55, 159, 127, 52, 182, 151, 93, 16, 148, 189, 28, 124, 44, 112, 140, 4, 100, 37, 133, 193], [0, 40, 1, 136, 15, 32, 128, 97, 111, 11, 107, 59, 155, 76, 35, 172, 131, 193]]
feasibenefit 687.9993065900162
lastindex 20029 21801
time	1645
feasirouteall [[0, 92, 78, 43, 82, 71, 174, 188, 66, 167, 139, 58, 178, 52, 162, 154, 148, 95, 5, 191, 75, 101, 171, 193], [0, 22, 30, 118, 126, 65, 42, 161, 138, 64, 53, 36, 160, 85, 132, 149, 181, 193], [0, 12, 74, 108, 79, 3, 99, 20, 170, 84, 175, 180, 46, 116, 142, 7, 16, 6, 103, 102, 112, 193], [0, 2, 57, 70, 98, 18, 83, 153, 50, 166, 179, 146, 26, 114, 54, 76, 35, 172, 122, 150, 131, 38, 134, 193], [0, 40, 1, 33, 136, 32, 128, 97, 129, 47, 143, 88, 17, 184, 29, 41, 113, 27, 123, 137, 125, 59, 14, 25, 110, 81, 155, 121, 177, 193], [0, 73, 60, 21, 117, 156, 96, 169, 61, 192, 13, 157, 109, 93, 68, 189, 49, 37, 164, 77, 133, 145, 173, 193], [0, 63, 51, 31, 147, 159, 55, 127, 19, 115, 91, 24, 187, 151, 4, 120, 100, 48, 44, 94, 144, 140, 190, 193], [0, 62, 69, 86, 158, 23, 119, 182, 165, 9, 87, 105, 11, 107, 183, 72, 168, 193], [0, 15, 90, 10, 34, 111, 130, 39, 186, 135, 106, 80, 176, 28, 8, 45, 124, 141, 104, 56, 89, 152, 67, 185, 163, 193]]
feasibenefit 700.1594884067185
lastindex 19023 21401
time	1514
2014-04-23 04:04:38 INFO  AbstractValidatingSessionManager:265 - Validating all active sessions...
2014-04-23 04:04:38 INFO  AbstractValidatingSessionManager:298 - Finished session validation.  No sessions were stopped.
feasirouteall [[0, 1, 40, 97, 63, 136, 15, 82, 9, 178, 111, 159, 55, 105, 24, 151, 120, 45, 8, 141, 104, 76, 35, 172, 131, 193], [0, 12, 108, 57, 30, 21, 60, 117, 153, 96, 156, 126, 192, 80, 176, 65, 42, 49, 161, 77, 138, 173, 38, 145, 134, 193], [0, 69, 34, 130, 165, 83, 23, 119, 179, 68, 50, 18, 114, 146, 37, 44, 164, 140, 133, 193], [0, 51, 86, 31, 182, 147, 20, 52, 127, 58, 116, 7, 148, 154, 91, 187, 4, 48, 103, 100, 144, 36, 132, 193], [0, 79, 73, 2, 98, 10, 169, 175, 84, 180, 66, 106, 162, 59, 155, 93, 64, 53, 160, 28, 124, 189, 149, 81, 56, 177, 152, 193], [0, 32, 128, 3, 47, 99, 74, 62, 70, 143, 88, 158, 170, 87, 184, 166, 61, 29, 13, 183, 11, 107, 125, 157, 16, 109, 85, 112, 6, 102, 181, 193], [0, 90, 41, 17, 27, 113, 186, 137, 123, 14, 25, 110, 72, 89, 121, 67, 94, 185, 163, 168, 190, 193], [0, 92, 78, 43, 33, 71, 174, 188, 129, 139, 39, 167, 19, 135, 22, 115, 26, 54, 118, 150, 46, 122, 142, 95, 5, 191, 75, 101, 171, 193], [0, 193]]
feasibenefit 703.1689181903711
lastindex 24685 25001
time	2218
feasirouteall [[0, 22, 88, 23, 119, 87, 184, 26, 118, 76, 35, 172, 183, 46, 122, 142, 95, 131, 6, 102, 191, 75, 94, 171, 190, 193], [0, 2, 21, 30, 60, 117, 98, 10, 61, 156, 126, 80, 176, 13, 106, 157, 109, 64, 160, 38, 134, 193], [0, 78, 92, 71, 82, 174, 70, 188, 178, 58, 167, 154, 83, 166, 179, 54, 56, 150, 89, 152, 185, 193], [0, 29, 20, 116, 125, 11, 107, 91, 36, 187, 85, 132, 181, 193], [0, 12, 108, 57, 73, 79, 69, 175, 169, 96, 84, 153, 180, 165, 65, 192, 18, 161, 50, 114, 146, 37, 8, 49, 42, 104, 138, 77, 173, 133, 145, 193], [0, 15, 9, 62, 34, 111, 130, 24, 105, 158, 120, 45, 48, 141, 5, 144, 101, 193], [0, 74, 86, 170, 17, 182, 41, 90, 186, 113, 27, 123, 137, 59, 53, 14, 25, 149, 110, 81, 72, 155, 177, 67, 121, 163, 168, 193], [0, 33, 40, 1, 43, 136, 97, 129, 47, 139, 66, 143, 52, 162, 16, 93, 148, 68, 189, 28, 124, 112, 164, 44, 140, 193], [0, 32, 128, 3, 99, 63, 51, 31, 147, 127, 159, 55, 19, 39, 135, 7, 115, 151, 4, 103, 100, 193]]
feasibenefit 671.5774491704419
lastindex 19096 22501
time	1788
average	694.9442076762567	645.0309116104088
time	14283	23.805
