49	5	50	50
0	  14.8047	  20.5359	3	799	799
1	  12.3919	   1.1697	3	245	245
2	   6.1167	  17.5422	3	300	300
3	  22.9892	  18.8862	3	31	31
4	   0.7314	   9.6092	3	932	932
5	  12.8072	   3.9603	3	1102	1102
6	  19.8021	  12.1093	3	603	603
7	   3.6364	  20.4026	3	141	141
8	   0.7942	  18.1911	3	1085	1085
9	   7.5792	  19.8369	3	559	559
10	  21.4302	  21.6801	3	1014	1014
11	  10.3260	  23.5602	3	134	134
12	  22.0183	   0.1307	3	879	879
13	  19.0961	   9.4102	3	133	133
14	   1.3005	   9.7279	3	1046	1046
15	   3.8867	   3.8329	3	1253	1253
16	   3.9115	  16.6939	3	161	161
17	   7.7933	  23.7136	3	878	878
18	  19.1162	  19.7479	3	859	859
19	  15.3807	  19.9104	3	763	763
20	  12.9390	  22.9599	3	912	912
21	  14.7473	   9.3692	3	430	430
22	   7.9294	  16.6582	3	701	701
23	   0.2040	   2.0255	3	588	588
24	   1.0684	   1.5045	3	236	236
25	  11.7534	   4.9522	3	155	155
26	  12.0639	   8.0665	3	237	237
27	  14.9527	  15.1654	3	210	210
28	   2.3687	  18.8393	3	629	629
29	  18.9983	   6.2802	3	1140	1140
30	  10.5332	   1.7916	3	1107	1107
31	  13.2213	  24.1099	3	750	750
32	   1.5619	   8.7676	3	707	707
33	  12.8600	   9.0449	3	77	77
34	  16.3473	  13.9284	3	751	751
35	  10.5494	   3.1007	3	309	309
36	  18.8805	  22.6133	3	501	501
37	  11.1672	   8.8332	3	676	676
38	   2.6725	   6.7770	3	1072	1072
39	  19.8161	  13.2057	3	256	256
40	  23.1556	  10.5485	3	557	557
41	   4.3636	  11.0156	3	109	109
42	  24.9440	   5.1429	3	1012	1012
43	  23.8116	  18.8245	3	107	107
44	   2.7561	   9.9788	3	212	212
45	   2.6577	  15.5348	3	80	80
46	  23.5147	   5.3302	3	682	682
47	  18.1405	  21.0780	3	996	996
48	   2.6704	  17.0602	3	928	928
49	   7.7043	   3.0624	3	864	864
50	   4.7078	  21.2170	-3	799	799
51	   6.9327	  11.2008	-3	245	245
52	  17.9040	   2.0173	-3	300	300
53	  20.4001	  14.7113	-3	31	31
54	   1.1166	  23.2686	-3	932	932
55	  18.5360	   5.8805	-3	1102	1102
56	   1.5374	  18.0910	-3	603	603
57	  15.2603	  10.6135	-3	141	141
58	  18.6926	   0.6727	-3	1085	1085
59	   7.7968	   1.8845	-3	559	559
60	  10.6348	  13.8645	-3	1014	1014
61	   9.6822	  12.5905	-3	134	134
62	  12.7787	  13.5359	-3	879	879
63	   0.2039	   4.6561	-3	133	133
64	  18.2673	  22.1671	-3	1046	1046
65	   3.8765	   9.4749	-3	1253	1253
66	  14.5938	  20.7531	-3	161	161
67	  16.0125	  22.4312	-3	878	878
68	   5.1110	  10.3738	-3	859	859
69	   5.0162	  11.7078	-3	763	763
70	  12.8154	   5.6107	-3	912	912
71	  22.3696	   9.9536	-3	430	430
72	  21.2609	  19.6274	-3	701	701
73	   1.7076	  15.0418	-3	588	588
74	  16.7370	  23.4646	-3	236	236
75	  22.3118	  18.3307	-3	155	155
76	   3.6761	  10.7912	-3	237	237
77	  22.4133	  11.4267	-3	210	210
78	  19.5934	  20.7108	-3	629	629
79	  21.7705	  21.5839	-3	1140	1140
80	   0.6834	  22.7161	-3	1107	1107
81	  22.7375	  13.2729	-3	750	750
82	   5.5606	   7.9253	-3	707	707
83	   5.6712	  24.6713	-3	77	77
84	   6.4700	  14.1313	-3	751	751
85	   8.1392	  24.8559	-3	309	309
86	  19.7622	  23.1811	-3	501	501
87	  21.8873	   0.0392	-3	676	676
88	  23.7600	  10.8970	-3	1072	1072
89	  15.9436	   0.3392	-3	256	256
90	   1.1987	   6.0220	-3	557	557
91	  13.2913	  15.2410	-3	109	109
92	  22.7816	   0.8595	-3	1012	1012
93	  22.2563	  10.7592	-3	107	107
94	  24.5904	   2.0688	-3	212	212
95	  12.8332	   5.3139	-3	80	80
96	  10.5389	  19.6559	-3	682	682
97	   7.8112	  14.6099	-3	996	996
98	  12.8536	  24.2113	-3	928	928
99	  19.1564	   5.4874	-3	864	864
100	   6.3956	   3.1717	1	0	1440
101	  14.1873	  16.8498	1	0	1440
102	  21.9926	   5.2816	1	0	1440
103	   7.9558	  24.7488	1	0	1440
104	  15.2836	  13.7750	1	0	1440
105	   7.1057	   9.4797	1	0	1440
106	  18.4759	   0.2463	1	0	1440
107	   5.5577	  21.1463	1	0	1440
108	  17.3065	  13.2620	1	0	1440
109	  24.2087	   2.3068	1	0	1440
110	   4.6158	   4.2248	1	0	1440
111	  14.0146	  11.0114	1	0	1440
112	   7.3966	  11.2709	1	0	1440
113	  10.7152	   0.1133	1	0	1440
114	  24.8621	  23.7824	1	0	1440
115	  19.9095	  10.2655	1	0	1440
116	  17.3633	  12.2160	1	0	1440
117	  14.5227	   3.1433	1	0	1440
118	  14.1547	   3.1935	1	0	1440
119	  24.7774	  17.9290	1	0	1440
120	  14.1657	  10.4926	1	0	1440
121	   4.1635	  17.9044	1	0	1440
122	   8.0501	   9.0277	1	0	1440
123	   7.0082	  23.6004	1	0	1440
124	  18.6494	  24.3715	1	0	1440
125	  20.3202	  11.7405	1	0	1440
126	  11.6138	   9.5658	1	0	1440
127	   7.2537	   4.3674	1	0	1440
128	  22.5606	   3.7240	1	0	1440
129	  15.0431	  18.5248	1	0	1440
130	  10.7017	  13.7252	1	0	1440
131	   0.4657	   5.0752	1	0	1440
132	  15.4969	  15.3996	1	0	1440
133	  20.4628	   5.3148	1	0	1440
134	  15.0299	   2.7165	1	0	1440
135	   6.4405	  22.4976	1	0	1440
136	  18.2012	  19.1922	1	0	1440
137	  13.9891	   9.6031	1	0	1440
138	  19.5200	   2.7360	1	0	1440
139	  10.3854	   6.5712	1	0	1440
140	   0.5068	  15.4963	1	0	1440
141	  16.9449	  20.9697	1	0	1440
142	  20.8112	   6.9748	1	0	1440
143	   2.9910	  12.7665	1	0	1440
144	  24.3188	  16.9801	1	0	1440
145	  10.6315	  13.2339	1	0	1440
146	  14.9049	   5.4379	1	0	1440
147	   4.2873	  20.5546	1	0	1440
148	   1.5651	  21.2322	1	0	1440
149	  16.5243	  22.3763	1	0	1440
150	  11.1575	  23.0761	-1	0	1440
151	  14.9370	  12.9773	-1	0	1440
152	  24.3418	   0.1023	-1	0	1440
153	  11.1828	   3.7352	-1	0	1440
154	   8.0132	   0.6779	-1	0	1440
155	   2.9925	  22.9180	-1	0	1440
156	  10.7949	  19.5938	-1	0	1440
157	  11.1776	  12.1689	-1	0	1440
158	   2.7411	  19.6632	-1	0	1440
159	  16.9194	  24.4689	-1	0	1440
160	  22.5553	   2.8547	-1	0	1440
161	  10.8630	  18.0360	-1	0	1440
162	  18.0423	  22.6878	-1	0	1440
163	  14.8083	  10.9252	-1	0	1440
164	  12.7517	  16.4915	-1	0	1440
165	  12.1347	   8.9962	-1	0	1440
166	  10.6543	   3.8450	-1	0	1440
167	  20.0478	  11.0688	-1	0	1440
168	  17.8435	  12.1748	-1	0	1440
169	  24.1130	  19.9857	-1	0	1440
170	  16.4019	  16.4427	-1	0	1440
171	  21.6339	  13.6277	-1	0	1440
172	  16.8460	  23.6469	-1	0	1440
173	   8.9176	  13.4022	-1	0	1440
174	  15.5504	  10.8090	-1	0	1440
175	  14.9339	  18.6848	-1	0	1440
176	  17.7141	   6.3291	-1	0	1440
177	  17.6353	   7.1306	-1	0	1440
178	  20.0717	  17.5257	-1	0	1440
179	   1.0195	  18.7297	-1	0	1440
180	   5.8446	   5.3828	-1	0	1440
181	   2.3628	  24.0908	-1	0	1440
182	   3.6822	   5.8499	-1	0	1440
183	   7.3893	   5.7948	-1	0	1440
184	  19.5653	   5.1266	-1	0	1440
185	   1.3795	  23.8112	-1	0	1440
186	  23.2130	   7.2865	-1	0	1440
187	   9.9773	  20.6220	-1	0	1440
188	  14.1799	  12.9978	-1	0	1440
189	  18.0501	  19.9856	-1	0	1440
190	  13.7588	  18.5119	-1	0	1440
191	   6.3249	   5.6976	-1	0	1440
192	  16.9187	  19.3182	-1	0	1440
193	  24.6434	  24.1234	-1	0	1440
194	  23.6861	  24.6795	-1	0	1440
195	  23.0576	   9.3043	-1	0	1440
196	   3.2070	  15.2105	-1	0	1440
197	  22.8253	   5.2895	-1	0	1440
198	   8.7540	  20.6187	-1	0	1440
199	  17.9120	  18.0349	-1	0	1440
200	  21.3130	  10.0005	0	0	1440
201	  14.2859	  14.0997	0	0	1440
202	   4.9937	  14.3363	0	0	1440
203	  15.9437	  12.5954	0	0	1440
204	   8.5221	  18.6710	0	0	1440
205	   3.8031	  11.4297	0	0	1440
206	  23.9197	  11.6263	0	0	1440
207	  10.0003	  16.3538	0	0	1440
208	  21.4703	   8.4480	0	0	1440
209	  15.6318	  19.4736	0	0	1440
210	  16.5299	  21.3566	0	0	1440
211	   2.4857	  20.8830	0	0	1440
212	   1.0894	  18.6598	0	0	1440
213	   3.1016	  19.3022	0	0	1440
214	  14.1842	  10.3447	0	0	1440
215	   6.3924	  21.2018	0	0	1440
216	  23.5275	  16.5720	0	0	1440
217	  21.2188	  19.9860	0	0	1440
218	  15.9447	   3.9509	0	0	1440
219	   4.6095	   3.6854	0	0	1440
220	  11.6586	   8.1814	0	0	1440
221	  23.3290	  10.3923	0	0	1440
222	  14.2475	   2.5590	0	0	1440
223	   3.1207	   3.2405	0	0	1440
224	   2.5421	  21.7900	0	0	1440
225	   8.5686	  24.8098	0	0	1440
226	   9.0842	   3.6020	0	0	1440
227	  19.2847	  18.4838	0	0	1440
228	  22.8408	   7.9085	0	0	1440
229	  20.6887	  20.7334	0	0	1440
230	  10.8164	  17.1769	0	0	1440
231	   6.8285	  13.7334	0	0	1440
232	   8.8409	  14.3218	0	0	1440
233	  24.8754	  23.4101	0	0	1440
234	  23.6862	   5.4934	0	0	1440
235	   4.2844	  15.1457	0	0	1440
236	  15.6720	  12.3501	0	0	1440
237	  14.2020	   6.4242	0	0	1440
238	   9.2589	  11.5851	0	0	1440
239	  12.5575	  20.2281	0	0	1440
240	   3.8838	  10.5594	0	0	1440
241	   3.6910	   8.3839	0	0	1440
242	  19.6399	   0.0733	0	0	1440
243	  19.0203	  22.0232	0	0	1440
244	  20.7969	   3.5373	0	0	1440
245	   8.6495	   1.9538	0	0	1440
246	  21.3255	  21.9777	0	0	1440
247	   0.3919	  17.9400	0	0	1440
248	  22.8524	  22.5167	0	0	1440
