cabid lati longi timestamp sequence
3.0 37.7983 -122.4010 585.0 9.0
3.0 37.7860 -122.4533 598.0 10.0
3.0 37.7921 -122.4307 610.0 11.0
3.0 37.7868 -122.4064 618.0 12.0
3.0 37.7931 -122.3946 639.0 13.0
3.0 37.7889 -122.4118 646.0 14.0
3.0 37.7916 -122.4074 655.0 15.0
3.0 37.6165 -122.3861 684.0 16.0
3.0 37.6152 -122.3902 691.0 17.0
3.0 37.6571 -122.4097 705.0 18.0
3.0 37.6147 -122.3960 721.0 19.0
3.0 37.8349 -122.2936 746.0 20.0
3.0 37.7909 -122.4021 783.0 21.0
3.0 37.7860 -122.4098 790.0 22.0
3.0 37.7877 -122.4101 793.0 23.0
3.0 37.7967 -122.4220 802.0 24.0
3.0 37.7929 -122.3976 824.0 25.0
3.0 37.7830 -122.4031 829.0 26.0
3.0 37.7858 -122.3970 840.0 27.0
3.0 37.7948 -122.4005 847.0 28.0
3.0 37.7943 -122.4001 848.0 29.0
3.0 37.7897 -122.4023 850.0 30.0
3.0 37.7894 -122.4025 851.0 31.0
3.0 37.7854 -122.4787 867.0 32.0
3.0 37.7734 -122.4652 874.0 33.0
3.0 37.7695 -122.4245 888.0 34.0
3.0 37.7806 -122.4187 896.0 35.0
3.0 37.7989 -122.4374 904.0 36.0
3.0 37.7989 -122.4359 906.0 37.0
3.0 37.8060 -122.4098 916.0 38.0
3.0 37.8061 -122.4098 917.0 39.0
3.0 37.8019 -122.4046 923.0 40.0
3.0 37.7934 -122.4000 931.0 41.0
3.0 37.7120 -122.2125 962.0 42.0
4.0 37.7635 -122.4195 747.0 1.0
4.0 37.7751 -122.4109 755.0 2.0
4.0 37.7843 -122.4076 759.0 3.0
4.0 37.7923 -122.3994 763.0 4.0
4.0 37.7829 -122.4097 768.0 5.0
4.0 37.7793 -122.4272 773.0 6.0
4.0 37.7370 -122.4316 791.0 7.0
4.0 37.7544 -122.4388 802.0 8.0
4.0 37.7608 -122.4350 805.0 9.0
4.0 37.7597 -122.4457 810.0 10.0
4.0 37.7619 -122.4185 821.0 11.0
4.0 37.7859 -122.4190 832.0 12.0
4.0 37.7829 -122.4207 835.0 13.0
4.0 37.8084 -122.4104 847.0 14.0
4.0 37.7831 -122.4473 960.0 15.0
4.0 37.7814 -122.4398 965.0 16.0
4.0 37.7855 -122.4110 981.0 17.0
4.0 37.7785 -122.4088 985.0 18.0
4.0 37.7961 -122.3963 1004.0 19.0
4.0 37.7803 -122.3902 1014.0 20.0
4.0 37.7800 -122.3898 1015.0 21.0
1.0 37.7735 -122.4493 541.0 1.0
1.0 37.7776 -122.4411 547.0 2.0
1.0 37.7805 -122.4782 556.0 3.0
1.0 37.7785 -122.4879 572.0 4.0
1.0 37.7873 -122.4472 583.0 5.0
1.0 37.7807 -122.4838 612.0 6.0
1.0 37.7807 -122.4749 615.0 7.0
1.0 37.7807 -122.4749 617.0 8.0
1.0 37.7809 -122.4656 622.0 9.0
1.0 37.7855 -122.4126 632.0 10.0
1.0 37.6235 -122.4006 765.0 11.0
1.0 37.7887 -122.4108 793.0 12.0
1.0 37.7690 -122.4201 803.0 13.0
1.0 37.7537 -122.4432 813.0 14.0
1.0 37.7334 -122.4342 834.0 15.0
1.0 37.7285 -122.4284 839.0 16.0
1.0 37.6172 -122.3874 867.0 17.0
1.0 37.6633 -122.3845 877.0 18.0
1.0 37.6178 -122.3858 896.0 19.0
2.0 37.6637 -122.3990 557.0 1.0
2.0 37.7720 -122.4180 573.0 2.0
2.0 37.7921 -122.3937 582.0 3.0
2.0 37.7919 -122.4111 591.0 4.0
2.0 37.6156 -122.3887 612.0 5.0
2.0 37.7846 -122.4072 632.0 6.0
2.0 37.7640 -122.4025 643.0 7.0
2.0 37.7664 -122.3970 646.0 8.0
2.0 37.7914 -122.4059 657.0 9.0
2.0 37.7892 -122.4158 692.0 10.0
2.0 37.7903 -122.4018 699.0 11.0
2.0 37.7842 -122.4174 711.0 12.0
2.0 37.7976 -122.4187 745.0 13.0
2.0 37.7832 -122.4193 760.0 14.0
2.0 37.7638 -122.3976 772.0 15.0
2.0 37.7649 -122.4014 774.0 16.0
2.0 37.7695 -122.4245 781.0 17.0
2.0 37.7921 -122.4090 812.0 18.0
2.0 37.7850 -122.4597 829.0 19.0
2.0 37.7829 -122.4683 836.0 20.0
2.0 37.7707 -122.4153 864.0 21.0
2.0 37.7930 -122.4012 926.0 22.0
2.0 37.7951 -122.4012 927.0 23.0
2.0 37.7945 -122.3974 953.0 24.0
2.0 37.8001 -122.4411 967.0 25.0
2.0 37.8005 -122.4387 970.0 26.0
2.0 37.8017 -122.4248 973.0 27.0
2.0 37.7973 -122.4061 982.0 28.0
2.0 37.7768 -122.4197 1003.0 29.0
2.0 37.7614 -122.4281 1014.0 30.0
3.0 37.7439 -122.4391 542.0 1.0
3.0 37.7621 -122.4419 558.0 2.0
3.0 37.7775 -122.4434 566.0 3.0
3.0 37.7706 -122.4323 576.0 4.0
3.0 37.7871 -122.3944 588.0 5.0
3.0 37.7869 -122.4048 595.0 6.0
lati longi low_tw
37.7822 -122.4946 650.0
37.7932 -122.4801 869.0
37.7924 -122.4738 547.0
37.7844 -122.4948 741.0
37.7746 -122.4662 579.0
37.7393 -122.4242 736.0
37.7736 -122.4594 952.0
37.7325 -122.4274 866.0
37.7673 -122.4617 605.0
37.7684 -122.4621 809.0
37.6656 -122.4591 530.0
37.7846 -122.4856 536.0
37.7855 -122.4867 748.0
37.7373 -122.43 647.0
37.7881 -122.4932 495.0
37.7893 -122.4723 699.0
37.7845 -122.4944 677.0
37.7673 -122.4615 653.0
37.6624 -122.4584 928.0
37.7752 -122.4671 589.0
37.663 -122.4633 953.0
37.6676 -122.4553 527.0
37.7843 -122.4853 929.0
37.6704 -122.4565 928.0
37.7762 -122.4619 949.0
37.7687 -122.4656 858.0
37.7958 -122.4788 534.0
37.7325 -122.4335 880.0
37.6683 -122.456 783.0
37.7709 -122.4662 566.0
37.7952 -122.4736 650.0
37.7684 -122.4677 869.0
37.7743 -122.4684 547.0
37.7927 -122.4753 741.0
37.6632 -122.4589 579.0
37.7912 -122.4915 736.0
37.6705 -122.4563 952.0
37.7843 -122.4852 866.0
37.6625 -122.4614 605.0
37.6632 -122.4631 809.0
37.7355 -122.4281 530.0
37.7964 -122.4767 536.0
37.7875 -122.4727 748.0
37.7917 -122.494 647.0
37.7969 -122.4767 495.0
37.7734 -122.4638 699.0
37.7913 -122.4773 677.0
37.6705 -122.4588 653.0
37.742 -122.4306 928.0
37.6634 -122.4614 589.0
37.741 -122.4256 953.0
37.7374 -122.4298 527.0
37.796 -122.4732 929.0
37.737 -122.4322 928.0
37.664 -122.4638 949.0
37.6716 -122.4569 858.0
37.7707 -122.4661 534.0
37.7886 -122.4905 880.0
37.7329 -122.4335 783.0
37.6646 -122.4638 566.0
