cabid lati longi timestamp sequence
1.0 37.7910 -122.4330 544.0 1.0
1.0 37.7879 -122.4337 547.0 2.0
1.0 37.7517 -122.4284 560.0 3.0
1.0 37.7606 -122.4349 564.0 4.0
1.0 37.7780 -122.4218 571.0 5.0
1.0 37.7802 -122.4187 573.0 6.0
1.0 37.7813 -122.4222 576.0 7.0
1.0 37.7872 -122.4175 579.0 8.0
1.0 37.7821 -122.4686 588.0 9.0
1.0 37.7814 -122.4752 595.0 10.0
1.0 37.7835 -122.3992 621.0 11.0
1.0 37.7525 -122.3929 642.0 12.0
1.0 37.7764 -122.4021 646.0 13.0
1.0 37.7779 -122.4001 647.0 14.0
1.0 37.7914 -122.3997 654.0 15.0
1.0 37.7572 -122.4066 677.0 16.0
1.0 37.7701 -122.4454 691.0 17.0
1.0 37.7626 -122.4333 699.0 18.0
1.0 37.6153 -122.3971 721.0 19.0
1.0 37.7596 -122.4099 741.0 20.0
1.0 37.7677 -122.3936 748.0 21.0
1.0 37.7877 -122.4098 762.0 22.0
1.0 37.8084 -122.4101 773.0 23.0
1.0 37.7978 -122.4301 788.0 24.0
2.0 37.7965 -122.4219 545.0 1.0
2.0 37.7945 -122.4002 603.0 2.0
2.0 37.6293 -122.4194 623.0 3.0
2.0 37.6151 -122.3919 731.0 4.0
2.0 37.7920 -122.4072 751.0 5.0
2.0 37.7906 -122.3947 762.0 6.0
2.0 37.7836 -122.4328 774.0 7.0
2.0 37.7892 -122.4019 785.0 8.0
2.0 37.7854 -122.3965 787.0 9.0
2.0 37.7879 -122.3901 837.0 10.0
2.0 37.8011 -122.4489 867.0 11.0
2.0 37.7988 -122.4342 882.0 12.0
2.0 37.7781 -122.4356 893.0 13.0
2.0 37.7804 -122.4188 898.0 14.0
2.0 37.7925 -122.3986 908.0 15.0
2.0 37.7898 -122.3903 911.0 16.0
2.0 37.7919 -122.4038 917.0 17.0
2.0 37.7947 -122.4051 965.0 18.0
2.0 37.7801 -122.3900 977.0 19.0
2.0 37.7844 -122.3997 983.0 20.0
2.0 37.7732 -122.4219 991.0 21.0
2.0 37.7738 -122.4243 995.0 22.0
2.0 37.7485 -122.4575 1008.0 23.0
3.0 37.7895 -122.4001 546.0 1.0
3.0 37.7928 -122.3945 548.0 2.0
3.0 37.7942 -122.4064 566.0 3.0
3.0 37.7919 -122.4107 571.0 4.0
3.0 37.7922 -122.4074 572.0 5.0
3.0 37.8000 -122.4106 577.0 6.0
3.0 37.8000 -122.4107 579.0 7.0
3.0 37.8051 -122.4035 583.0 8.0
3.0 37.7983 -122.4010 585.0 9.0
3.0 37.7860 -122.4533 598.0 10.0
3.0 37.7921 -122.4307 610.0 11.0
3.0 37.7868 -122.4064 618.0 12.0
3.0 37.7931 -122.3946 639.0 13.0
3.0 37.7889 -122.4118 646.0 14.0
3.0 37.7916 -122.4074 655.0 15.0
3.0 37.6165 -122.3861 684.0 16.0
3.0 37.6152 -122.3902 691.0 17.0
3.0 37.6571 -122.4097 705.0 18.0
3.0 37.6147 -122.3960 721.0 19.0
3.0 37.8349 -122.2936 746.0 20.0
3.0 37.7909 -122.4021 783.0 21.0
3.0 37.7860 -122.4098 790.0 22.0
3.0 37.7877 -122.4101 793.0 23.0
3.0 37.7967 -122.4220 802.0 24.0
3.0 37.7929 -122.3976 824.0 25.0
3.0 37.7830 -122.4031 829.0 26.0
3.0 37.7858 -122.3970 840.0 27.0
3.0 37.7948 -122.4005 847.0 28.0
3.0 37.7943 -122.4001 848.0 29.0
3.0 37.7897 -122.4023 850.0 30.0
3.0 37.7894 -122.4025 851.0 31.0
3.0 37.7854 -122.4787 867.0 32.0
3.0 37.7734 -122.4652 874.0 33.0
3.0 37.7695 -122.4245 888.0 34.0
3.0 37.7806 -122.4187 896.0 35.0
3.0 37.7989 -122.4374 904.0 36.0
3.0 37.7989 -122.4359 906.0 37.0
3.0 37.8060 -122.4098 916.0 38.0
3.0 37.8061 -122.4098 917.0 39.0
3.0 37.8019 -122.4046 923.0 40.0
3.0 37.7934 -122.4000 931.0 41.0
3.0 37.7120 -122.2125 962.0 42.0
4.0 37.7927 -122.4032 582.0 1.0
4.0 37.7721 -122.4064 592.0 2.0
4.0 37.7812 -122.4114 598.0 3.0
4.0 37.7914 -122.4076 604.0 4.0
4.0 37.7887 -122.4388 624.0 5.0
4.0 37.7710 -122.4252 633.0 6.0
4.0 37.7679 -122.4289 641.0 7.0
4.0 37.7939 -122.4035 655.0 8.0
4.0 37.7951 -122.4293 666.0 9.0
4.0 37.7940 -122.3931 678.0 10.0
4.0 37.7936 -122.3926 680.0 11.0
4.0 37.7871 -122.3876 685.0 12.0
4.0 37.7932 -122.3993 691.0 13.0
4.0 37.7888 -122.4100 696.0 14.0
4.0 37.7855 -122.4396 720.0 15.0
4.0 37.7876 -122.4133 726.0 16.0
4.0 37.7833 -122.4337 737.0 17.0
4.0 37.7637 -122.4194 746.0 18.0
4.0 37.7635 -122.4195 747.0 19.0
4.0 37.7751 -122.4109 755.0 20.0
4.0 37.7843 -122.4076 759.0 21.0
4.0 37.7923 -122.3994 763.0 22.0
4.0 37.7829 -122.4097 768.0 23.0
4.0 37.7793 -122.4272 773.0 24.0
4.0 37.7370 -122.4316 791.0 25.0
4.0 37.7544 -122.4388 802.0 26.0
4.0 37.7608 -122.4350 805.0 27.0
4.0 37.7597 -122.4457 810.0 28.0
4.0 37.7619 -122.4185 821.0 29.0
4.0 37.7859 -122.4190 832.0 30.0
4.0 37.7829 -122.4207 835.0 31.0
4.0 37.8084 -122.4104 847.0 32.0
4.0 37.7831 -122.4473 960.0 33.0
4.0 37.7814 -122.4398 965.0 34.0
4.0 37.7855 -122.4110 981.0 35.0
4.0 37.7785 -122.4088 985.0 36.0
4.0 37.7961 -122.3963 1004.0 37.0
4.0 37.7803 -122.3902 1014.0 38.0
4.0 37.7800 -122.3898 1015.0 39.0
5.0 37.7909 -122.4073 1002.0 1.0
5.0 37.7907 -122.3969 1012.0 2.0
lati longi low_tw
37.7183 -122.428 740.0
37.7378 -122.4419 855.0
37.7832 -122.4417 906.0
37.7066 -122.4513 632.0
37.7074 -122.452 781.0
37.7893 -122.4411 775.0
37.6604 -122.4733 758.0
37.655 -122.4716 796.0
37.6574 -122.4665 567.0
37.7881 -122.443 581.0
37.7299 -122.4359 564.0
37.7834 -122.4451 665.0
37.7295 -122.4353 631.0
37.7188 -122.4227 825.0
37.7191 -122.4292 636.0
37.7293 -122.4335 594.0
37.7213 -122.4238 496.0
37.7152 -122.4232 685.0
37.7298 -122.4418 879.0
37.7365 -122.4382 557.0
37.6993 -122.4524 782.0
37.7021 -122.4483 882.0
37.79 -122.4386 879.0
37.7902 -122.4386 597.0
37.7833 -122.4406 512.0
37.716 -122.4305 678.0
37.7848 -122.4453 756.0
37.6554 -122.4726 638.0
37.6611 -122.4729 805.0
37.6991 -122.45 848.0
37.6618 -122.4682 675.0
37.705 -122.4534 677.0
37.7076 -122.4538 636.0
37.7879 -122.4416 889.0
37.6615 -122.4688 560.0
37.7375 -122.4427 502.0
37.7314 -122.4403 870.0
37.7 -122.4467 811.0
37.7135 -122.4285 614.0
37.662 -122.4719 800.0
37.7359 -122.4375 883.0
37.6998 -122.4558 853.0
37.7823 -122.4359 679.0
37.66 -122.4717 811.0
37.7881 -122.4453 626.0
37.6589 -122.4663 550.0
37.7047 -122.453 743.0
37.6571 -122.4701 778.0
37.7331 -122.4377 516.0
37.7331 -122.4385 683.0
37.7056 -122.4545 515.0
37.789 -122.4394 863.0
37.6597 -122.4712 658.0
37.7181 -122.4276 921.0
37.7051 -122.4533 756.0
37.7168 -122.4219 885.0
37.7838 -122.4428 697.0
37.7812 -122.4414 869.0
37.6997 -122.4472 705.0
37.7833 -122.4447 774.0
37.7303 -122.4349 740.0
37.7078 -122.4558 855.0
37.7152 -122.4296 906.0
37.661 -122.4726 632.0
37.6587 -122.4696 781.0
37.7149 -122.4225 775.0
37.7869 -122.4368 758.0
37.7865 -122.4445 796.0
37.7864 -122.4385 567.0
37.7186 -122.4232 581.0
37.7044 -122.4465 564.0
37.7208 -122.4264 665.0
37.7051 -122.4534 631.0
37.7386 -122.4336 825.0
37.7364 -122.4348 636.0
37.699 -122.4472 594.0
37.7379 -122.4337 496.0
37.7329 -122.4396 685.0
37.6981 -122.4547 879.0
37.7025 -122.4527 557.0
37.6535 -122.4651 782.0
37.6537 -122.4718 882.0
37.7189 -122.429 879.0
37.7161 -122.4256 597.0
37.7208 -122.4245 512.0
37.7324 -122.435 678.0
37.7177 -122.424 756.0
37.7889 -122.4367 638.0
37.7825 -122.4437 805.0
37.6578 -122.4744 848.0
37.7905 -122.4446 675.0
37.6605 -122.466 677.0
37.6608 -122.4654 636.0
37.7201 -122.4223 889.0
37.7814 -122.4453 560.0
37.7008 -122.453 502.0
37.706 -122.4545 870.0
37.6589 -122.4737 811.0
37.7353 -122.4333 614.0
37.7877 -122.4411 800.0
37.7074 -122.4546 883.0
37.6601 -122.4694 853.0
37.7153 -122.4302 679.0
37.7904 -122.4376 811.0
37.7203 -122.4294 626.0
37.7875 -122.4436 550.0
37.6625 -122.4702 743.0
37.7851 -122.4401 778.0
37.6988 -122.4461 516.0
37.7 -122.4551 683.0
37.6592 -122.4718 515.0
37.714 -122.4286 863.0
37.7857 -122.4456 658.0
37.7312 -122.4413 921.0
37.6602 -122.4688 756.0
37.7382 -122.4357 885.0
37.7213 -122.4232 697.0
37.7139 -122.4217 869.0
37.6566 -122.4706 705.0
37.7117 -122.4222 774.0
