cabid lati longi timestamp sequence
3.0 37.7449 -122.4400 642.0 2.0
3.0 37.7882 -122.4034 662.0 3.0
3.0 37.7910 -122.3994 664.0 4.0
3.0 37.6150 -122.3851 683.0 5.0
3.0 37.6172 -122.3875 773.0 6.0
3.0 37.7831 -122.4178 790.0 7.0
3.0 37.7873 -122.4168 794.0 8.0
3.0 37.7764 -122.4179 799.0 9.0
3.0 37.7882 -122.4030 811.0 10.0
3.0 37.7869 -122.3881 820.0 11.0
3.0 37.7831 -122.3892 825.0 12.0
3.0 37.6180 -122.3865 842.0 13.0
3.0 37.7886 -122.4056 999.0 14.0
3.0 37.7858 -122.4211 1003.0 15.0
3.0 37.7721 -122.4141 1018.0 16.0
4.0 37.7576 -122.4189 625.0 1.0
4.0 37.7624 -122.4351 638.0 2.0
4.0 37.7945 -122.4029 654.0 3.0
4.0 37.7929 -122.4009 656.0 4.0
4.0 37.7890 -122.4117 661.0 5.0
4.0 37.7848 -122.4001 694.0 6.0
4.0 37.7742 -122.4294 700.0 7.0
4.0 37.7738 -122.4396 710.0 8.0
4.0 37.8057 -122.4130 727.0 9.0
4.0 37.8054 -122.4119 728.0 10.0
4.0 37.7968 -122.4049 734.0 11.0
4.0 37.7930 -122.3928 760.0 12.0
4.0 37.6548 -122.3817 779.0 13.0
4.0 37.7900 -122.4040 823.0 14.0
4.0 37.7855 -122.4380 832.0 15.0
4.0 37.7912 -122.4020 875.0 16.0
4.0 37.7802 -122.3899 881.0 17.0
4.0 37.7484 -122.3968 916.0 18.0
4.0 37.7484 -122.3968 918.0 19.0
4.0 37.7036 -122.3941 937.0 20.0
1.0 37.7822 -122.4073 541.0 1.0
1.0 37.6157 -122.3878 561.0 2.0
1.0 37.6161 -122.3882 602.0 3.0
1.0 37.8063 -122.4162 629.0 4.0
1.0 37.8064 -122.4163 633.0 5.0
1.0 37.6170 -122.3880 659.0 6.0
1.0 37.6152 -122.3902 746.0 7.0
1.0 37.7914 -122.4058 768.0 8.0
1.0 37.7920 -122.4096 782.0 9.0
1.0 37.7936 -122.3963 788.0 10.0
1.0 37.7820 -122.4043 798.0 11.0
1.0 37.7868 -122.3939 804.0 12.0
1.0 37.7803 -122.4066 808.0 13.0
1.0 37.7775 -122.4101 810.0 14.0
1.0 37.7758 -122.4092 812.0 15.0
1.0 37.7386 -122.4040 825.0 16.0
1.0 37.7924 -122.4035 901.0 17.0
1.0 37.7734 -122.4410 915.0 18.0
1.0 37.7894 -122.4304 927.0 19.0
1.0 37.7856 -122.3967 946.0 20.0
1.0 37.7862 -122.3983 948.0 21.0
1.0 37.7508 -122.4422 969.0 22.0
1.0 37.7950 -122.3969 999.0 23.0
1.0 37.8000 -122.4055 1003.0 24.0
2.0 37.7899 -122.3994 552.0 1.0
2.0 37.7874 -122.4083 582.0 2.0
2.0 37.7934 -122.3981 591.0 3.0
2.0 37.8006 -122.4373 620.0 4.0
2.0 37.7893 -122.4019 633.0 5.0
2.0 37.7905 -122.3977 636.0 6.0
2.0 37.7838 -122.3992 642.0 7.0
2.0 37.7874 -122.4082 655.0 8.0
2.0 37.7924 -122.4108 659.0 9.0
2.0 37.7869 -122.4093 665.0 10.0
2.0 37.7751 -122.4039 673.0 11.0
lati longi low_tw
37.7737 -122.4415 530.0
37.7305 -122.4083 811.0
37.709 -122.4129 541.0
37.7942 -122.4701 786.0
37.7036 -122.4118 907.0
37.7038 -122.4194 892.0
37.7978 -122.4794 657.0
37.7031 -122.4186 585.0
37.7363 -122.4084 935.0
37.7357 -122.389 859.0
37.7764 -122.4402 666.0
37.7996 -122.4704 572.0
37.7061 -122.4191 760.0
37.7738 -122.4425 882.0
37.7014 -122.4141 580.0
37.7067 -122.417 758.0
37.7275 -122.3987 915.0
37.7062 -122.4181 782.0
37.704 -122.4136 733.0
37.7727 -122.4437 942.0
37.6703 -122.4677 530.0
37.7968 -122.4504 811.0
37.6921 -122.466 541.0
37.7271 -122.3951 786.0
37.7362 -122.3931 907.0
37.7173 -122.3972 892.0
37.6523 -122.4204 657.0
37.6686 -122.467 585.0
37.7277 -122.3977 935.0
37.6915 -122.4139 859.0
37.7907 -122.4006 666.0
37.749 -122.4205 572.0
37.7463 -122.4163 760.0
37.6822 -122.4515 882.0
37.7583 -122.4594 580.0
37.7049 -122.4679 758.0
37.7384 -122.4249 915.0
37.7492 -122.4787 782.0
37.7571 -122.4116 733.0
37.6759 -122.4031 942.0
