cabid lati longi timestamp sequence
3.0 37.7939 -122.4313 736.0 9.0
3.0 37.7944 -122.4019 750.0 10.0
3.0 37.7921 -122.4069 755.0 11.0
3.0 37.7998 -122.4157 760.0 12.0
3.0 37.7899 -122.4257 768.0 13.0
3.0 37.7955 -122.3990 788.0 14.0
3.0 37.7946 -122.3995 790.0 15.0
3.0 37.7879 -122.4014 797.0 16.0
3.0 37.7873 -122.4004 798.0 17.0
3.0 37.7740 -122.3990 805.0 18.0
3.0 37.7740 -122.3990 809.0 19.0
3.0 37.7884 -122.4087 817.0 20.0
3.0 37.7892 -122.4088 818.0 21.0
3.0 37.7998 -122.4375 827.0 22.0
3.0 37.7970 -122.4364 838.0 23.0
3.0 37.7875 -122.4404 843.0 24.0
3.0 37.7733 -122.4376 849.0 25.0
3.0 37.7791 -122.4519 911.0 26.0
3.0 37.8083 -122.4099 927.0 27.0
3.0 37.8066 -122.4206 931.0 28.0
3.0 37.7880 -122.4109 940.0 29.0
3.0 37.7903 -122.3936 956.0 30.0
3.0 37.8012 -122.4229 966.0 31.0
3.0 37.7971 -122.4280 970.0 32.0
3.0 37.7982 -122.4073 978.0 33.0
3.0 37.7966 -122.4006 982.0 34.0
3.0 37.7868 -122.4109 990.0 35.0
3.0 37.7867 -122.4047 993.0 36.0
3.0 37.7959 -122.3943 1001.0 37.0
3.0 37.7959 -122.3943 1002.0 38.0
3.0 37.8057 -122.4223 1010.0 39.0
3.0 37.8005 -122.4104 1014.0 40.0
3.0 37.7979 -122.4220 1017.0 41.0
4.0 37.7709 -122.4204 906.0 1.0
4.0 37.7855 -122.4225 915.0 2.0
4.0 37.7852 -122.4326 917.0 3.0
4.0 37.7677 -122.4534 925.0 4.0
4.0 37.7635 -122.4583 928.0 5.0
4.0 37.7892 -122.4340 959.0 6.0
4.0 37.7924 -122.4033 968.0 7.0
4.0 37.7931 -122.3996 971.0 8.0
4.0 37.7812 -122.4333 986.0 9.0
4.0 37.7922 -122.4436 996.0 10.0
4.0 37.7874 -122.4008 1011.0 11.0
4.0 37.7903 -122.3970 1013.0 12.0
1.0 37.7831 -122.4677 542.0 1.0
1.0 37.7810 -122.4650 543.0 2.0
1.0 37.7811 -122.4601 544.0 3.0
1.0 37.7954 -122.4081 559.0 4.0
1.0 37.7767 -122.3954 601.0 5.0
1.0 37.7786 -122.3932 602.0 6.0
1.0 37.7786 -122.3932 603.0 7.0
1.0 37.7855 -122.4078 610.0 8.0
1.0 37.7839 -122.4176 618.0 9.0
1.0 37.7840 -122.4191 619.0 10.0
1.0 37.7733 -122.4185 624.0 11.0
1.0 37.7724 -122.4190 625.0 12.0
1.0 37.7724 -122.4190 626.0 13.0
1.0 37.7928 -122.3933 636.0 14.0
1.0 37.7833 -122.3935 640.0 15.0
1.0 37.7870 -122.3886 641.0 16.0
1.0 37.7948 -122.3934 645.0 17.0
1.0 37.7846 -122.4089 655.0 18.0
1.0 37.7846 -122.4091 660.0 19.0
1.0 37.7848 -122.4094 661.0 20.0
1.0 37.7855 -122.4214 667.0 21.0
1.0 37.8067 -122.4106 695.0 22.0
1.0 37.8038 -122.4098 696.0 23.0
1.0 37.7999 -122.4090 697.0 24.0
1.0 37.8084 -122.4101 718.0 25.0
1.0 37.8080 -122.4125 719.0 26.0
1.0 37.7889 -122.4084 730.0 27.0
1.0 37.7767 -122.3955 744.0 28.0
1.0 37.7764 -122.3986 745.0 29.0
1.0 37.7877 -122.4117 751.0 30.0
1.0 37.7945 -122.4069 767.0 31.0
1.0 37.7933 -122.4067 768.0 32.0
1.0 37.7540 -122.4498 789.0 33.0
1.0 37.7299 -122.4449 800.0 34.0
1.0 37.7304 -122.4443 801.0 35.0
1.0 37.7423 -122.4225 805.0 36.0
1.0 37.7402 -122.4220 816.0 37.0
1.0 37.7420 -122.4222 817.0 38.0
1.0 37.7388 -122.4368 822.0 39.0
1.0 37.7419 -122.4702 830.0 40.0
1.0 37.7302 -122.4763 837.0 41.0
1.0 37.7300 -122.4774 839.0 42.0
1.0 37.7841 -122.4801 852.0 43.0
1.0 37.7805 -122.4735 858.0 44.0
1.0 37.7613 -122.4297 873.0 45.0
lati longi low_tw
37.6752 -122.4695 830.0
37.6708 -122.3869 840.0
37.6743 -122.469 784.0
37.7529 -122.4008 523.0
37.7329 -122.4802 503.0
37.6679 -122.393 814.0
37.6657 -122.3953 565.0
37.6655 -122.3864 726.0
37.6697 -122.3917 530.0
37.6716 -122.4063 834.0
37.7282 -122.4854 598.0
37.7358 -122.4846 794.0
37.7531 -122.403 514.0
37.729 -122.486 524.0
37.6642 -122.3953 777.0
37.6651 -122.3886 489.0
37.6694 -122.4708 796.0
37.6674 -122.4 717.0
37.6646 -122.3917 830.0
37.663 -122.3923 526.0
37.7274 -122.4805 610.0
37.6648 -122.3865 758.0
37.6677 -122.387 828.0
37.6684 -122.3913 745.0
37.7328 -122.4815 555.0
37.7318 -122.48 498.0
37.6722 -122.4679 497.0
37.6731 -122.4663 876.0
37.7592 -122.3951 827.0
37.6728 -122.471 650.0
37.6714 -122.4705 911.0
37.6706 -122.4692 956.0
37.7324 -122.4803 527.0
37.672 -122.4047 626.0
37.6706 -122.3892 748.0
37.6708 -122.3909 660.0
37.6639 -122.3911 837.0
37.7322 -122.4852 683.0
37.7333 -122.4856 708.0
37.7328 -122.4896 795.0
37.6716 -122.3902 920.0
37.7307 -122.4854 726.0
37.7333 -122.4832 850.0
37.7302 -122.4802 757.0
37.7323 -122.4822 894.0
37.6681 -122.3877 606.0
37.7591 -122.3952 715.0
37.7592 -122.3999 552.0
37.7276 -122.4887 932.0
37.7513 -122.4029 846.0
37.665 -122.3945 512.0
37.6694 -122.3879 514.0
37.6665 -122.3877 486.0
37.6723 -122.3898 501.0
37.6689 -122.3917 543.0
37.6647 -122.3898 896.0
37.67 -122.4064 789.0
37.7594 -122.4009 758.0
37.6719 -122.4702 664.0
37.7509 -122.4003 795.0
37.6776 -122.4065 830.0
37.7909 -122.4941 840.0
37.7789 -122.4937 784.0
37.7549 -122.4482 523.0
37.6982 -122.4985 503.0
37.7666 -122.4217 814.0
37.7771 -122.4091 565.0
37.7203 -122.4932 726.0
37.7465 -122.3911 530.0
37.7001 -122.498 834.0
37.7936 -122.482 598.0
37.7138 -122.4982 794.0
37.6732 -122.4807 514.0
37.7905 -122.3909 524.0
37.6704 -122.4155 777.0
37.6815 -122.4501 489.0
37.752 -122.4444 796.0
37.7279 -122.483 717.0
37.7613 -122.4675 830.0
37.687 -122.4695 526.0
37.7515 -122.4401 610.0
37.7603 -122.4577 758.0
37.7026 -122.4632 828.0
37.7612 -122.4967 745.0
37.763 -122.4414 555.0
37.7496 -122.4823 498.0
37.6854 -122.4562 497.0
37.792 -122.4299 876.0
37.7857 -122.4793 827.0
37.792 -122.4665 650.0
37.7827 -122.3961 911.0
37.6845 -122.4479 956.0
37.6842 -122.4348 527.0
37.7125 -122.4157 626.0
37.6871 -122.4973 748.0
37.6889 -122.4122 660.0
37.7959 -122.4616 837.0
37.7715 -122.4889 683.0
37.745 -122.4657 708.0
37.7431 -122.4525 795.0
37.7842 -122.4068 920.0
37.6708 -122.482 726.0
37.7781 -122.4808 850.0
37.6744 -122.4394 757.0
37.7863 -122.4423 894.0
37.7692 -122.4103 606.0
37.6774 -122.4322 715.0
37.7684 -122.4359 552.0
37.6905 -122.4367 932.0
37.7759 -122.4283 846.0
37.6933 -122.4266 512.0
37.7608 -122.4807 514.0
37.6816 -122.4119 486.0
37.7014 -122.4131 501.0
37.7674 -122.4201 543.0
37.7259 -122.3971 896.0
37.7534 -122.4145 789.0
37.6981 -122.4244 758.0
37.6632 -122.3982 664.0
37.7931 -122.3955 795.0
