cabid lati longi timestamp sequence
1.0 37.7760 -122.4211 682.0 1.0
2.0 37.7296 -122.4032 552.0 1.0
2.0 37.8021 -122.4019 566.0 2.0
2.0 37.7917 -122.4027 587.0 3.0
2.0 37.6179 -122.3871 614.0 4.0
2.0 37.6119 -122.3955 721.0 5.0
2.0 37.4257 -122.0977 743.0 6.0
2.0 37.7894 -122.4023 815.0 7.0
2.0 37.7906 -122.4324 829.0 8.0
2.0 37.7902 -122.4207 837.0 9.0
2.0 37.7886 -122.3928 846.0 10.0
2.0 37.7766 -122.3956 972.0 11.0
2.0 37.7766 -122.3958 974.0 12.0
2.0 37.7717 -122.4019 977.0 13.0
2.0 37.7874 -122.4111 985.0 14.0
2.0 37.7995 -122.4093 991.0 15.0
2.0 37.7948 -122.4002 996.0 16.0
2.0 37.7848 -122.3899 1001.0 17.0
2.0 37.7821 -122.3925 1007.0 18.0
2.0 37.7797 -122.3949 1013.0 19.0
3.0 37.7877 -122.3998 550.0 1.0
3.0 37.7847 -122.4093 555.0 2.0
3.0 37.7860 -122.4121 559.0 3.0
3.0 37.7876 -122.4117 566.0 4.0
3.0 37.8030 -122.4021 573.0 5.0
3.0 37.7906 -122.4208 609.0 6.0
3.0 37.7864 -122.4078 617.0 7.0
3.0 37.7652 -122.4194 627.0 8.0
3.0 37.7836 -122.4082 636.0 9.0
3.0 37.7869 -122.4189 645.0 10.0
3.0 37.7773 -122.4087 653.0 11.0
3.0 37.7782 -122.4099 655.0 12.0
3.0 37.7866 -122.4052 663.0 13.0
3.0 37.7874 -122.4104 666.0 14.0
3.0 37.7839 -122.4377 671.0 15.0
3.0 37.7830 -122.4321 678.0 16.0
3.0 37.7781 -122.4279 683.0 17.0
3.0 37.7820 -122.4279 693.0 18.0
3.0 37.7799 -122.4152 698.0 19.0
3.0 37.7845 -122.4068 708.0 20.0
3.0 37.7918 -122.4072 717.0 21.0
3.0 37.7951 -122.4013 744.0 22.0
3.0 37.7901 -122.4058 751.0 23.0
3.0 37.7936 -122.4017 756.0 24.0
3.0 37.7904 -122.4225 762.0 25.0
3.0 37.8027 -122.4295 783.0 26.0
3.0 37.6179 -122.3857 810.0 27.0
3.0 37.7460 -122.3873 847.0 28.0
3.0 37.7815 -122.4654 866.0 29.0
3.0 37.7860 -122.4572 870.0 30.0
3.0 37.8025 -122.4306 887.0 31.0
3.0 37.7860 -122.4197 922.0 32.0
3.0 37.7637 -122.3977 932.0 33.0
4.0 37.6165 -122.3880 540.0 1.0
4.0 37.6426 -122.4663 554.0 2.0
4.0 37.6165 -122.3879 598.0 3.0
4.0 37.7902 -122.4032 617.0 4.0
4.0 37.6160 -122.3883 734.0 5.0
4.0 37.5076 -122.2514 748.0 6.0
4.0 37.6154 -122.3902 776.0 7.0
4.0 37.8033 -122.4104 802.0 8.0
4.0 37.8084 -122.4101 811.0 9.0
4.0 37.7850 -122.4349 827.0 10.0
4.0 37.7843 -122.4402 833.0 11.0
4.0 37.7797 -122.4385 841.0 12.0
4.0 37.7849 -122.4207 848.0 13.0
4.0 37.7918 -122.3942 863.0 14.0
4.0 37.7398 -122.4240 914.0 15.0
4.0 37.7409 -122.4229 915.0 16.0
4.0 37.7608 -122.4259 925.0 17.0
4.0 37.7866 -122.3978 937.0 18.0
4.0 37.7899 -122.4052 941.0 19.0
4.0 37.6177 -122.3872 971.0 20.0
4.0 37.7112 -122.3920 988.0 21.0
4.0 37.8064 -122.4151 1013.0 22.0
5.0 37.7483 -122.4250 543.0 1.0
5.0 37.7838 -122.4192 556.0 2.0
5.0 37.7856 -122.4097 593.0 3.0
5.0 37.6647 -122.3853 723.0 4.0
5.0 37.6657 -122.3854 724.0 5.0
5.0 37.6648 -122.3855 725.0 6.0
5.0 37.6611 -122.4031 746.0 7.0
5.0 37.7859 -122.4019 759.0 8.0
5.0 37.7857 -122.4096 778.0 9.0
5.0 37.8082 -122.4166 790.0 10.0
5.0 37.7943 -122.4034 797.0 11.0
5.0 37.7893 -122.3917 807.0 12.0
5.0 37.7858 -122.4098 833.0 13.0
5.0 37.7853 -122.3982 840.0 14.0
5.0 37.7875 -122.4032 844.0 15.0
5.0 37.7687 -122.4131 854.0 16.0
5.0 37.7963 -122.4122 866.0 17.0
5.0 37.7855 -122.4096 887.0 18.0
5.0 37.6878 -122.3903 914.0 19.0
6.0 37.7899 -122.3910 665.0 1.0
6.0 37.7959 -122.3971 695.0 2.0
6.0 37.8028 -122.4019 698.0 3.0
6.0 37.7675 -122.3936 900.0 4.0
6.0 37.7892 -122.4070 909.0 5.0
6.0 37.7852 -122.4327 918.0 6.0
6.0 37.7911 -122.4160 923.0 7.0
6.0 37.7911 -122.4038 927.0 8.0
6.0 37.7941 -122.3976 931.0 9.0
6.0 37.7850 -122.4215 938.0 10.0
6.0 37.7848 -122.4087 954.0 11.0
6.0 37.7891 -122.4115 955.0 12.0
6.0 37.7941 -122.3976 978.0 13.0
6.0 37.7903 -122.4090 983.0 14.0
6.0 37.7877 -122.4084 990.0 15.0
6.0 37.7602 -122.4372 1006.0 16.0
lati longi low_tw
37.7967 -122.4464 801.0
37.709 -122.4804 767.0
37.8029 -122.4492 656.0
37.7271 -122.388 939.0
37.8015 -122.4429 553.0
37.7245 -122.4523 529.0
37.7272 -122.4524 556.0
37.7335 -122.3834 855.0
37.7217 -122.4495 822.0
37.7151 -122.3979 656.0
37.7145 -122.3947 768.0
37.7094 -122.4811 960.0
37.7348 -122.3891 890.0
37.7093 -122.479 938.0
37.7135 -122.3991 523.0
37.8022 -122.4489 922.0
37.8013 -122.4442 854.0
37.7324 -122.3876 879.0
37.7046 -122.4869 586.0
37.7349 -122.3901 846.0
37.7219 -122.4476 714.0
37.7219 -122.4516 615.0
37.7187 -122.3896 576.0
37.8039 -122.445 527.0
37.7268 -122.3869 769.0
37.802 -122.4437 558.0
37.7153 -122.3932 643.0
37.7997 -122.442 628.0
37.7294 -122.3906 937.0
37.7991 -122.4441 619.0
37.7422 -122.4342 801.0
37.7554 -122.4033 767.0
37.7765 -122.4724 656.0
37.7637 -122.4785 939.0
37.6841 -122.4625 553.0
37.7321 -122.4819 529.0
37.7249 -122.4154 556.0
37.7671 -122.3904 855.0
37.6761 -122.3979 822.0
37.7481 -122.4619 656.0
37.7722 -122.4313 768.0
37.6501 -122.4093 960.0
37.7658 -122.4703 890.0
37.7486 -122.4553 938.0
37.6828 -122.4293 523.0
37.7134 -122.4923 922.0
37.7613 -122.4876 854.0
37.7205 -122.4842 879.0
37.6596 -122.4447 586.0
37.7078 -122.4714 846.0
37.7445 -122.4681 714.0
37.6722 -122.4019 615.0
37.6771 -122.4204 576.0
37.7579 -122.4015 527.0
37.7707 -122.4073 769.0
37.7789 -122.4588 558.0
37.6592 -122.492 643.0
37.6698 -122.4726 628.0
37.7635 -122.4658 937.0
37.7607 -122.4288 619.0
