cabid lati longi timestamp sequence
4.0 37.7740 -122.4410 658.0 4.0
4.0 37.7848 -122.4381 664.0 5.0
4.0 37.7872 -122.4098 680.0 6.0
4.0 37.7804 -122.3898 689.0 7.0
4.0 37.7875 -122.4072 697.0 8.0
4.0 37.7899 -122.4052 703.0 9.0
4.0 37.7948 -122.4005 707.0 10.0
4.0 37.7952 -122.4207 716.0 11.0
4.0 37.7915 -122.4021 746.0 12.0
4.0 37.7669 -122.4028 758.0 13.0
4.0 37.7821 -122.4093 766.0 14.0
4.0 37.7923 -122.4040 776.0 15.0
4.0 37.7887 -122.4052 784.0 16.0
4.0 37.7799 -122.4599 799.0 17.0
4.0 37.7866 -122.4521 806.0 18.0
4.0 37.7861 -122.4108 821.0 19.0
4.0 37.8016 -122.4120 860.0 20.0
4.0 37.7941 -122.4214 865.0 21.0
5.0 37.6152 -122.3903 601.0 1.0
5.0 37.7851 -122.4005 616.0 2.0
5.0 37.6177 -122.3861 639.0 3.0
5.0 37.7944 -122.4018 660.0 4.0
5.0 37.6153 -122.3899 769.0 5.0
5.0 37.7641 -122.4362 787.0 6.0
5.0 37.6177 -122.3859 851.0 7.0
5.0 37.7846 -122.4045 915.0 8.0
5.0 37.6152 -122.3902 998.0 9.0
6.0 37.7891 -122.4029 750.0 1.0
6.0 37.7991 -122.4085 762.0 2.0
6.0 37.7698 -122.4133 779.0 3.0
6.0 37.7643 -122.4131 783.0 4.0
6.0 37.7618 -122.4193 785.0 5.0
6.0 37.7702 -122.4692 807.0 6.0
6.0 37.7691 -122.4682 808.0 7.0
6.0 37.7874 -122.4039 828.0 8.0
6.0 37.7876 -122.4004 831.0 9.0
6.0 37.7803 -122.4168 837.0 10.0
6.0 37.7819 -122.4177 845.0 11.0
6.0 37.7816 -122.4157 846.0 12.0
6.0 37.6149 -122.3852 864.0 13.0
6.0 37.7702 -122.4041 993.0 14.0
6.0 37.7714 -122.4087 994.0 15.0
6.0 37.7900 -122.4221 1005.0 16.0
6.0 37.7905 -122.4208 1006.0 17.0
6.0 37.7899 -122.4032 1012.0 18.0
1.0 37.7699 -122.4333 545.0 1.0
1.0 37.7872 -122.4085 555.0 2.0
1.0 37.7866 -122.4529 614.0 3.0
1.0 37.6605 -122.4773 639.0 4.0
1.0 37.7749 -122.4531 667.0 5.0
1.0 37.7591 -122.4374 676.0 6.0
1.0 37.7576 -122.4355 679.0 7.0
1.0 37.7761 -122.4215 689.0 8.0
1.0 37.7993 -122.4088 709.0 9.0
1.0 37.7935 -122.4125 713.0 10.0
1.0 37.7880 -122.4189 720.0 11.0
2.0 37.7791 -122.3973 777.0 1.0
2.0 37.7909 -122.4340 793.0 2.0
2.0 37.7879 -122.4080 822.0 3.0
2.0 37.8007 -122.4446 833.0 4.0
2.0 37.8049 -122.4351 846.0 5.0
2.0 37.6154 -122.3846 873.0 6.0
2.0 37.6646 -122.3978 907.0 7.0
2.0 37.8063 -122.4157 967.0 8.0
2.0 37.8077 -122.4202 972.0 9.0
2.0 37.7860 -122.4221 983.0 10.0
2.0 37.7876 -122.4083 994.0 11.0
2.0 37.8090 -122.4180 1004.0 12.0
2.0 37.8061 -122.4183 1011.0 13.0
3.0 37.6178 -122.3865 645.0 1.0
3.0 37.7845 -122.4094 663.0 2.0
3.0 37.7299 -122.4450 677.0 3.0
3.0 37.7489 -122.4182 690.0 4.0
3.0 37.7489 -122.4206 692.0 5.0
3.0 37.7464 -122.4125 697.0 6.0
3.0 37.7936 -122.4013 713.0 7.0
3.0 37.8057 -122.4055 718.0 8.0
3.0 37.7925 -122.4036 730.0 9.0
3.0 37.7976 -122.4137 735.0 10.0
3.0 37.7888 -122.3985 771.0 11.0
3.0 37.7980 -122.4359 785.0 12.0
3.0 37.7921 -122.4261 789.0 13.0
3.0 37.7867 -122.4255 790.0 14.0
3.0 37.7578 -122.4019 835.0 15.0
3.0 37.7883 -122.4035 844.0 16.0
3.0 37.7919 -122.4030 853.0 17.0
3.0 37.8007 -122.4210 859.0 18.0
3.0 37.8010 -122.4228 885.0 19.0
3.0 37.6180 -122.3867 916.0 20.0
3.0 37.7659 -122.4068 970.0 21.0
lati longi low_tw
37.7782 -122.4361 752.0
37.7521 -122.4506 535.0
37.6964 -122.4178 830.0
37.6574 -122.3982 755.0
37.7362 -122.4017 568.0
37.7296 -122.4602 842.0
37.7797 -122.4243 784.0
37.7065 -122.4031 785.0
37.7996 -122.4686 909.0
37.699 -122.3972 802.0
37.7143 -122.4767 609.0
37.7985 -122.4687 773.0
37.762 -122.4054 637.0
37.6833 -122.4587 664.0
37.6624 -122.4736 817.0
37.6779 -122.4466 673.0
37.7119 -122.4004 911.0
37.7313 -122.4731 537.0
37.7348 -122.4251 815.0
37.6839 -122.4521 543.0
37.6682 -122.4537 490.0
37.7773 -122.4416 525.0
37.6818 -122.4176 675.0
37.7598 -122.4764 812.0
37.6595 -122.4064 858.0
37.666 -122.4144 865.0
37.7926 -122.399 866.0
37.6998 -122.4648 959.0
37.7247 -122.4646 901.0
37.7568 -122.44 884.0
37.779 -122.4843 711.0
37.7663 -122.4907 836.0
37.7394 -122.4417 488.0
37.6648 -122.4209 914.0
37.7022 -122.4465 649.0
37.7331 -122.4055 641.0
37.7661 -122.4078 874.0
37.7538 -122.4003 794.0
37.6872 -122.403 766.0
37.7723 -122.4019 666.0
37.7575 -122.4139 922.0
37.7869 -122.468 920.0
37.6807 -122.4521 913.0
37.6776 -122.4481 580.0
37.796 -122.3971 939.0
37.6771 -122.4671 547.0
37.7293 -122.4439 639.0
37.7415 -122.4636 546.0
37.7813 -122.424 860.0
37.7995 -122.4971 492.0
37.692 -122.4753 823.0
37.7828 -122.4369 898.0
37.6659 -122.4811 858.0
37.6877 -122.4967 702.0
37.6707 -122.4903 482.0
37.7924 -122.4587 862.0
37.6934 -122.429 572.0
37.6842 -122.4099 898.0
37.7926 -122.4806 918.0
37.7583 -122.4676 803.0
37.7013 -122.4152 752.0
37.7053 -122.4197 535.0
37.7055 -122.4195 830.0
37.7404 -122.4515 755.0
37.7608 -122.4705 568.0
37.7158 -122.4098 842.0
37.7209 -122.4154 784.0
37.74 -122.452 785.0
37.6975 -122.4136 909.0
37.7431 -122.3928 802.0
37.7039 -122.414 609.0
37.7062 -122.4138 773.0
37.7196 -122.4129 637.0
37.7152 -122.4145 664.0
37.7345 -122.3872 817.0
37.7344 -122.3912 673.0
37.7176 -122.4159 911.0
37.74 -122.3854 537.0
37.7005 -122.4217 815.0
37.7173 -122.4071 543.0
37.7354 -122.4439 490.0
37.715 -122.4131 525.0
37.7029 -122.4144 675.0
37.7547 -122.4698 812.0
37.7041 -122.4178 858.0
37.7063 -122.4182 865.0
37.7598 -122.4717 866.0
37.7003 -122.4169 959.0
37.7374 -122.4476 901.0
37.7435 -122.4448 884.0
37.6988 -122.4189 711.0
37.7151 -122.4165 836.0
37.7414 -122.3844 488.0
37.7135 -122.4109 914.0
37.7372 -122.3849 649.0
37.7053 -122.417 641.0
37.7222 -122.4148 874.0
37.7404 -122.4474 794.0
37.7347 -122.449 766.0
37.7593 -122.4701 666.0
37.7036 -122.4167 922.0
37.7064 -122.4165 920.0
37.7007 -122.4134 913.0
37.7389 -122.4429 580.0
37.7187 -122.4077 939.0
37.7192 -122.4123 547.0
37.7222 -122.4074 639.0
37.7185 -122.4155 546.0
37.7051 -122.4185 860.0
37.7139 -122.4098 492.0
37.7347 -122.3836 823.0
37.7191 -122.4156 898.0
37.7434 -122.3868 858.0
37.7055 -122.4132 702.0
37.7544 -122.4669 482.0
37.7379 -122.4437 862.0
37.7583 -122.474 572.0
37.7144 -122.4152 898.0
37.7185 -122.4157 918.0
37.7438 -122.4356 803.0
