cabid lati longi timestamp sequence
1.0 37.6132 -122.3842 616.0 1.0
1.0 37.7449 -122.4400 642.0 2.0
1.0 37.7882 -122.4034 662.0 3.0
1.0 37.7910 -122.3994 664.0 4.0
1.0 37.6150 -122.3851 683.0 5.0
1.0 37.6172 -122.3875 773.0 6.0
1.0 37.7831 -122.4178 790.0 7.0
1.0 37.7873 -122.4168 794.0 8.0
1.0 37.7764 -122.4179 799.0 9.0
1.0 37.7882 -122.4030 811.0 10.0
2.0 37.7767 -122.3955 542.0 1.0
2.0 37.7923 -122.4061 552.0 2.0
2.0 37.7610 -122.4306 586.0 3.0
2.0 37.7882 -122.4166 601.0 4.0
2.0 37.7926 -122.4335 615.0 5.0
2.0 37.7576 -122.4189 625.0 6.0
2.0 37.7624 -122.4351 638.0 7.0
2.0 37.7945 -122.4029 654.0 8.0
2.0 37.7929 -122.4009 656.0 9.0
2.0 37.7890 -122.4117 661.0 10.0
2.0 37.7848 -122.4001 694.0 11.0
2.0 37.7742 -122.4294 700.0 12.0
2.0 37.7738 -122.4396 710.0 13.0
2.0 37.8057 -122.4130 727.0 14.0
2.0 37.8054 -122.4119 728.0 15.0
2.0 37.7968 -122.4049 734.0 16.0
2.0 37.7930 -122.3928 760.0 17.0
2.0 37.6548 -122.3817 779.0 18.0
2.0 37.7900 -122.4040 823.0 19.0
2.0 37.7855 -122.4380 832.0 20.0
2.0 37.7912 -122.4020 875.0 21.0
2.0 37.7802 -122.3899 881.0 22.0
2.0 37.7484 -122.3968 916.0 23.0
2.0 37.7484 -122.3968 918.0 24.0
2.0 37.7036 -122.3941 937.0 25.0
3.0 37.6161 -122.3842 541.0 1.0
3.0 37.6152 -122.3901 664.0 2.0
3.0 37.6142 -122.3945 691.0 3.0
3.0 37.6152 -122.3902 701.0 4.0
3.0 37.7949 -122.4005 728.0 5.0
3.0 37.8010 -122.4047 747.0 6.0
3.0 37.7921 -122.4075 754.0 7.0
3.0 37.7916 -122.4106 760.0 8.0
3.0 37.7926 -122.3976 766.0 9.0
3.0 37.7914 -122.3917 772.0 10.0
3.0 37.7872 -122.4077 778.0 11.0
3.0 37.7902 -122.4309 788.0 12.0
3.0 37.7893 -122.4155 794.0 13.0
3.0 37.7895 -122.4141 796.0 14.0
3.0 37.7822 -122.4173 799.0 15.0
3.0 37.7719 -122.4253 807.0 16.0
3.0 37.7868 -122.4509 818.0 17.0
3.0 37.7869 -122.4618 822.0 18.0
3.0 37.7975 -122.4324 834.0 19.0
3.0 37.8030 -122.4200 851.0 20.0
3.0 37.8030 -122.4201 902.0 21.0
3.0 37.7867 -122.3980 996.0 22.0
3.0 37.7906 -122.4024 1005.0 23.0
3.0 37.8069 -122.4105 1016.0 24.0
3.0 37.8035 -122.4150 1019.0 25.0
4.0 37.6161 -122.3883 609.0 1.0
4.0 37.7927 -122.4021 630.0 2.0
4.0 37.6161 -122.3883 748.0 3.0
4.0 37.7881 -122.4106 766.0 4.0
4.0 37.7846 -122.4083 777.0 5.0
4.0 37.8004 -122.4171 784.0 6.0
4.0 37.7955 -122.4034 791.0 7.0
4.0 37.7862 -122.4245 805.0 8.0
4.0 37.7843 -122.4090 811.0 9.0
4.0 37.7928 -122.4186 818.0 10.0
4.0 37.6089 -122.3902 887.0 11.0
4.0 37.5543 -122.2552 904.0 12.0
4.0 37.6149 -122.3899 957.0 13.0
4.0 37.7900 -122.4260 1005.0 14.0
4.0 37.7878 -122.4082 1014.0 15.0
5.0 37.7697 -122.4488 546.0 1.0
5.0 37.7778 -122.4093 556.0 2.0
5.0 37.7753 -122.4193 561.0 3.0
5.0 37.7607 -122.4371 568.0 4.0
5.0 37.7697 -122.4498 575.0 5.0
5.0 37.8000 -122.4075 592.0 6.0
5.0 37.7864 -122.4549 622.0 7.0
5.0 37.7908 -122.4325 630.0 8.0
5.0 37.7774 -122.4552 675.0 9.0
5.0 37.7880 -122.4097 686.0 10.0
5.0 37.7708 -122.4407 719.0 11.0
5.0 37.7946 -122.3931 734.0 12.0
5.0 37.7933 -122.3933 740.0 13.0
5.0 37.7950 -122.4048 747.0 14.0
5.0 37.7656 -122.3891 840.0 15.0
5.0 37.8066 -122.4423 858.0 16.0
5.0 37.8084 -122.4100 874.0 17.0
5.0 37.7873 -122.4075 886.0 18.0
5.0 37.7866 -122.4083 887.0 19.0
5.0 37.7491 -122.4164 903.0 20.0
5.0 37.7473 -122.4138 909.0 21.0
5.0 37.7157 -122.4475 923.0 22.0
5.0 37.7250 -122.4345 930.0 23.0
5.0 37.7799 -122.4320 954.0 24.0
5.0 37.7899 -122.4056 964.0 25.0
5.0 37.7809 -122.3916 971.0 26.0
5.0 37.7764 -122.3958 979.0 27.0
5.0 37.7551 -122.4254 998.0 28.0
5.0 37.7587 -122.4212 1002.0 29.0
5.0 37.7733 -122.4215 1009.0 30.0
5.0 37.7752 -122.4192 1010.0 31.0
5.0 37.7730 -122.4323 1019.0 32.0
6.0 37.7157 -122.4023 693.0 1.0
6.0 37.7283 -122.3998 699.0 2.0
6.0 37.7182 -122.4645 709.0 3.0
6.0 37.7441 -122.4536 727.0 4.0
6.0 37.7632 -122.4076 741.0 5.0
6.0 37.7482 -122.4064 757.0 6.0
6.0 37.7711 -122.4030 766.0 7.0
6.0 37.7632 -122.4076 772.0 8.0
6.0 37.7451 -122.4527 784.0 9.0
6.0 37.7264 -122.4237 808.0 10.0
6.0 37.7256 -122.4235 834.0 11.0
6.0 37.7287 -122.4311 838.0 12.0
6.0 37.7473 -122.4210 860.0 13.0
6.0 37.7479 -122.4209 862.0 14.0
6.0 37.6736 -122.4802 880.0 15.0
6.0 37.7171 -122.4602 903.0 16.0
6.0 37.6179 -122.3874 921.0 17.0
6.0 37.7873 -122.4022 978.0 18.0
6.0 37.7983 -122.4167 988.0 19.0
6.0 37.7883 -122.4017 1002.0 20.0
6.0 37.7867 -122.4115 1008.0 21.0
6.0 37.7867 -122.4115 1009.0 22.0
6.0 37.7856 -122.4072 1011.0 23.0
lati longi low_tw
37.7525 -122.4226 621.0
37.7762 -122.4845 796.0
37.6812 -122.4116 899.0
37.6608 -122.4527 677.0
37.798 -122.437 629.0
37.741 -122.4438 931.0
37.6962 -122.4819 943.0
37.6794 -122.4229 515.0
37.6911 -122.499 897.0
37.7773 -122.4167 631.0
37.689 -122.496 700.0
37.6913 -122.4838 702.0
37.7915 -122.4501 643.0
37.7571 -122.498 580.0
37.7587 -122.4911 721.0
37.7685 -122.4525 653.0
37.6828 -122.4498 734.0
37.685 -122.4588 814.0
37.7803 -122.4524 684.0
37.6881 -122.391 910.0
37.7131 -122.4225 577.0
37.7082 -122.4612 864.0
37.7971 -122.4358 677.0
37.6622 -122.4421 710.0
37.7227 -122.4357 684.0
37.7919 -122.4427 918.0
37.7084 -122.4352 681.0
37.7689 -122.4656 631.0
37.6707 -122.393 893.0
37.72 -122.4699 535.0
37.772 -122.4901 657.0
37.7353 -122.4002 833.0
37.7235 -122.475 681.0
37.7345 -122.4617 797.0
37.6933 -122.3918 831.0
37.6981 -122.4626 654.0
37.7798 -122.4185 739.0
37.7029 -122.4546 779.0
37.7957 -122.407 511.0
37.7108 -122.4561 781.0
37.7843 -122.41 553.0
37.7825 -122.475 824.0
37.7656 -122.4974 885.0
37.7919 -122.4621 595.0
37.7867 -122.4484 737.0
37.6952 -122.3959 773.0
37.6928 -122.4487 631.0
37.7727 -122.4497 836.0
37.7722 -122.4674 739.0
37.6969 -122.4353 853.0
37.7349 -122.4704 502.0
37.7443 -122.4204 909.0
37.7952 -122.4513 932.0
37.7599 -122.4778 680.0
37.7172 -122.4042 862.0
37.673 -122.4569 929.0
37.6748 -122.4626 585.0
37.79 -122.4492 905.0
37.677 -122.4567 541.0
37.7923 -122.4494 856.0
37.7729 -122.4879 537.0
37.7705 -122.4237 518.0
37.6589 -122.4892 677.0
37.6627 -122.4637 528.0
37.7345 -122.4453 665.0
37.6984 -122.3952 678.0
37.7351 -122.4286 612.0
37.6778 -122.4778 487.0
37.7698 -122.4625 637.0
37.7732 -122.4552 658.0
37.6931 -122.4453 635.0
37.657 -122.4888 722.0
37.7737 -122.4252 842.0
37.74 -122.3991 697.0
37.6511 -122.4783 831.0
37.6804 -122.4304 584.0
37.7471 -122.4152 754.0
37.7832 -122.4929 913.0
37.7498 -122.4044 900.0
37.6796 -122.4695 503.0
37.7186 -122.4207 621.0
37.711 -122.4213 796.0
37.7047 -122.4596 899.0
37.7226 -122.461 677.0
37.7227 -122.4567 629.0
37.7904 -122.4679 931.0
37.7059 -122.4564 943.0
37.702 -122.4618 515.0
37.7071 -122.4608 897.0
37.7715 -122.4409 631.0
37.7911 -122.4628 700.0
37.7243 -122.4606 702.0
37.7251 -122.4649 643.0
37.7178 -122.4239 580.0
37.7239 -122.4566 721.0
37.7158 -122.4625 653.0
37.7851 -122.4692 734.0
37.7018 -122.4591 814.0
37.7161 -122.4282 684.0
37.7741 -122.4443 910.0
37.7099 -122.4598 577.0
37.7785 -122.4399 864.0
37.7072 -122.4591 677.0
37.719 -122.461 710.0
37.7167 -122.4264 684.0
37.7166 -122.4583 918.0
37.7215 -122.4596 681.0
37.716 -122.4214 631.0
37.7079 -122.4566 893.0
37.7244 -122.4622 535.0
37.7074 -122.4537 657.0
37.7053 -122.4614 833.0
37.7109 -122.4255 681.0
37.7072 -122.4585 797.0
37.787 -122.4646 831.0
37.7184 -122.4615 654.0
37.7143 -122.4234 739.0
37.7171 -122.46 779.0
37.7855 -122.4638 511.0
37.7762 -122.4387 781.0
37.7246 -122.4601 553.0
37.7171 -122.4225 824.0
37.7033 -122.4631 885.0
37.7187 -122.4577 595.0
37.723 -122.4594 737.0
37.7029 -122.4597 773.0
37.7083 -122.4597 631.0
37.7075 -122.4553 836.0
37.7691 -122.4422 739.0
37.7861 -122.4643 853.0
37.7167 -122.4216 502.0
37.7158 -122.4277 909.0
37.7161 -122.4292 932.0
37.7027 -122.4557 680.0
37.7201 -122.4642 862.0
37.793 -122.4619 929.0
37.7853 -122.4627 585.0
37.7096 -122.4625 905.0
37.715 -122.4287 541.0
37.7252 -122.4616 856.0
37.7135 -122.4241 537.0
37.7135 -122.4287 518.0
37.724 -122.462 677.0
37.7101 -122.4601 528.0
37.7162 -122.423 665.0
37.7031 -122.4534 678.0
37.7237 -122.4623 612.0
37.7157 -122.4204 487.0
37.772 -122.4385 637.0
37.7172 -122.4288 658.0
37.7895 -122.4679 635.0
37.7198 -122.4249 722.0
37.7035 -122.4621 842.0
37.7115 -122.4207 697.0
37.7193 -122.4208 831.0
37.7172 -122.4631 584.0
37.7075 -122.4614 754.0
37.7919 -122.4686 913.0
37.7061 -122.4591 900.0
37.7116 -122.4235 503.0
