cabid lati longi timestamp sequence
4.0 37.7523 -122.4181 839.0 10.0
4.0 37.7573 -122.4188 842.0 11.0
4.0 37.7959 -122.4293 858.0 12.0
4.0 37.7913 -122.3989 869.0 13.0
4.0 37.7689 -122.4277 879.0 14.0
4.0 37.7804 -122.4128 888.0 15.0
4.0 37.7732 -122.4031 894.0 16.0
4.0 37.7828 -122.3952 905.0 17.0
4.0 37.6157 -122.3915 924.0 18.0
4.0 37.7882 -122.4047 977.0 19.0
4.0 37.8000 -122.4075 984.0 20.0
4.0 37.7996 -122.4361 993.0 21.0
4.0 37.7813 -122.4609 1003.0 22.0
4.0 37.7875 -122.4624 1009.0 23.0
5.0 37.7942 -122.4232 542.0 1.0
5.0 37.7877 -122.4121 547.0 2.0
5.0 37.7772 -122.3948 555.0 3.0
5.0 37.7925 -122.3977 578.0 4.0
5.0 37.7806 -122.4188 588.0 5.0
5.0 37.7848 -122.4051 593.0 6.0
5.0 37.7872 -122.4013 610.0 7.0
5.0 37.7811 -122.4204 616.0 8.0
5.0 37.7817 -122.4227 622.0 9.0
5.0 37.7824 -122.4400 629.0 10.0
5.0 37.7845 -122.4397 631.0 11.0
5.0 37.7884 -122.4089 637.0 12.0
5.0 37.7858 -122.4049 690.0 13.0
5.0 37.6180 -122.3863 710.0 14.0
5.0 37.7484 -122.4119 944.0 15.0
5.0 37.7520 -122.4184 946.0 16.0
5.0 37.7520 -122.4184 947.0 17.0
5.0 37.7979 -122.4297 961.0 18.0
5.0 37.7972 -122.4355 964.0 19.0
5.0 37.7901 -122.4028 977.0 20.0
5.0 37.7903 -122.4016 978.0 21.0
5.0 37.7709 -122.4170 985.0 22.0
5.0 37.7855 -122.4001 1001.0 23.0
5.0 37.7947 -122.4255 1014.0 24.0
6.0 37.6165 -122.3879 791.0 1.0
6.0 37.7872 -122.4091 812.0 2.0
6.0 37.7910 -122.4041 815.0 3.0
6.0 37.8083 -122.4161 824.0 4.0
6.0 37.7904 -122.3999 840.0 5.0
6.0 37.8026 -122.4415 857.0 6.0
6.0 37.7977 -122.4074 870.0 7.0
6.0 37.7968 -122.4187 883.0 8.0
6.0 37.7817 -122.4156 890.0 9.0
6.0 37.7746 -122.4012 895.0 10.0
6.0 37.7848 -122.4086 947.0 11.0
6.0 37.7901 -122.4169 951.0 12.0
6.0 37.7859 -122.4107 963.0 13.0
6.0 37.7805 -122.3906 989.0 14.0
6.0 37.7765 -122.3957 996.0 15.0
6.0 37.7863 -122.4150 1006.0 16.0
6.0 37.7879 -122.4116 1009.0 17.0
1.0 37.7885 -122.4074 550.0 1.0
1.0 37.7859 -122.4216 555.0 2.0
1.0 37.7825 -122.4697 562.0 3.0
1.0 37.7825 -122.4755 571.0 4.0
1.0 37.7805 -122.4796 576.0 5.0
1.0 37.7952 -122.3972 610.0 6.0
1.0 37.6148 -122.3856 632.0 7.0
1.0 37.7994 -122.4243 680.0 8.0
1.0 37.7695 -122.4086 692.0 9.0
1.0 37.7831 -122.4206 706.0 10.0
1.0 37.7952 -122.4446 717.0 11.0
1.0 37.7846 -122.4380 725.0 12.0
1.0 37.7854 -122.4385 764.0 13.0
1.0 37.7946 -122.4237 808.0 14.0
1.0 37.7654 -122.4620 823.0 15.0
1.0 37.7760 -122.4529 835.0 16.0
2.0 37.7734 -122.4348 543.0 1.0
2.0 37.7868 -122.4506 555.0 2.0
2.0 37.7892 -122.4399 559.0 3.0
2.0 37.7980 -122.4009 572.0 4.0
2.0 37.7931 -122.4027 574.0 5.0
2.0 37.7981 -122.4271 581.0 6.0
2.0 37.7904 -122.4225 591.0 7.0
2.0 37.7886 -122.4102 596.0 8.0
2.0 37.7877 -122.4075 614.0 9.0
2.0 37.8064 -122.4191 621.0 10.0
2.0 37.8054 -122.4176 622.0 11.0
2.0 37.7885 -122.4071 629.0 12.0
2.0 37.7917 -122.4075 645.0 13.0
2.0 37.7873 -122.4034 651.0 14.0
2.0 37.7907 -122.4124 654.0 15.0
2.0 37.7814 -122.4205 660.0 16.0
2.0 37.7834 -122.4174 666.0 17.0
2.0 37.7681 -122.4160 673.0 18.0
2.0 37.7665 -122.4252 681.0 19.0
2.0 37.7841 -122.4076 688.0 20.0
2.0 37.7839 -122.4081 690.0 21.0
2.0 37.7761 -122.3939 696.0 22.0
2.0 37.7700 -122.4018 700.0 23.0
2.0 37.7755 -122.3973 702.0 24.0
2.0 37.7889 -122.4083 708.0 25.0
2.0 37.7917 -122.4073 735.0 26.0
2.0 37.6268 -122.4014 766.0 27.0
2.0 37.6150 -122.3901 829.0 28.0
2.0 37.5866 -122.4726 850.0 29.0
2.0 37.7178 -122.4821 888.0 30.0
2.0 37.7875 -122.4064 906.0 31.0
2.0 37.7931 -122.4147 916.0 32.0
2.0 37.8004 -122.4388 924.0 33.0
2.0 37.7858 -122.4166 933.0 34.0
2.0 37.7792 -122.4153 936.0 35.0
3.0 37.7521 -122.4191 544.0 1.0
3.0 37.7476 -122.4202 568.0 2.0
3.0 37.7781 -122.4183 578.0 3.0
3.0 37.7397 -122.4620 607.0 4.0
lati longi low_tw
37.7525 -122.4229 815.0
37.7821 -122.4015 591.0
37.796 -122.4174 723.0
37.7505 -122.3979 771.0
37.7643 -122.3919 612.0
37.7787 -122.4117 679.0
37.7694 -122.4152 646.0
37.7837 -122.403 934.0
37.7594 -122.3909 644.0
37.7695 -122.4248 710.0
37.7734 -122.3904 934.0
37.7631 -122.3962 870.0
37.7518 -122.4129 867.0
37.6573 -122.4097 539.0
37.7864 -122.418 514.0
37.7997 -122.4844 947.0
37.7663 -122.4131 606.0
37.6632 -122.4136 792.0
37.7512 -122.4838 495.0
37.66 -122.4683 919.0
37.7055 -122.3988 751.0
37.764 -122.4136 680.0
37.7532 -122.4159 721.0
37.6661 -122.4048 904.0
37.7577 -122.41 492.0
37.7547 -122.4046 898.0
37.7679 -122.4296 498.0
37.7643 -122.4102 827.0
37.7637 -122.4168 863.0
37.7868 -122.4087 523.0
37.793 -122.4069 815.0
37.7622 -122.3961 591.0
37.7112 -122.4829 723.0
37.7864 -122.4245 771.0
37.7594 -122.3918 612.0
37.7135 -122.434 679.0
37.7804 -122.4209 646.0
37.7817 -122.4123 934.0
37.7646 -122.3922 644.0
37.7397 -122.4681 710.0
37.7056 -122.4857 934.0
37.765 -122.4041 870.0
37.7865 -122.4081 867.0
37.6627 -122.4132 539.0
37.7548 -122.4195 514.0
37.7682 -122.4265 947.0
37.7805 -122.4301 606.0
37.7837 -122.3938 792.0
37.786 -122.4156 495.0
37.7711 -122.4164 919.0
37.7729 -122.4263 751.0
37.778 -122.397 680.0
37.7665 -122.4155 721.0
37.6872 -122.42 904.0
37.7901 -122.4237 492.0
37.7762 -122.428 898.0
37.7935 -122.4166 498.0
37.7981 -122.4205 827.0
37.7739 -122.4191 863.0
37.7569 -122.4074 523.0
