cabid lati longi timestamp sequence
3.0 37.6162 -122.3901 627.0 5.0
3.0 37.7554 -122.4356 685.0 6.0
3.0 37.6164 -122.3909 705.0 7.0
3.0 37.7270 -122.4005 720.0 8.0
3.0 37.7854 -122.4060 734.0 9.0
3.0 37.7513 -122.4317 749.0 10.0
3.0 37.7586 -122.4194 753.0 11.0
3.0 37.7394 -122.4439 773.0 12.0
3.0 37.7845 -122.4401 791.0 13.0
4.0 37.6285 -122.4022 603.0 1.0
4.0 37.7924 -122.3991 622.0 2.0
4.0 37.7902 -122.4007 624.0 3.0
4.0 37.7719 -122.4308 639.0 4.0
4.0 37.6396 -122.4053 692.0 5.0
4.0 37.7896 -122.3947 709.0 6.0
4.0 37.7860 -122.4016 712.0 7.0
4.0 37.7785 -122.4150 723.0 8.0
4.0 37.7876 -122.4069 872.0 9.0
4.0 37.7850 -122.4271 881.0 10.0
4.0 37.7853 -122.4050 890.0 11.0
4.0 37.7866 -122.4024 893.0 12.0
4.0 37.7965 -122.4005 899.0 13.0
4.0 37.7891 -122.4072 904.0 14.0
4.0 37.7852 -122.4366 911.0 15.0
4.0 37.7875 -122.4294 918.0 16.0
4.0 37.6179 -122.3865 944.0 17.0
4.0 37.6169 -122.3878 1013.0 18.0
5.0 37.7881 -122.4167 557.0 1.0
5.0 37.7950 -122.4301 631.0 2.0
5.0 37.7621 -122.4619 645.0 3.0
5.0 37.7740 -122.4410 658.0 4.0
5.0 37.7848 -122.4381 664.0 5.0
5.0 37.7872 -122.4098 680.0 6.0
5.0 37.7804 -122.3898 689.0 7.0
5.0 37.7875 -122.4072 697.0 8.0
5.0 37.7899 -122.4052 703.0 9.0
5.0 37.7948 -122.4005 707.0 10.0
5.0 37.7952 -122.4207 716.0 11.0
5.0 37.7915 -122.4021 746.0 12.0
5.0 37.7669 -122.4028 758.0 13.0
5.0 37.7821 -122.4093 766.0 14.0
5.0 37.7923 -122.4040 776.0 15.0
5.0 37.7887 -122.4052 784.0 16.0
5.0 37.7799 -122.4599 799.0 17.0
5.0 37.7866 -122.4521 806.0 18.0
5.0 37.7861 -122.4108 821.0 19.0
5.0 37.8016 -122.4120 860.0 20.0
5.0 37.7941 -122.4214 865.0 21.0
6.0 37.6177 -122.3861 639.0 1.0
6.0 37.7944 -122.4018 660.0 2.0
6.0 37.6153 -122.3899 769.0 3.0
6.0 37.7641 -122.4362 787.0 4.0
6.0 37.6177 -122.3859 851.0 5.0
6.0 37.7846 -122.4045 915.0 6.0
6.0 37.6152 -122.3902 998.0 7.0
1.0 37.7760 -122.4211 682.0 1.0
2.0 37.7296 -122.4032 552.0 1.0
2.0 37.8021 -122.4019 566.0 2.0
2.0 37.7917 -122.4027 587.0 3.0
2.0 37.6179 -122.3871 614.0 4.0
2.0 37.6119 -122.3955 721.0 5.0
2.0 37.4257 -122.0977 743.0 6.0
2.0 37.7894 -122.4023 815.0 7.0
2.0 37.7906 -122.4324 829.0 8.0
2.0 37.7902 -122.4207 837.0 9.0
2.0 37.7886 -122.3928 846.0 10.0
2.0 37.7766 -122.3956 972.0 11.0
2.0 37.7766 -122.3958 974.0 12.0
2.0 37.7717 -122.4019 977.0 13.0
2.0 37.7874 -122.4111 985.0 14.0
2.0 37.7995 -122.4093 991.0 15.0
2.0 37.7948 -122.4002 996.0 16.0
2.0 37.7848 -122.3899 1001.0 17.0
2.0 37.7821 -122.3925 1007.0 18.0
2.0 37.7797 -122.3949 1013.0 19.0
3.0 37.7877 -122.3998 550.0 1.0
3.0 37.7847 -122.4093 555.0 2.0
3.0 37.7860 -122.4121 559.0 3.0
3.0 37.7876 -122.4117 566.0 4.0
3.0 37.8030 -122.4021 573.0 5.0
3.0 37.7906 -122.4208 609.0 6.0
3.0 37.7864 -122.4078 617.0 7.0
3.0 37.7652 -122.4194 627.0 8.0
3.0 37.7836 -122.4082 636.0 9.0
3.0 37.7869 -122.4189 645.0 10.0
3.0 37.7773 -122.4087 653.0 11.0
3.0 37.7782 -122.4099 655.0 12.0
3.0 37.7866 -122.4052 663.0 13.0
3.0 37.7874 -122.4104 666.0 14.0
3.0 37.7839 -122.4377 671.0 15.0
3.0 37.7830 -122.4321 678.0 16.0
3.0 37.7781 -122.4279 683.0 17.0
3.0 37.7820 -122.4279 693.0 18.0
3.0 37.7799 -122.4152 698.0 19.0
3.0 37.7845 -122.4068 708.0 20.0
3.0 37.7918 -122.4072 717.0 21.0
3.0 37.7951 -122.4013 744.0 22.0
3.0 37.7901 -122.4058 751.0 23.0
3.0 37.7936 -122.4017 756.0 24.0
3.0 37.7904 -122.4225 762.0 25.0
3.0 37.8027 -122.4295 783.0 26.0
3.0 37.6179 -122.3857 810.0 27.0
3.0 37.7460 -122.3873 847.0 28.0
3.0 37.7815 -122.4654 866.0 29.0
3.0 37.7860 -122.4572 870.0 30.0
3.0 37.8025 -122.4306 887.0 31.0
3.0 37.7860 -122.4197 922.0 32.0
3.0 37.7637 -122.3977 932.0 33.0
4.0 37.6165 -122.3880 540.0 1.0
4.0 37.6426 -122.4663 554.0 2.0
lati longi low_tw
37.7848 -122.3952 564.0
37.751 -122.3937 891.0
37.7703 -122.4177 752.0
37.768 -122.478 535.0
37.7902 -122.4299 830.0
37.7814 -122.4825 755.0
37.774 -122.4196 568.0
37.7508 -122.4261 842.0
37.7676 -122.4034 784.0
37.791 -122.4161 785.0
37.7797 -122.4054 909.0
37.796 -122.4266 802.0
37.795 -122.3983 609.0
37.7978 -122.3956 773.0
37.7665 -122.3955 637.0
37.7895 -122.3909 664.0
37.7857 -122.4248 817.0
37.7894 -122.4085 673.0
37.7501 -122.4218 911.0
37.7595 -122.4248 537.0
37.7956 -122.4125 564.0
37.7513 -122.4024 891.0
37.7646 -122.4173 752.0
37.7654 -122.4363 535.0
37.7623 -122.4123 830.0
37.7355 -122.4754 755.0
37.7685 -122.4242 568.0
37.7128 -122.4649 842.0
37.7326 -122.424 784.0
37.6879 -122.3954 785.0
37.6612 -122.4532 909.0
37.7553 -122.4112 802.0
37.7819 -122.4246 609.0
37.6967 -122.4314 773.0
37.756 -122.4299 637.0
37.7857 -122.4031 664.0
37.7533 -122.4071 817.0
37.7894 -122.4296 673.0
37.7858 -122.4199 911.0
37.757 -122.3989 537.0
