cabid lati longi timestamp sequence
3.0 37.6162 -122.3901 627.0 5.0
3.0 37.7554 -122.4356 685.0 6.0
3.0 37.6164 -122.3909 705.0 7.0
3.0 37.7270 -122.4005 720.0 8.0
3.0 37.7854 -122.4060 734.0 9.0
3.0 37.7513 -122.4317 749.0 10.0
3.0 37.7586 -122.4194 753.0 11.0
3.0 37.7394 -122.4439 773.0 12.0
3.0 37.7845 -122.4401 791.0 13.0
4.0 37.6285 -122.4022 603.0 1.0
4.0 37.7924 -122.3991 622.0 2.0
4.0 37.7902 -122.4007 624.0 3.0
4.0 37.7719 -122.4308 639.0 4.0
4.0 37.6396 -122.4053 692.0 5.0
4.0 37.7896 -122.3947 709.0 6.0
4.0 37.7860 -122.4016 712.0 7.0
4.0 37.7785 -122.4150 723.0 8.0
4.0 37.7876 -122.4069 872.0 9.0
4.0 37.7850 -122.4271 881.0 10.0
4.0 37.7853 -122.4050 890.0 11.0
4.0 37.7866 -122.4024 893.0 12.0
4.0 37.7965 -122.4005 899.0 13.0
4.0 37.7891 -122.4072 904.0 14.0
4.0 37.7852 -122.4366 911.0 15.0
4.0 37.7875 -122.4294 918.0 16.0
4.0 37.6179 -122.3865 944.0 17.0
4.0 37.6169 -122.3878 1013.0 18.0
5.0 37.7881 -122.4167 557.0 1.0
5.0 37.7950 -122.4301 631.0 2.0
5.0 37.7621 -122.4619 645.0 3.0
5.0 37.7740 -122.4410 658.0 4.0
5.0 37.7848 -122.4381 664.0 5.0
5.0 37.7872 -122.4098 680.0 6.0
5.0 37.7804 -122.3898 689.0 7.0
5.0 37.7875 -122.4072 697.0 8.0
5.0 37.7899 -122.4052 703.0 9.0
5.0 37.7948 -122.4005 707.0 10.0
5.0 37.7952 -122.4207 716.0 11.0
5.0 37.7915 -122.4021 746.0 12.0
5.0 37.7669 -122.4028 758.0 13.0
5.0 37.7821 -122.4093 766.0 14.0
5.0 37.7923 -122.4040 776.0 15.0
5.0 37.7887 -122.4052 784.0 16.0
5.0 37.7799 -122.4599 799.0 17.0
5.0 37.7866 -122.4521 806.0 18.0
5.0 37.7861 -122.4108 821.0 19.0
5.0 37.8016 -122.4120 860.0 20.0
5.0 37.7941 -122.4214 865.0 21.0
6.0 37.6177 -122.3861 639.0 1.0
6.0 37.7944 -122.4018 660.0 2.0
6.0 37.6153 -122.3899 769.0 3.0
6.0 37.7641 -122.4362 787.0 4.0
6.0 37.6177 -122.3859 851.0 5.0
6.0 37.7846 -122.4045 915.0 6.0
6.0 37.6152 -122.3902 998.0 7.0
1.0 37.7760 -122.4211 682.0 1.0
2.0 37.7296 -122.4032 552.0 1.0
2.0 37.8021 -122.4019 566.0 2.0
2.0 37.7917 -122.4027 587.0 3.0
2.0 37.6179 -122.3871 614.0 4.0
2.0 37.6119 -122.3955 721.0 5.0
2.0 37.4257 -122.0977 743.0 6.0
2.0 37.7894 -122.4023 815.0 7.0
2.0 37.7906 -122.4324 829.0 8.0
2.0 37.7902 -122.4207 837.0 9.0
2.0 37.7886 -122.3928 846.0 10.0
2.0 37.7766 -122.3956 972.0 11.0
2.0 37.7766 -122.3958 974.0 12.0
2.0 37.7717 -122.4019 977.0 13.0
2.0 37.7874 -122.4111 985.0 14.0
2.0 37.7995 -122.4093 991.0 15.0
2.0 37.7948 -122.4002 996.0 16.0
2.0 37.7848 -122.3899 1001.0 17.0
2.0 37.7821 -122.3925 1007.0 18.0
2.0 37.7797 -122.3949 1013.0 19.0
3.0 37.7877 -122.3998 550.0 1.0
3.0 37.7847 -122.4093 555.0 2.0
3.0 37.7860 -122.4121 559.0 3.0
3.0 37.7876 -122.4117 566.0 4.0
3.0 37.8030 -122.4021 573.0 5.0
3.0 37.7906 -122.4208 609.0 6.0
3.0 37.7864 -122.4078 617.0 7.0
3.0 37.7652 -122.4194 627.0 8.0
3.0 37.7836 -122.4082 636.0 9.0
3.0 37.7869 -122.4189 645.0 10.0
3.0 37.7773 -122.4087 653.0 11.0
3.0 37.7782 -122.4099 655.0 12.0
3.0 37.7866 -122.4052 663.0 13.0
3.0 37.7874 -122.4104 666.0 14.0
3.0 37.7839 -122.4377 671.0 15.0
3.0 37.7830 -122.4321 678.0 16.0
3.0 37.7781 -122.4279 683.0 17.0
3.0 37.7820 -122.4279 693.0 18.0
3.0 37.7799 -122.4152 698.0 19.0
3.0 37.7845 -122.4068 708.0 20.0
3.0 37.7918 -122.4072 717.0 21.0
3.0 37.7951 -122.4013 744.0 22.0
3.0 37.7901 -122.4058 751.0 23.0
3.0 37.7936 -122.4017 756.0 24.0
3.0 37.7904 -122.4225 762.0 25.0
3.0 37.8027 -122.4295 783.0 26.0
3.0 37.6179 -122.3857 810.0 27.0
3.0 37.7460 -122.3873 847.0 28.0
3.0 37.7815 -122.4654 866.0 29.0
3.0 37.7860 -122.4572 870.0 30.0
3.0 37.8025 -122.4306 887.0 31.0
3.0 37.7860 -122.4197 922.0 32.0
3.0 37.7637 -122.3977 932.0 33.0
4.0 37.6165 -122.3880 540.0 1.0
4.0 37.6426 -122.4663 554.0 2.0
lati longi low_tw
37.7665 -122.4307 891.0
37.7782 -122.4361 752.0
37.7521 -122.4506 535.0
37.6964 -122.4178 830.0
37.6574 -122.3982 755.0
37.7362 -122.4017 568.0
37.7296 -122.4602 842.0
37.7797 -122.4243 784.0
37.7065 -122.4031 785.0
37.7996 -122.4686 909.0
37.699 -122.3972 802.0
37.7143 -122.4767 609.0
37.7985 -122.4687 773.0
37.762 -122.4054 637.0
37.6833 -122.4587 664.0
37.6624 -122.4736 817.0
37.6779 -122.4466 673.0
37.7119 -122.4004 911.0
37.7313 -122.4731 537.0
37.7348 -122.4251 815.0
37.6839 -122.4521 543.0
37.6682 -122.4537 490.0
37.7773 -122.4416 525.0
37.6818 -122.4176 675.0
37.7598 -122.4764 812.0
37.6595 -122.4064 858.0
37.666 -122.4144 865.0
37.7926 -122.399 866.0
37.6998 -122.4648 959.0
37.7247 -122.4646 901.0
37.7568 -122.44 884.0
37.779 -122.4843 711.0
37.7663 -122.4907 836.0
37.7394 -122.4417 488.0
37.6648 -122.4209 914.0
37.7022 -122.4465 649.0
37.7331 -122.4055 641.0
37.7661 -122.4078 874.0
37.7538 -122.4003 794.0
37.6872 -122.403 766.0
37.7723 -122.4019 666.0
37.7575 -122.4139 922.0
37.7869 -122.468 920.0
37.6807 -122.4521 913.0
37.6776 -122.4481 580.0
37.796 -122.3971 939.0
37.6771 -122.4671 547.0
37.7293 -122.4439 639.0
37.7415 -122.4636 546.0
37.7813 -122.424 860.0
37.7995 -122.4971 492.0
37.692 -122.4753 823.0
37.7828 -122.4369 898.0
37.6659 -122.4811 858.0
37.6877 -122.4967 702.0
37.6707 -122.4903 482.0
37.7924 -122.4587 862.0
37.6934 -122.429 572.0
37.6842 -122.4099 898.0
37.7926 -122.4806 918.0
37.7262 -122.4557 750.0
37.7551 -122.4209 493.0
37.7202 -122.4664 630.0
37.679 -122.4859 621.0
37.6876 -122.4042 808.0
37.7836 -122.4196 850.0
37.7988 -122.4655 683.0
37.6684 -122.4468 598.0
37.7773 -122.4347 748.0
37.7717 -122.4183 754.0
37.7584 -122.4628 891.0
37.7662 -122.408 752.0
37.7904 -122.4604 535.0
37.661 -122.415 830.0
37.6633 -122.4847 755.0
37.6598 -122.4873 568.0
37.6513 -122.4064 842.0
37.7589 -122.4801 784.0
37.6691 -122.4957 785.0
37.7754 -122.4599 909.0
37.7465 -122.4354 802.0
37.7509 -122.4119 609.0
37.6877 -122.3938 773.0
37.6542 -122.4531 637.0
37.667 -122.3917 664.0
37.6765 -122.4686 817.0
37.7163 -122.4023 673.0
37.651 -122.4529 911.0
37.763 -122.4131 537.0
37.7087 -122.3949 815.0
37.7648 -122.4356 543.0
37.7991 -122.488 490.0
37.6783 -122.4873 525.0
37.7636 -122.4095 675.0
37.7086 -122.4273 812.0
37.7438 -122.4761 858.0
37.7253 -122.4157 865.0
37.7219 -122.4074 866.0
37.7631 -122.4383 959.0
37.6921 -122.4971 901.0
37.7099 -122.4416 884.0
37.762 -122.4218 711.0
37.6932 -122.4307 836.0
37.7299 -122.4961 488.0
37.7084 -122.4459 914.0
37.7915 -122.4996 649.0
37.7683 -122.4089 641.0
37.6835 -122.4256 874.0
37.75 -122.4113 794.0
37.6577 -122.3977 766.0
37.757 -122.4841 666.0
37.7672 -122.3934 922.0
37.7422 -122.3993 920.0
37.695 -122.4783 913.0
37.6946 -122.4862 580.0
37.7278 -122.4859 939.0
37.7851 -122.4138 547.0
37.7946 -122.4659 639.0
37.7294 -122.4991 546.0
37.6671 -122.4303 860.0
37.7246 -122.4665 492.0
37.7178 -122.4153 823.0
37.7557 -122.4498 898.0
37.6827 -122.4983 858.0
37.7356 -122.4279 702.0
37.7122 -122.4861 482.0
37.795 -122.4486 862.0
37.7977 -122.4689 572.0
37.7331 -122.4926 898.0
37.7772 -122.4558 918.0
37.7212 -122.4687 750.0
37.7848 -122.4959 493.0
37.7721 -122.4481 630.0
37.6731 -122.4118 621.0
37.777 -122.4307 808.0
37.7762 -122.3978 850.0
37.7576 -122.3916 683.0
37.6562 -122.4923 598.0
37.751 -122.4553 748.0
37.6719 -122.4037 754.0
