cabid lati longi timestamp sequence
4.0 37.8004 -122.4171 784.0 6.0
4.0 37.7955 -122.4034 791.0 7.0
4.0 37.7862 -122.4245 805.0 8.0
4.0 37.7843 -122.4090 811.0 9.0
4.0 37.7928 -122.4186 818.0 10.0
4.0 37.6089 -122.3902 887.0 11.0
4.0 37.5543 -122.2552 904.0 12.0
4.0 37.6149 -122.3899 957.0 13.0
4.0 37.7900 -122.4260 1005.0 14.0
4.0 37.7878 -122.4082 1014.0 15.0
5.0 37.7697 -122.4488 546.0 1.0
5.0 37.7778 -122.4093 556.0 2.0
5.0 37.7753 -122.4193 561.0 3.0
5.0 37.7607 -122.4371 568.0 4.0
5.0 37.7697 -122.4498 575.0 5.0
5.0 37.8000 -122.4075 592.0 6.0
5.0 37.7864 -122.4549 622.0 7.0
5.0 37.7908 -122.4325 630.0 8.0
5.0 37.7774 -122.4552 675.0 9.0
5.0 37.7880 -122.4097 686.0 10.0
5.0 37.7708 -122.4407 719.0 11.0
5.0 37.7946 -122.3931 734.0 12.0
5.0 37.7933 -122.3933 740.0 13.0
5.0 37.7950 -122.4048 747.0 14.0
5.0 37.7656 -122.3891 840.0 15.0
5.0 37.8066 -122.4423 858.0 16.0
5.0 37.8084 -122.4100 874.0 17.0
5.0 37.7873 -122.4075 886.0 18.0
5.0 37.7866 -122.4083 887.0 19.0
5.0 37.7491 -122.4164 903.0 20.0
5.0 37.7473 -122.4138 909.0 21.0
5.0 37.7157 -122.4475 923.0 22.0
5.0 37.7250 -122.4345 930.0 23.0
5.0 37.7799 -122.4320 954.0 24.0
5.0 37.7899 -122.4056 964.0 25.0
5.0 37.7809 -122.3916 971.0 26.0
5.0 37.7764 -122.3958 979.0 27.0
5.0 37.7551 -122.4254 998.0 28.0
5.0 37.7587 -122.4212 1002.0 29.0
5.0 37.7733 -122.4215 1009.0 30.0
5.0 37.7752 -122.4192 1010.0 31.0
5.0 37.7730 -122.4323 1019.0 32.0
6.0 37.7157 -122.4023 693.0 1.0
6.0 37.7283 -122.3998 699.0 2.0
6.0 37.7182 -122.4645 709.0 3.0
6.0 37.7441 -122.4536 727.0 4.0
6.0 37.7632 -122.4076 741.0 5.0
6.0 37.7482 -122.4064 757.0 6.0
6.0 37.7711 -122.4030 766.0 7.0
6.0 37.7632 -122.4076 772.0 8.0
6.0 37.7451 -122.4527 784.0 9.0
6.0 37.7264 -122.4237 808.0 10.0
6.0 37.7256 -122.4235 834.0 11.0
6.0 37.7287 -122.4311 838.0 12.0
6.0 37.7473 -122.4210 860.0 13.0
6.0 37.7479 -122.4209 862.0 14.0
6.0 37.6736 -122.4802 880.0 15.0
6.0 37.7171 -122.4602 903.0 16.0
6.0 37.6179 -122.3874 921.0 17.0
6.0 37.7873 -122.4022 978.0 18.0
6.0 37.7983 -122.4167 988.0 19.0
6.0 37.7883 -122.4017 1002.0 20.0
6.0 37.7867 -122.4115 1008.0 21.0
6.0 37.7867 -122.4115 1009.0 22.0
6.0 37.7856 -122.4072 1011.0 23.0
1.0 37.7899 -122.3994 552.0 1.0
1.0 37.7874 -122.4083 582.0 2.0
1.0 37.7934 -122.3981 591.0 3.0
1.0 37.8006 -122.4373 620.0 4.0
1.0 37.7893 -122.4019 633.0 5.0
1.0 37.7905 -122.3977 636.0 6.0
1.0 37.7838 -122.3992 642.0 7.0
1.0 37.7874 -122.4082 655.0 8.0
1.0 37.7924 -122.4108 659.0 9.0
1.0 37.7869 -122.4093 665.0 10.0
1.0 37.7751 -122.4039 673.0 11.0
1.0 37.7932 -122.4208 687.0 12.0
1.0 37.7932 -122.4139 690.0 13.0
1.0 37.7679 -122.4290 713.0 14.0
1.0 37.7668 -122.3999 725.0 15.0
1.0 37.7626 -122.3961 732.0 16.0
1.0 37.7514 -122.3943 739.0 17.0
1.0 37.6152 -122.3902 785.0 18.0
1.0 37.7851 -122.4005 800.0 19.0
1.0 37.6161 -122.3883 821.0 20.0
1.0 37.6583 -122.4848 842.0 21.0
1.0 37.6153 -122.3902 857.0 22.0
1.0 37.5313 -122.2650 878.0 23.0
1.0 37.7560 -122.4052 920.0 24.0
1.0 37.7523 -122.4183 926.0 25.0
1.0 37.7523 -122.4187 931.0 26.0
1.0 37.7483 -122.4203 933.0 27.0
2.0 37.6150 -122.3924 633.0 1.0
2.0 37.7918 -122.4105 654.0 2.0
2.0 37.7904 -122.4207 668.0 3.0
2.0 37.7871 -122.4487 675.0 4.0
2.0 37.7886 -122.4501 678.0 5.0
2.0 37.7840 -122.4079 693.0 6.0
2.0 37.7922 -122.4083 713.0 7.0
2.0 37.8062 -122.4240 724.0 8.0
2.0 37.7939 -122.4313 736.0 9.0
2.0 37.7944 -122.4019 750.0 10.0
2.0 37.7921 -122.4069 755.0 11.0
2.0 37.7998 -122.4157 760.0 12.0
2.0 37.7899 -122.4257 768.0 13.0
2.0 37.7955 -122.3990 788.0 14.0
2.0 37.7946 -122.3995 790.0 15.0
2.0 37.7879 -122.4014 797.0 16.0
2.0 37.7873 -122.4004 798.0 17.0
2.0 37.7740 -122.3990 805.0 18.0
2.0 37.7740 -122.3990 809.0 19.0
2.0 37.7884 -122.4087 817.0 20.0
2.0 37.7892 -122.4088 818.0 21.0
2.0 37.7998 -122.4375 827.0 22.0
2.0 37.7970 -122.4364 838.0 23.0
2.0 37.7875 -122.4404 843.0 24.0
2.0 37.7733 -122.4376 849.0 25.0
2.0 37.7791 -122.4519 911.0 26.0
2.0 37.8083 -122.4099 927.0 27.0
2.0 37.8066 -122.4206 931.0 28.0
2.0 37.7880 -122.4109 940.0 29.0
2.0 37.7903 -122.3936 956.0 30.0
2.0 37.8012 -122.4229 966.0 31.0
2.0 37.7971 -122.4280 970.0 32.0
2.0 37.7982 -122.4073 978.0 33.0
2.0 37.7966 -122.4006 982.0 34.0
2.0 37.7868 -122.4109 990.0 35.0
2.0 37.7867 -122.4047 993.0 36.0
2.0 37.7959 -122.3943 1001.0 37.0
2.0 37.7959 -122.3943 1002.0 38.0
lati longi low_tw
37.7953 -122.4619 728.0
37.7994 -122.4688 590.0
37.7856 -122.4908 957.0
37.7483 -122.4481 797.0
37.7915 -122.4884 914.0
37.7915 -122.3946 807.0
37.7017 -122.4242 502.0
37.6649 -122.4326 675.0
37.7358 -122.426 808.0
37.7706 -122.4677 830.0
37.7546 -122.4623 733.0
37.7713 -122.429 806.0
37.7177 -122.3908 721.0
37.7442 -122.4927 489.0
37.7719 -122.44 534.0
37.6554 -122.485 607.0
37.7742 -122.3997 851.0
37.7517 -122.4343 799.0
37.7572 -122.4954 939.0
37.7785 -122.4509 742.0
37.7941 -122.469 780.0
37.7137 -122.4459 541.0
37.7281 -122.4587 794.0
37.6744 -122.4143 753.0
37.6995 -122.4666 518.0
37.7613 -122.4035 692.0
37.6658 -122.4227 498.0
37.6583 -122.4931 647.0
37.7428 -122.4086 890.0
37.7234 -122.4294 652.0
37.6831 -122.4285 795.0
37.7571 -122.4623 946.0
37.7317 -122.4709 643.0
37.7381 -122.4846 916.0
37.6728 -122.489 810.0
37.7362 -122.4052 687.0
37.6527 -122.4763 834.0
37.7102 -122.4845 618.0
37.7921 -122.4383 748.0
37.768 -122.4929 913.0
37.7435 -122.4786 835.0
37.7778 -122.4661 620.0
37.7457 -122.4935 785.0
37.6509 -122.4499 917.0
37.7958 -122.4639 710.0
37.6711 -122.4188 671.0
37.6765 -122.3945 642.0
37.6957 -122.4679 938.0
37.7416 -122.4957 917.0
37.69 -122.3916 487.0
37.7009 -122.4843 506.0
37.6916 -122.437 538.0
37.7143 -122.3919 903.0
37.6991 -122.4662 898.0
37.7531 -122.4999 504.0
37.7382 -122.4158 811.0
37.7862 -122.4469 807.0
37.7802 -122.3998 532.0
37.7849 -122.4595 686.0
37.6929 -122.4971 511.0
37.6855 -122.4022 630.0
37.7835 -122.4302 714.0
37.7392 -122.4779 930.0
37.7584 -122.468 689.0
37.6794 -122.4457 828.0
37.7198 -122.4394 941.0
37.7277 -122.4047 686.0
37.7345 -122.4163 672.0
37.6929 -122.4702 719.0
37.6511 -122.4764 709.0
37.7365 -122.4091 728.0
37.6587 -122.4534 590.0
37.6743 -122.4463 957.0
37.7288 -122.4039 797.0
37.7944 -122.4968 914.0
37.678 -122.4927 807.0
37.7964 -122.421 502.0
37.7639 -122.4492 675.0
37.6586 -122.4186 808.0
37.7325 -122.4742 830.0
37.665 -122.4246 733.0
37.725 -122.4727 806.0
37.7189 -122.4552 721.0
37.7549 -122.4301 489.0
37.6924 -122.4579 534.0
37.7534 -122.4593 607.0
37.6645 -122.4707 851.0
37.799 -122.403 799.0
37.7405 -122.391 939.0
37.776 -122.4068 742.0
37.7312 -122.435 780.0
37.6696 -122.4486 541.0
37.7533 -122.3995 794.0
37.703 -122.4585 753.0
37.7499 -122.4884 518.0
37.7774 -122.4978 692.0
37.7444 -122.4972 498.0
37.6641 -122.44 647.0
37.7468 -122.4079 890.0
37.6655 -122.3978 652.0
37.7989 -122.4672 795.0
37.7988 -122.4263 946.0
37.7365 -122.4975 643.0
37.7646 -122.479 916.0
37.6599 -122.4044 810.0
37.7293 -122.4522 687.0
37.6919 -122.4122 834.0
37.7386 -122.4904 618.0
37.7312 -122.4826 748.0
37.7079 -122.4824 913.0
37.7389 -122.4957 835.0
37.7383 -122.4274 620.0
37.7592 -122.4633 785.0
37.766 -122.4996 917.0
37.779 -122.393 710.0
37.7386 -122.4477 671.0
37.7193 -122.4651 642.0
37.7674 -122.4916 938.0
37.6891 -122.4346 917.0
37.7857 -122.4695 487.0
37.7701 -122.4708 506.0
37.6803 -122.456 538.0
37.7881 -122.4186 903.0
37.7336 -122.465 898.0
37.7847 -122.4798 504.0
37.7724 -122.469 811.0
37.7457 -122.4245 807.0
37.7712 -122.4535 532.0
37.7713 -122.398 686.0
37.7042 -122.4617 511.0
37.7791 -122.44 630.0
37.7605 -122.4771 714.0
37.6501 -122.4165 930.0
37.6833 -122.4092 689.0
37.7175 -122.4623 828.0
37.7925 -122.4339 941.0
37.7005 -122.4784 686.0
37.7313 -122.4031 672.0
37.76 -122.4339 719.0
37.6799 -122.4741 709.0
