37.7854   -122.4309   0.0 0.0
37.7854   -122.4309   3.0 683.0
37.7900   -122.4058   3.0 692.0
37.7856   -122.4138   3.0 703.0
37.7716   -122.4346   3.0 723.0
37.6656   -122.4656   1.0 564.0
37.7453   -122.4878   1.0 563.0
37.7052   -122.4140   1.0 695.0
37.7682   -122.4325   1.0 711.0
37.7892   -122.4070   -3.0 683.0
37.7716   -122.3987   -3.0 692.0
37.5306   -122.2620   -3.0 703.0
37.7859   -122.3924   -3.0 723.0
37.6787   -122.4541   -1.0 564.0
37.7754   -122.4127   -1.0 563.0
37.7367   -122.4895   -1.0 695.0
37.7442   -122.4478   -1.0 711.0
37.7854   -122.4309   0.0 0.0
