37.7885   -122.4058   0.0 0.0
37.7885   -122.4058   3.0 606.0
37.7867   -122.4131   3.0 631.0
37.8001   -122.4099   3.0 648.0
37.7962   -122.4277   3.0 666.0
37.6564   -122.4488   1.0 619.0
37.7252   -122.4992   1.0 695.0
37.7023   -122.4436   1.0 588.0
37.7127   -122.4715   1.0 640.0
37.7642   -122.4615   -3.0 606.0
37.6156   -122.3896   -3.0 631.0
37.7735   -122.4016   -3.0 648.0
37.7884   -122.4071   -3.0 666.0
37.7305   -122.4302   -1.0 619.0
37.7546   -122.4645   -1.0 695.0
37.7221   -122.3928   -1.0 588.0
37.7946   -122.3917   -1.0 640.0
37.7885   -122.4058   0.0 0.0
