37.7962   -122.4277   0.0 0.0
37.7962   -122.4277   3.0 666.0
37.7910   -122.4326   3.0 672.0
37.7854   -122.4309   3.0 683.0
37.7900   -122.4058   3.0 692.0
37.7856   -122.4138   3.0 703.0
37.7716   -122.4346   3.0 723.0
37.7219   -122.4589   1.0 658.0
37.6773   -122.4704   1.0 652.0
37.7340   -122.4919   1.0 544.0
37.7760   -122.4481   1.0 683.0
37.6643   -122.4538   1.0 672.0
37.6709   -122.4069   1.0 684.0
37.5306   -122.2620   -3.0 666.0
37.7859   -122.3924   -3.0 672.0
37.7917   -122.3983   -3.0 683.0
37.6180   -122.3859   -3.0 692.0
37.7830   -122.3999   -3.0 703.0
37.7925   -122.3942   -3.0 723.0
37.7643   -122.4254   -1.0 658.0
37.7743   -122.4828   -1.0 652.0
37.7309   -122.4234   -1.0 544.0
37.7681   -122.4464   -1.0 683.0
37.7305   -122.4866   -1.0 672.0
37.7716   -122.4896   -1.0 684.0
37.7962   -122.4277   0.0 0.0
