29	5	30	25
0	  26.2522	  27.4279	3	249	249
1	  16.6544	  28.0285	3	495	495
2	   8.7059	  11.1896	3	472	472
3	  14.9631	   1.9635	3	893	893
4	  10.2416	  16.2704	3	423	423
5	  21.4055	  13.2710	3	1174	1174
6	   4.2726	   6.0072	3	929	929
7	  21.3750	  19.2902	3	766	766
8	  23.7476	  21.5463	3	1368	1368
9	  24.1683	  16.9842	3	330	330
10	   4.1839	  28.5069	3	37	37
11	  19.3188	  21.1441	3	818	818
12	  18.4163	  29.1466	3	765	765
13	  24.3943	   5.0708	3	11	11
14	  16.2604	  12.1382	3	523	523
15	   9.7731	   2.6812	3	211	211
16	   2.4763	   1.1480	3	1300	1300
17	  22.6944	  16.1397	3	709	709
18	  13.2082	  25.0584	3	295	295
19	   6.7796	  21.9927	3	88	88
20	   2.1429	  10.9635	3	1279	1279
21	  20.4996	  27.0347	3	990	990
22	  18.1788	  20.3682	3	1163	1163
23	  25.4390	   6.1401	3	573	573
24	   8.2015	  16.6868	3	450	450
25	  17.2058	  17.9745	3	175	175
26	  15.9061	  11.8169	3	462	462
27	  27.4791	  29.1142	3	538	538
28	  21.1069	   9.0182	3	1356	1356
29	  15.2221	  11.6065	3	645	645
30	  27.6897	  29.1623	-3	249	249
31	  15.2587	  25.5493	-3	495	495
32	   8.3572	  13.4161	-3	472	472
33	  13.3470	   0.9952	-3	893	893
34	   9.0054	  17.3587	-3	423	423
35	  20.9298	  12.3420	-3	1174	1174
36	   6.8753	   4.2587	-3	929	929
37	  19.3680	  19.6821	-3	766	766
38	  24.8919	  20.9884	-3	1368	1368
39	  22.2090	  18.2597	-3	330	330
40	   5.0636	  26.5020	-3	37	37
41	  18.2782	  20.7368	-3	818	818
42	  20.1027	  29.9793	-3	765	765
43	  25.5318	   5.8862	-3	11	11
44	  15.6732	  11.6994	-3	523	523
45	  10.8567	   0.8629	-3	211	211
46	   0.2031	   3.1829	-3	1300	1300
47	  23.1477	  12.5537	-3	709	709
48	  13.9401	  26.2300	-3	295	295
49	   6.9484	  22.2763	-3	88	88
50	   1.9519	   9.8183	-3	1279	1279
51	  21.4248	  24.2317	-3	990	990
52	  15.7264	  19.1709	-3	1163	1163
53	  25.3930	   3.6578	-3	573	573
54	   7.3354	  15.1206	-3	450	450
55	  18.3332	  16.1937	-3	175	175
56	  13.3365	  12.0958	-3	462	462
57	  27.9743	  23.8786	-3	538	538
58	  19.4686	   8.0152	-3	1356	1356
59	  13.6567	  16.5329	-3	645	645
60	   6.0529	  17.1740	1	0	1440
61	   7.5423	   0.3898	1	0	1440
62	   6.8048	   2.9813	1	0	1440
63	   6.5299	  22.4780	1	0	1440
64	  14.6807	  24.8081	1	0	1440
65	  13.2148	  22.8822	1	0	1440
66	  11.4949	   0.4206	1	0	1440
67	   5.1231	  18.6715	1	0	1440
68	  29.6511	   4.7791	1	0	1440
69	  26.8598	   6.1810	1	0	1440
70	  27.2571	  11.5405	1	0	1440
71	   4.4227	  12.4841	1	0	1440
72	  10.8925	  15.2794	1	0	1440
73	   7.0041	  27.0549	1	0	1440
74	  15.4550	  15.1330	1	0	1440
75	  28.5480	  15.1061	1	0	1440
76	  23.2108	  25.2654	1	0	1440
77	   1.0611	   8.6658	1	0	1440
78	  23.7719	   0.3104	1	0	1440
79	  17.4796	   1.9653	1	0	1440
80	  23.6542	   9.9870	1	0	1440
81	   1.1575	  19.0618	1	0	1440
82	  28.3833	  16.4704	1	0	1440
83	   5.1266	  24.2044	1	0	1440
84	   0.2722	   2.3140	1	0	1440
85	   7.1972	  18.6038	-1	0	1440
86	   7.8365	   3.7426	-1	0	1440
87	   8.0584	   7.0172	-1	0	1440
88	   7.8673	  21.0415	-1	0	1440
89	   9.5948	  28.7849	-1	0	1440
90	   9.0691	  20.0693	-1	0	1440
91	  12.2023	   6.0088	-1	0	1440
92	   2.7473	  18.3758	-1	0	1440
93	  28.9232	   8.2582	-1	0	1440
94	  25.5511	  10.8056	-1	0	1440
95	  27.2696	   9.3215	-1	0	1440
96	   4.7604	   8.5335	-1	0	1440
97	  12.2320	  18.1861	-1	0	1440
98	   8.1067	  26.3916	-1	0	1440
99	   9.5288	  11.9093	-1	0	1440
100	  27.6411	  11.3711	-1	0	1440
101	  28.1731	  25.7350	-1	0	1440
102	   4.8496	  13.4361	-1	0	1440
103	  20.1387	   0.3449	-1	0	1440
104	  12.3905	   4.5372	-1	0	1440
105	  21.8963	  13.8598	-1	0	1440
106	   1.0990	  21.5627	-1	0	1440
107	  23.2449	  10.5635	-1	0	1440
108	   0.8134	  28.1822	-1	0	1440
109	   8.0436	  15.3567	-1	0	1440
110	   2.3640	  20.6399	0	0	1440
111	  21.2872	  17.1692	0	0	1440
112	   9.8278	   3.2502	0	0	1440
113	  16.3363	  29.2613	0	0	1440
114	  27.1751	   3.1001	0	0	1440
115	  17.1587	   4.6695	0	0	1440
116	  19.9121	  25.4079	0	0	1440
117	   6.1007	  27.1114	0	0	1440
118	   5.2308	  12.1271	0	0	1440
119	  19.7223	  17.8074	0	0	1440
120	  25.0170	  15.0591	0	0	1440
121	   8.6031	  28.4271	0	0	1440
122	  28.4086	  26.4691	0	0	1440
123	   8.9650	  12.5731	0	0	1440
124	   8.9642	  18.8875	0	0	1440
125	  26.6505	  18.1073	0	0	1440
126	  19.3547	  25.5693	0	0	1440
127	  19.1226	  11.3394	0	0	1440
128	  16.8045	  20.8119	0	0	1440
129	  19.7158	   0.8605	0	0	1440
130	   8.7845	   7.0845	0	0	1440
131	  17.1607	  16.4809	0	0	1440
132	  28.6600	  24.6906	0	0	1440
133	  11.7962	   9.6815	0	0	1440
134	   0.6329	   9.8670	0	0	1440
135	  21.9714	  26.2239	0	0	1440
136	   0.9891	  10.4719	0	0	1440
137	   9.6319	   2.8843	0	0	1440
138	  10.3983	  29.6091	0	0	1440
