cabid lati longi timestamp sequence
3.0 37.7943 -122.4279 837.0 17.0
3.0 37.7884 -122.4053 852.0 18.0
3.0 37.7886 -122.4021 870.0 19.0
3.0 37.6179 -122.3854 894.0 20.0
3.0 37.6144 -122.3858 1002.0 21.0
4.0 37.7529 -122.4265 558.0 1.0
4.0 37.7551 -122.4187 588.0 2.0
4.0 37.7866 -122.3954 614.0 3.0
4.0 37.7858 -122.4059 623.0 4.0
4.0 37.7947 -122.4051 631.0 5.0
4.0 37.7908 -122.4207 660.0 6.0
4.0 37.7877 -122.4098 664.0 7.0
4.0 37.7858 -122.4049 682.0 8.0
4.0 37.7826 -122.3930 686.0 9.0
4.0 37.7840 -122.3984 693.0 10.0
4.0 37.7922 -122.4009 701.0 11.0
4.0 37.7810 -122.4120 711.0 12.0
4.0 37.7978 -122.4072 718.0 13.0
4.0 37.7867 -122.4048 730.0 14.0
4.0 37.7768 -122.3947 738.0 15.0
4.0 37.7513 -122.3951 757.0 16.0
4.0 37.7478 -122.4265 765.0 17.0
4.0 37.6151 -122.3901 851.0 18.0
4.0 37.7890 -122.4073 872.0 19.0
4.0 37.7941 -122.3968 887.0 20.0
4.0 37.8018 -122.4291 896.0 21.0
4.0 37.8058 -122.4129 912.0 22.0
4.0 37.7871 -122.4244 922.0 23.0
4.0 37.7918 -122.4039 936.0 24.0
4.0 37.7952 -122.4427 947.0 25.0
4.0 37.7984 -122.4358 951.0 26.0
4.0 37.7906 -122.4343 955.0 27.0
4.0 37.7977 -122.4381 959.0 28.0
4.0 37.7975 -122.4221 974.0 29.0
4.0 37.7659 -122.4500 992.0 30.0
4.0 37.7889 -122.4185 1009.0 31.0
4.0 37.7853 -122.4189 1012.0 32.0
4.0 37.7927 -122.4033 1019.0 33.0
5.0 37.7885 -122.4082 738.0 1.0
5.0 37.7653 -122.3968 764.0 2.0
5.0 37.7759 -122.4027 775.0 3.0
5.0 37.7532 -122.4015 781.0 4.0
5.0 37.7558 -122.4052 784.0 5.0
5.0 37.7847 -122.4195 797.0 6.0
5.0 37.7983 -122.4263 806.0 7.0
5.0 37.7854 -122.4056 816.0 8.0
5.0 37.7859 -122.4044 842.0 9.0
5.0 37.8075 -122.4136 855.0 10.0
5.0 37.8076 -122.4207 861.0 11.0
5.0 37.8004 -122.4345 868.0 12.0
5.0 37.6153 -122.3902 978.0 13.0
5.0 37.7855 -122.4091 997.0 14.0
5.0 37.7845 -122.4084 1002.0 15.0
5.0 37.7923 -122.4060 1011.0 16.0
5.0 37.8007 -122.4027 1019.0 17.0
1.0 37.7916 -122.4074 585.0 1.0
1.0 37.7679 -122.4366 599.0 2.0
1.0 37.7721 -122.4307 612.0 3.0
2.0 37.7876 -122.4067 548.0 1.0
2.0 37.7843 -122.4330 553.0 2.0
2.0 37.7829 -122.4327 558.0 3.0
2.0 37.7814 -122.4580 566.0 4.0
2.0 37.7829 -122.4589 567.0 5.0
2.0 37.7850 -122.4195 579.0 6.0
2.0 37.7908 -122.4326 590.0 7.0
2.0 37.7883 -122.4027 603.0 8.0
2.0 37.7874 -122.4453 621.0 9.0
2.0 37.7935 -122.3973 636.0 10.0
2.0 37.7888 -122.4096 644.0 11.0
2.0 37.7958 -122.4308 651.0 12.0
2.0 37.7871 -122.4484 660.0 13.0
2.0 37.7893 -122.4071 670.0 14.0
2.0 37.7829 -122.4307 775.0 15.0
2.0 37.7841 -122.4043 783.0 16.0
2.0 37.6152 -122.3902 822.0 17.0
2.0 37.7897 -122.4115 845.0 18.0
2.0 37.7876 -122.4149 864.0 19.0
2.0 37.7892 -122.4170 870.0 20.0
2.0 37.7873 -122.4078 875.0 21.0
2.0 37.7861 -122.4185 879.0 22.0
2.0 37.7722 -122.4085 889.0 23.0
2.0 37.7923 -122.4211 901.0 24.0
2.0 37.7773 -122.4136 912.0 25.0
3.0 37.7039 -122.3938 553.0 1.0
3.0 37.7488 -122.4097 579.0 2.0
3.0 37.7868 -122.4043 592.0 3.0
3.0 37.7812 -122.4794 650.0 4.0
3.0 37.7863 -122.4540 655.0 5.0
3.0 37.7929 -122.4008 668.0 6.0
3.0 37.7893 -122.4018 674.0 7.0
3.0 37.7884 -122.4139 678.0 8.0
3.0 37.7715 -122.4675 695.0 9.0
3.0 37.7918 -122.4096 712.0 10.0
3.0 37.7879 -122.4090 716.0 11.0
3.0 37.7852 -122.4328 723.0 12.0
3.0 37.7714 -122.4677 735.0 13.0
3.0 37.7983 -122.4357 760.0 14.0
3.0 37.8003 -122.4103 770.0 15.0
3.0 37.7830 -122.4601 783.0 16.0
4.0 37.6144 -122.3962 547.0 1.0
4.0 37.7761 -122.4050 563.0 2.0
4.0 37.6160 -122.3886 605.0 3.0
4.0 37.7902 -122.4044 625.0 4.0
4.0 37.7902 -122.4044 626.0 5.0
4.0 37.7867 -122.4021 643.0 6.0
4.0 37.7834 -122.4025 650.0 7.0
4.0 37.7866 -122.4031 665.0 8.0
4.0 37.6158 -122.3901 684.0 9.0
4.0 37.6163 -122.3864 690.0 10.0
4.0 37.7747 -122.4245 708.0 11.0
lati longi low_tw
37.7923 -122.4564 590.0
37.7955 -122.4564 957.0
37.8043 -122.4185 797.0
37.6941 -122.4471 914.0
37.7239 -122.4667 807.0
37.7185 -122.4661 502.0
37.703 -122.4442 675.0
37.6983 -122.442 808.0
37.7989 -122.4241 830.0
37.7178 -122.463 733.0
37.7011 -122.4479 806.0
37.7024 -122.4433 721.0
37.7013 -122.4505 489.0
37.7026 -122.4428 534.0
37.6973 -122.4463 607.0
37.7882 -122.4622 851.0
37.7966 -122.4243 799.0
37.7162 -122.4662 939.0
37.7931 -122.4589 742.0
37.7231 -122.4695 780.0
37.7862 -122.4576 541.0
37.7895 -122.4634 794.0
37.7016 -122.4445 753.0
37.8009 -122.4175 518.0
37.7877 -122.4651 692.0
37.7241 -122.4684 498.0
37.6958 -122.4471 647.0
37.7929 -122.4586 890.0
37.7951 -122.4603 652.0
37.7915 -122.4684 795.0
37.6978 -122.4474 590.0
37.6932 -122.4509 957.0
37.715 -122.4642 797.0
37.7961 -122.4241 914.0
37.7924 -122.4616 807.0
37.7899 -122.4615 502.0
37.8045 -122.4181 675.0
37.8044 -122.4178 808.0
37.7155 -122.4672 830.0
37.7922 -122.4643 733.0
37.8 -122.4272 806.0
37.8 -122.4269 721.0
37.8023 -122.4232 489.0
37.801 -122.4176 534.0
37.8007 -122.421 607.0
37.7 -122.444 851.0
37.7151 -122.4617 799.0
37.7887 -122.469 939.0
37.6985 -122.4441 742.0
37.7941 -122.4655 780.0
37.6971 -122.4428 541.0
37.7953 -122.4592 794.0
37.8019 -122.4178 753.0
37.7212 -122.4696 518.0
37.6961 -122.4443 692.0
37.7853 -122.4678 498.0
37.7998 -122.4271 647.0
37.703 -122.4455 890.0
37.7017 -122.4505 652.0
37.7957 -122.4631 795.0
