cabid lati longi timestamp sequence
1.0 37.7507 -122.4011 560.0 1.0
1.0 37.7895 -122.4166 573.0 2.0
1.0 37.7870 -122.4110 632.0 3.0
1.0 37.6179 -122.3869 652.0 4.0
1.0 37.7768 -122.3956 683.0 5.0
1.0 37.7844 -122.4041 689.0 6.0
1.0 37.7915 -122.4105 738.0 7.0
1.0 37.7910 -122.3923 747.0 8.0
1.0 37.7634 -122.4588 767.0 9.0
1.0 37.7636 -122.4572 789.0 10.0
1.0 37.7766 -122.4297 799.0 11.0
1.0 37.7821 -122.4351 806.0 12.0
2.0 37.6156 -122.3977 627.0 1.0
2.0 37.8010 -122.4025 651.0 2.0
2.0 37.7969 -122.4009 653.0 3.0
2.0 37.7804 -122.4191 662.0 4.0
2.0 37.7791 -122.4190 667.0 5.0
2.0 37.7817 -122.4930 682.0 6.0
2.0 37.7815 -122.4932 698.0 7.0
2.0 37.7810 -122.4199 716.0 8.0
2.0 37.7731 -122.4166 724.0 9.0
2.0 37.7708 -122.4338 735.0 10.0
2.0 37.7859 -122.4430 746.0 11.0
2.0 37.7867 -122.4507 749.0 12.0
2.0 37.7834 -122.4580 762.0 13.0
2.0 37.7857 -122.4287 769.0 14.0
2.0 37.7922 -122.4037 783.0 15.0
2.0 37.7900 -122.4239 788.0 16.0
2.0 37.7922 -122.4035 811.0 17.0
2.0 37.7916 -122.4326 825.0 18.0
2.0 37.7917 -122.4337 829.0 19.0
2.0 37.7931 -122.4009 840.0 20.0
2.0 37.7925 -122.3973 846.0 21.0
2.0 37.7870 -122.4266 853.0 22.0
2.0 37.7529 -122.4091 913.0 23.0
2.0 37.8026 -122.4450 937.0 24.0
2.0 37.7912 -122.4310 949.0 25.0
2.0 37.7241 -122.4613 973.0 26.0
2.0 37.7554 -122.4210 989.0 27.0
2.0 37.7979 -122.4072 1007.0 28.0
2.0 37.7969 -122.4156 1014.0 29.0
3.0 37.7670 -122.4003 547.0 1.0
3.0 37.7766 -122.3954 563.0 2.0
3.0 37.7807 -122.4773 582.0 3.0
3.0 37.7848 -122.4440 604.0 4.0
3.0 37.7934 -122.3972 617.0 5.0
3.0 37.7964 -122.3969 630.0 6.0
3.0 37.7918 -122.4106 637.0 7.0
3.0 37.7872 -122.4011 657.0 8.0
3.0 37.7839 -122.3950 659.0 9.0
3.0 37.7821 -122.4039 687.0 10.0
3.0 37.7866 -122.3993 711.0 11.0
3.0 37.7755 -122.4094 716.0 12.0
3.0 37.6234 -122.4007 817.0 13.0
3.0 37.7891 -122.4048 838.0 14.0
3.0 37.8003 -122.4329 849.0 15.0
3.0 37.7998 -122.4362 856.0 16.0
3.0 37.7938 -122.4179 862.0 17.0
3.0 37.7857 -122.4138 866.0 18.0
3.0 37.7904 -122.4071 873.0 19.0
3.0 37.6161 -122.3881 1001.0 20.0
4.0 37.8049 -122.4052 546.0 1.0
4.0 37.7914 -122.3961 559.0 2.0
4.0 37.7790 -122.3975 564.0 3.0
4.0 37.7851 -122.4049 598.0 4.0
4.0 37.5920 -122.3630 725.0 5.0
4.0 37.6821 -122.3890 741.0 6.0
4.0 37.6155 -122.3880 762.0 7.0
4.0 37.6160 -122.3883 774.0 8.0
4.0 37.7809 -122.4944 802.0 9.0
4.0 37.7802 -122.4797 808.0 10.0
4.0 37.7698 -122.4492 818.0 11.0
4.0 37.7703 -122.4455 820.0 12.0
4.0 37.7925 -122.4062 834.0 13.0
4.0 37.7924 -122.4033 841.0 14.0
4.0 37.7948 -122.3966 845.0 15.0
4.0 37.7925 -122.3970 861.0 16.0
4.0 37.7905 -122.4209 870.0 17.0
4.0 37.7893 -122.4036 887.0 18.0
4.0 37.8010 -122.4414 896.0 19.0
4.0 37.7981 -122.4356 900.0 20.0
4.0 37.7971 -122.4280 904.0 21.0
4.0 37.7774 -122.4046 918.0 22.0
4.0 37.7172 -122.4418 931.0 23.0
4.0 37.7162 -122.4411 932.0 24.0
4.0 37.7080 -122.4271 937.0 25.0
5.0 37.7976 -122.4087 763.0 1.0
5.0 37.7788 -122.4148 776.0 2.0
5.0 37.7857 -122.4204 781.0 3.0
5.0 37.7838 -122.4194 784.0 4.0
5.0 37.7559 -122.4051 793.0 5.0
5.0 37.7663 -122.4014 798.0 6.0
5.0 37.7619 -122.4190 803.0 7.0
5.0 37.7637 -122.4194 805.0 8.0
5.0 37.7173 -122.4405 821.0 9.0
5.0 37.7174 -122.4405 822.0 10.0
5.0 37.7988 -122.4073 841.0 11.0
5.0 37.7915 -122.3990 853.0 12.0
5.0 37.6179 -122.3870 873.0 13.0
5.0 37.7798 -122.3919 933.0 14.0
5.0 37.7916 -122.4073 941.0 15.0
5.0 37.7922 -122.4064 942.0 16.0
5.0 37.7885 -122.4228 952.0 17.0
5.0 37.7928 -122.3975 962.0 18.0
5.0 37.7923 -122.4127 967.0 19.0
5.0 37.7901 -122.4085 970.0 20.0
5.0 37.7906 -122.3895 985.0 21.0
5.0 37.7959 -122.3945 987.0 22.0
5.0 37.7948 -122.4315 999.0 23.0
5.0 37.7974 -122.4356 1002.0 24.0
lati longi low_tw
37.6972 -122.4175 860.0
37.7825 -122.4966 913.0
37.7784 -122.4764 912.0
37.7787 -122.482 588.0
37.7736 -122.4762 933.0
37.7821 -122.4927 619.0
37.6903 -122.4189 574.0
37.6735 -122.4788 597.0
37.7867 -122.4971 717.0
37.6726 -122.4788 531.0
37.6987 -122.4212 908.0
37.67 -122.4833 628.0
37.7804 -122.4894 618.0
37.7898 -122.4904 590.0
37.6905 -122.4141 551.0
37.6624 -122.488 535.0
37.6664 -122.4933 738.0
37.7859 -122.4911 556.0
37.6613 -122.4886 595.0
37.6985 -122.4139 685.0
37.6739 -122.483 507.0
37.6905 -122.4148 900.0
37.6738 -122.4804 601.0
37.6917 -122.4198 483.0
37.7744 -122.4762 821.0
37.7766 -122.4778 918.0
37.6746 -122.4793 830.0
37.7738 -122.4806 645.0
37.6981 -122.4152 717.0
37.6722 -122.4763 680.0
37.6941 -122.4187 693.0
37.7878 -122.4912 520.0
37.7843 -122.4936 590.0
37.7736 -122.4766 501.0
37.6976 -122.4169 770.0
37.7742 -122.4809 829.0
37.6693 -122.4888 520.0
37.6922 -122.4193 844.0
37.7829 -122.489 716.0
37.7809 -122.4985 820.0
37.7849 -122.4964 732.0
37.7807 -122.4795 883.0
37.6685 -122.4932 952.0
37.6633 -122.4941 548.0
37.6704 -122.4917 515.0
37.787 -122.489 808.0
37.6665 -122.4777 854.0
37.6958 -122.4197 720.0
37.6997 -122.4144 774.0
37.6953 -122.4176 514.0
37.7728 -122.4841 528.0
37.673 -122.4766 817.0
37.6684 -122.4912 864.0
37.7859 -122.4911 683.0
37.691 -122.4167 650.0
37.6979 -122.4184 840.0
37.7783 -122.4798 808.0
37.7883 -122.4958 833.0
37.6667 -122.4921 868.0
37.787 -122.4931 692.0
37.7742 -122.4759 928.0
37.6666 -122.4847 905.0
37.696 -122.4162 642.0
37.7821 -122.4786 921.0
37.6695 -122.4899 604.0
37.7774 -122.4833 859.0
37.6913 -122.418 743.0
37.7821 -122.4953 830.0
37.7838 -122.4919 820.0
37.6657 -122.4875 562.0
37.667 -122.4763 860.0
37.6697 -122.4877 913.0
37.6938 -122.4146 912.0
37.6969 -122.4201 588.0
37.6936 -122.4163 933.0
37.6633 -122.4965 619.0
37.6688 -122.4795 574.0
37.7869 -122.4928 597.0
37.6679 -122.4903 717.0
37.7859 -122.49 531.0
37.6738 -122.4795 908.0
37.785 -122.4945 628.0
37.6619 -122.4885 618.0
37.6677 -122.4967 590.0
37.6739 -122.4812 551.0
37.7783 -122.4793 535.0
37.7801 -122.477 738.0
37.6654 -122.4964 556.0
37.777 -122.4845 595.0
37.6697 -122.4845 685.0
37.7894 -122.4933 507.0
37.6724 -122.4783 900.0
37.7858 -122.4959 601.0
37.6694 -122.4802 483.0
37.6959 -122.4182 821.0
37.6965 -122.4195 918.0
37.7801 -122.495 830.0
37.695 -122.417 645.0
37.6719 -122.484 717.0
37.7877 -122.4975 680.0
37.6739 -122.4846 693.0
37.6678 -122.4878 520.0
37.6693 -122.4945 590.0
37.6935 -122.4138 501.0
37.6679 -122.4823 770.0
37.6993 -122.4172 829.0
37.7789 -122.4762 520.0
37.6667 -122.4799 844.0
37.6679 -122.4964 716.0
37.6632 -122.4902 820.0
37.6699 -122.4942 732.0
37.6974 -122.4198 883.0
37.782 -122.4829 952.0
37.7756 -122.4829 548.0
37.7785 -122.4815 515.0
37.6636 -122.4955 808.0
37.7826 -122.4889 854.0
37.6761 -122.4798 720.0
37.6738 -122.4832 774.0
37.6739 -122.476 514.0
37.6906 -122.4153 528.0
37.7861 -122.4899 817.0
37.7762 -122.4784 864.0
37.6648 -122.4949 683.0
37.6723 -122.4751 650.0
37.6673 -122.4801 840.0
37.6919 -122.4152 808.0
37.6637 -122.4954 833.0
37.7778 -122.479 868.0
37.6688 -122.4873 692.0
37.6938 -122.4127 928.0
37.7877 -122.4954 905.0
37.6725 -122.4799 642.0
37.6958 -122.4196 921.0
37.7826 -122.4778 604.0
37.6942 -122.4217 859.0
37.6735 -122.479 743.0
37.6666 -122.4926 830.0
37.6613 -122.4967 820.0
37.7767 -122.4779 562.0
