cabid lati longi timestamp sequence
3.0 37.7935 -122.3963 1019.0 35.0
4.0 37.6158 -122.3884 624.0 1.0
4.0 37.4856 -122.1856 645.0 2.0
4.0 37.6152 -122.3902 748.0 3.0
4.0 37.4375 -122.1233 772.0 4.0
4.0 37.6151 -122.3902 875.0 5.0
4.0 37.7944 -122.4186 899.0 6.0
4.0 37.6224 -122.4000 995.0 7.0
5.0 37.7849 -122.4347 550.0 1.0
5.0 37.7858 -122.4078 560.0 2.0
5.0 37.7852 -122.4890 625.0 3.0
5.0 37.7864 -122.4217 644.0 4.0
5.0 37.7917 -122.4074 667.0 5.0
5.0 37.8084 -122.4096 679.0 6.0
5.0 37.8030 -122.4011 689.0 7.0
5.0 37.7888 -122.3956 695.0 8.0
5.0 37.7927 -122.3986 702.0 9.0
5.0 37.7917 -122.4073 726.0 10.0
5.0 37.7984 -122.4497 738.0 11.0
5.0 37.7991 -122.4411 741.0 12.0
5.0 37.7981 -122.4483 744.0 13.0
5.0 37.8000 -122.4428 750.0 14.0
5.0 37.7975 -122.4325 756.0 15.0
5.0 37.7931 -122.3936 777.0 16.0
5.0 37.6179 -122.3867 798.0 17.0
5.0 37.7901 -122.3912 824.0 18.0
5.0 37.7870 -122.4105 831.0 19.0
5.0 37.7927 -122.4044 837.0 20.0
5.0 37.7904 -122.3904 844.0 21.0
5.0 37.6179 -122.3868 863.0 22.0
5.0 37.6151 -122.3902 961.0 23.0
5.0 37.7843 -122.4077 979.0 24.0
6.0 37.7949 -122.4272 566.0 1.0
6.0 37.7909 -122.4342 577.0 2.0
6.0 37.7822 -122.4495 604.0 3.0
6.0 37.7848 -122.4489 605.0 4.0
6.0 37.7743 -122.4287 619.0 5.0
6.0 37.7765 -122.4177 622.0 6.0
6.0 37.7735 -122.4119 623.0 7.0
6.0 37.7793 -122.3983 627.0 8.0
6.0 37.7766 -122.3935 630.0 9.0
6.0 37.7856 -122.4014 632.0 10.0
6.0 37.7852 -122.4002 647.0 11.0
6.0 37.7872 -122.4031 650.0 12.0
6.0 37.7875 -122.4073 652.0 13.0
6.0 37.7817 -122.3920 671.0 14.0
6.0 37.7835 -122.4024 674.0 15.0
6.0 37.7818 -122.4055 676.0 16.0
6.0 37.7857 -122.4058 680.0 17.0
6.0 37.7849 -122.4000 705.0 18.0
6.0 37.7695 -122.4055 707.0 19.0
6.0 37.7683 -122.4054 708.0 20.0
6.0 37.6155 -122.3920 721.0 21.0
6.0 37.6128 -122.3964 811.0 22.0
6.0 37.5214 -122.2528 823.0 23.0
6.0 37.5155 -122.2570 826.0 24.0
6.0 37.6154 -122.3902 847.0 25.0
6.0 37.5953 -122.3694 853.0 26.0
6.0 37.6151 -122.3901 908.0 27.0
6.0 37.6651 -122.3973 916.0 28.0
6.0 37.7802 -122.4037 927.0 29.0
6.0 37.7811 -122.4046 932.0 30.0
6.0 37.7821 -122.3924 953.0 31.0
6.0 37.7119 -122.2123 981.0 32.0
6.0 37.5894 -122.2452 1012.0 33.0
1.0 37.7943 -122.4265 587.0 1.0
1.0 37.6162 -122.3898 607.0 2.0
1.0 37.7854 -122.4092 631.0 3.0
1.0 37.7703 -122.4456 641.0 4.0
1.0 37.7742 -122.4546 649.0 5.0
1.0 37.7784 -122.4631 656.0 6.0
1.0 37.7850 -122.4644 672.0 7.0
1.0 37.6148 -122.3898 700.0 8.0
1.0 37.7828 -122.3932 728.0 9.0
1.0 37.7966 -122.4185 739.0 10.0
1.0 37.8024 -122.4164 751.0 11.0
1.0 37.7893 -122.4170 759.0 12.0
1.0 37.7890 -122.4176 761.0 13.0
1.0 37.7888 -122.4049 766.0 14.0
1.0 37.7986 -122.4190 795.0 15.0
1.0 37.7730 -122.4157 809.0 16.0
1.0 37.7709 -122.4027 824.0 17.0
1.0 37.7888 -122.3988 832.0 18.0
1.0 37.7931 -122.3984 841.0 19.0
1.0 37.8027 -122.4030 852.0 20.0
1.0 37.8024 -122.4019 853.0 21.0
1.0 37.7875 -122.4081 861.0 22.0
1.0 37.7966 -122.4371 871.0 23.0
2.0 37.6160 -122.3895 545.0 1.0
2.0 37.6170 -122.3851 655.0 2.0
2.0 37.7875 -122.4106 675.0 3.0
2.0 37.7887 -122.3987 690.0 4.0
2.0 37.7888 -122.4086 693.0 5.0
2.0 37.7888 -122.4086 694.0 6.0
2.0 37.8053 -122.4170 700.0 7.0
2.0 37.8069 -122.4135 708.0 8.0
2.0 37.7954 -122.4048 717.0 9.0
2.0 37.7924 -122.3924 727.0 10.0
2.0 37.6180 -122.3865 746.0 11.0
2.0 37.6163 -122.3882 819.0 12.0
2.0 37.6089 -122.4127 829.0 13.0
2.0 37.6161 -122.3882 846.0 14.0
2.0 37.5746 -122.3581 869.0 15.0
2.0 37.6153 -122.3902 928.0 16.0
2.0 37.7591 -122.4244 946.0 17.0
2.0 37.7708 -122.4094 985.0 18.0
2.0 37.6149 -122.3854 1008.0 19.0
3.0 37.7848 -122.4669 548.0 1.0
3.0 37.7874 -122.4466 554.0 2.0
3.0 37.7929 -122.4004 566.0 3.0
3.0 37.7915 -122.4128 572.0 4.0
3.0 37.7927 -122.3949 577.0 5.0
3.0 37.7935 -122.3929 584.0 6.0
3.0 37.8064 -122.4050 588.0 7.0
3.0 37.7980 -122.4222 606.0 8.0
3.0 37.7795 -122.4330 644.0 9.0
3.0 37.7807 -122.4233 646.0 10.0
3.0 37.8008 -122.4293 653.0 11.0
3.0 37.8076 -122.4749 660.0 12.0
3.0 37.7995 -122.4391 667.0 13.0
3.0 37.7882 -122.4082 676.0 14.0
3.0 37.7885 -122.4057 686.0 15.0
3.0 37.7875 -122.3947 692.0 16.0
3.0 37.7952 -122.4048 705.0 17.0
3.0 37.7901 -122.4013 712.0 18.0
3.0 37.7895 -122.4057 713.0 19.0
3.0 37.7850 -122.4284 719.0 20.0
3.0 37.7845 -122.4381 724.0 21.0
3.0 37.7750 -122.4411 730.0 22.0
3.0 37.7798 -122.4377 733.0 23.0
lati longi low_tw
37.7685 -122.4507 890.0
37.7703 -122.4493 507.0
37.772 -122.452 560.0
37.7666 -122.4569 652.0
37.6946 -122.3974 883.0
37.7644 -122.4522 905.0
37.7815 -122.4392 583.0
37.6941 -122.4433 948.0
37.7838 -122.4362 905.0
37.7795 -122.4314 708.0
37.7688 -122.4502 738.0
37.6592 -122.4032 943.0
37.659 -122.4081 723.0
37.6922 -122.3999 657.0
37.7868 -122.4379 805.0
37.7864 -122.4303 582.0
37.6951 -122.3986 680.0
37.6968 -122.3978 875.0
37.6585 -122.4033 839.0
37.6621 -122.4077 844.0
37.7686 -122.4538 883.0
37.7784 -122.4314 563.0
37.6896 -122.4449 854.0
37.6883 -122.4427 701.0
37.7831 -122.437 606.0
37.779 -122.4303 858.0
37.6593 -122.4074 684.0
37.7692 -122.4535 893.0
37.7644 -122.4536 608.0
37.7818 -122.43 711.0
37.6941 -122.4487 955.0
37.7839 -122.4317 565.0
37.7814 -122.4378 653.0
37.6612 -122.4062 856.0
37.6923 -122.3926 792.0
37.7701 -122.4507 518.0
37.6933 -122.4452 684.0
37.7805 -122.4388 525.0
37.6598 -122.4023 724.0
37.6638 -122.4051 845.0
37.7789 -122.4297 545.0
37.7858 -122.4338 560.0
37.7789 -122.4316 574.0
37.7675 -122.4552 818.0
37.7876 -122.4376 616.0
37.6626 -122.4075 530.0
37.7852 -122.4331 514.0
37.7665 -122.4542 888.0
37.771 -122.4549 615.0
37.7795 -122.4376 662.0
37.6914 -122.3906 545.0
37.7715 -122.4556 640.0
37.7864 -122.4355 761.0
37.7645 -122.4509 865.0
37.6559 -122.4056 758.0
37.6612 -122.4052 785.0
37.6907 -122.3914 827.0
37.7781 -122.4303 908.0
37.7785 -122.4326 593.0
37.7872 -122.4342 589.0
37.6564 -122.4056 572.0
37.6589 -122.4103 786.0
37.6647 -122.4024 561.0
37.7813 -122.4312 926.0
37.6917 -122.4459 685.0
37.7635 -122.4501 732.0
37.6558 -122.4083 944.0
37.6575 -122.4057 805.0
37.6622 -122.4084 635.0
37.6582 -122.4074 561.0
37.7863 -122.4366 649.0
37.6597 -122.4101 521.0
37.7864 -122.4333 952.0
37.7633 -122.456 605.0
37.6914 -122.3954 936.0
37.7629 -122.4521 528.0
37.6894 -122.3937 817.0
37.7863 -122.4359 501.0
37.6633 -122.4069 694.0
37.6911 -122.4417 924.0
37.6938 -122.4492 890.0
37.6918 -122.4484 507.0
37.691 -122.4482 560.0
37.6896 -122.4416 652.0
37.7659 -122.4568 883.0
37.6924 -122.4491 905.0
37.6612 -122.4027 583.0
37.7796 -122.4352 948.0
37.6559 -122.4019 905.0
37.6567 -122.4073 708.0
37.6913 -122.442 738.0
37.6951 -122.3933 943.0
37.6932 -122.3936 723.0
37.7696 -122.449 657.0
37.6619 -122.4048 805.0
37.6555 -122.4087 582.0
37.7631 -122.4509 680.0
37.7632 -122.4474 875.0
37.6924 -122.3925 839.0
37.6931 -122.3973 844.0
37.6947 -122.4494 883.0
37.6649 -122.4027 563.0
37.7831 -122.4384 854.0
37.7798 -122.4319 701.0
37.6611 -122.4047 606.0
37.6647 -122.4012 858.0
37.6933 -122.3951 684.0
37.693 -122.4434 893.0
37.6947 -122.4443 608.0
37.6606 -122.4085 711.0
37.7817 -122.4325 955.0
37.6621 -122.4074 565.0
37.6589 -122.4042 653.0
37.693 -122.3996 856.0
37.7629 -122.4525 792.0
37.693 -122.4408 518.0
37.7824 -122.4302 684.0
37.659 -122.4096 525.0
37.6913 -122.4001 724.0
37.69 -122.3921 845.0
37.6577 -122.4082 545.0
37.6636 -122.4094 560.0
37.6609 -122.4015 574.0
37.6921 -122.445 818.0
37.6554 -122.403 616.0
37.6947 -122.3999 530.0
37.6636 -122.4055 514.0
37.6946 -122.4489 888.0
37.6884 -122.4449 615.0
37.6586 -122.4075 662.0
37.7655 -122.45 545.0
37.6954 -122.4502 640.0
37.6589 -122.4034 761.0
37.6898 -122.444 865.0
37.6892 -122.3989 758.0
37.6943 -122.3978 785.0
37.768 -122.4548 827.0
37.6597 -122.4093 908.0
37.6554 -122.4054 593.0
37.659 -122.4107 589.0
37.694 -122.394 572.0
37.6941 -122.3979 786.0
37.6878 -122.3939 561.0
37.6613 -122.4103 926.0
37.7791 -122.4328 685.0
37.6932 -122.4474 732.0
37.6896 -122.3916 944.0
37.6882 -122.3903 805.0
37.6933 -122.3906 635.0
37.6885 -122.3969 561.0
37.6642 -122.402 649.0
37.6933 -122.3916 521.0
37.6644 -122.4096 952.0
37.6868 -122.4471 605.0
37.7672 -122.4555 936.0
37.6906 -122.4429 528.0
37.7638 -122.45 817.0
37.6615 -122.407 501.0
37.6953 -122.3964 694.0
37.7817 -122.4306 924.0
