cabid lati longi timestamp sequence
1.0 37.7575 -122.4090 577.0 1.0
1.0 37.6820 -122.3888 619.0 2.0
1.0 37.7833 -122.4404 712.0 3.0
1.0 37.7239 -122.4359 740.0 4.0
2.0 37.6132 -122.3842 616.0 1.0
2.0 37.7449 -122.4400 642.0 2.0
2.0 37.7882 -122.4034 662.0 3.0
2.0 37.7910 -122.3994 664.0 4.0
2.0 37.6150 -122.3851 683.0 5.0
2.0 37.6172 -122.3875 773.0 6.0
2.0 37.7831 -122.4178 790.0 7.0
2.0 37.7873 -122.4168 794.0 8.0
2.0 37.7764 -122.4179 799.0 9.0
2.0 37.7882 -122.4030 811.0 10.0
2.0 37.7869 -122.3881 820.0 11.0
2.0 37.7831 -122.3892 825.0 12.0
2.0 37.6180 -122.3865 842.0 13.0
2.0 37.7886 -122.4056 999.0 14.0
2.0 37.7858 -122.4211 1003.0 15.0
2.0 37.7721 -122.4141 1018.0 16.0
3.0 37.7767 -122.3955 542.0 1.0
3.0 37.7923 -122.4061 552.0 2.0
3.0 37.7610 -122.4306 586.0 3.0
3.0 37.7882 -122.4166 601.0 4.0
3.0 37.7926 -122.4335 615.0 5.0
3.0 37.7576 -122.4189 625.0 6.0
3.0 37.7624 -122.4351 638.0 7.0
3.0 37.7945 -122.4029 654.0 8.0
3.0 37.7929 -122.4009 656.0 9.0
3.0 37.7890 -122.4117 661.0 10.0
3.0 37.7848 -122.4001 694.0 11.0
3.0 37.7742 -122.4294 700.0 12.0
3.0 37.7738 -122.4396 710.0 13.0
3.0 37.8057 -122.4130 727.0 14.0
3.0 37.8054 -122.4119 728.0 15.0
3.0 37.7968 -122.4049 734.0 16.0
3.0 37.7930 -122.3928 760.0 17.0
3.0 37.6548 -122.3817 779.0 18.0
3.0 37.7900 -122.4040 823.0 19.0
3.0 37.7855 -122.4380 832.0 20.0
3.0 37.7912 -122.4020 875.0 21.0
3.0 37.7802 -122.3899 881.0 22.0
3.0 37.7484 -122.3968 916.0 23.0
3.0 37.7484 -122.3968 918.0 24.0
3.0 37.7036 -122.3941 937.0 25.0
4.0 37.6161 -122.3842 541.0 1.0
4.0 37.6152 -122.3901 664.0 2.0
4.0 37.6142 -122.3945 691.0 3.0
4.0 37.6152 -122.3902 701.0 4.0
4.0 37.7949 -122.4005 728.0 5.0
4.0 37.8010 -122.4047 747.0 6.0
4.0 37.7921 -122.4075 754.0 7.0
4.0 37.7916 -122.4106 760.0 8.0
4.0 37.7926 -122.3976 766.0 9.0
4.0 37.7914 -122.3917 772.0 10.0
4.0 37.7872 -122.4077 778.0 11.0
4.0 37.7902 -122.4309 788.0 12.0
4.0 37.7893 -122.4155 794.0 13.0
4.0 37.7895 -122.4141 796.0 14.0
4.0 37.7822 -122.4173 799.0 15.0
4.0 37.7719 -122.4253 807.0 16.0
4.0 37.7868 -122.4509 818.0 17.0
4.0 37.7869 -122.4618 822.0 18.0
4.0 37.7975 -122.4324 834.0 19.0
4.0 37.8030 -122.4200 851.0 20.0
4.0 37.8030 -122.4201 902.0 21.0
4.0 37.7867 -122.3980 996.0 22.0
4.0 37.7906 -122.4024 1005.0 23.0
4.0 37.8069 -122.4105 1016.0 24.0
4.0 37.8035 -122.4150 1019.0 25.0
5.0 37.6161 -122.3883 609.0 1.0
5.0 37.7927 -122.4021 630.0 2.0
5.0 37.6161 -122.3883 748.0 3.0
5.0 37.7881 -122.4106 766.0 4.0
5.0 37.7846 -122.4083 777.0 5.0
5.0 37.8004 -122.4171 784.0 6.0
5.0 37.7955 -122.4034 791.0 7.0
5.0 37.7862 -122.4245 805.0 8.0
5.0 37.7843 -122.4090 811.0 9.0
5.0 37.7928 -122.4186 818.0 10.0
5.0 37.6089 -122.3902 887.0 11.0
5.0 37.5543 -122.2552 904.0 12.0
5.0 37.6149 -122.3899 957.0 13.0
5.0 37.7900 -122.4260 1005.0 14.0
5.0 37.7878 -122.4082 1014.0 15.0
6.0 37.7908 -122.4325 630.0 1.0
6.0 37.7774 -122.4552 675.0 2.0
6.0 37.7880 -122.4097 686.0 3.0
6.0 37.7708 -122.4407 719.0 4.0
6.0 37.7946 -122.3931 734.0 5.0
6.0 37.7933 -122.3933 740.0 6.0
6.0 37.7950 -122.4048 747.0 7.0
6.0 37.7656 -122.3891 840.0 8.0
6.0 37.8066 -122.4423 858.0 9.0
6.0 37.8084 -122.4100 874.0 10.0
6.0 37.7873 -122.4075 886.0 11.0
6.0 37.7866 -122.4083 887.0 12.0
6.0 37.7491 -122.4164 903.0 13.0
6.0 37.7473 -122.4138 909.0 14.0
6.0 37.7157 -122.4475 923.0 15.0
6.0 37.7250 -122.4345 930.0 16.0
6.0 37.7799 -122.4320 954.0 17.0
6.0 37.7899 -122.4056 964.0 18.0
6.0 37.7809 -122.3916 971.0 19.0
6.0 37.7764 -122.3958 979.0 20.0
6.0 37.7551 -122.4254 998.0 21.0
6.0 37.7587 -122.4212 1002.0 22.0
6.0 37.7733 -122.4215 1009.0 23.0
6.0 37.7752 -122.4192 1010.0 24.0
6.0 37.7730 -122.4323 1019.0 25.0
lati longi low_tw
37.6815 -122.4593 621.0
37.7381 -122.4476 796.0
37.7853 -122.415 899.0
37.6982 -122.4706 677.0
37.7312 -122.4531 629.0
37.7329 -122.4568 931.0
37.7802 -122.413 943.0
37.7377 -122.4524 515.0
37.6992 -122.4657 897.0
37.7396 -122.4749 631.0
37.7381 -122.4719 700.0
37.7011 -122.4677 702.0
37.7371 -122.449 643.0
37.737 -122.454 580.0
37.7056 -122.4693 721.0
37.7772 -122.4105 653.0
37.7351 -122.4693 734.0
37.7333 -122.4486 814.0
37.7795 -122.4135 684.0
37.7393 -122.4729 910.0
37.7861 -122.4135 577.0
37.7064 -122.4659 864.0
37.7068 -122.4642 677.0
37.7388 -122.4696 710.0
37.7819 -122.4139 684.0
37.7057 -122.4657 918.0
37.7766 -122.412 681.0
37.7804 -122.4097 631.0
37.735 -122.4745 893.0
37.735 -122.4528 535.0
37.7356 -122.4714 657.0
37.7381 -122.4501 833.0
37.7768 -122.4116 681.0
37.7051 -122.4623 797.0
37.7311 -122.452 831.0
37.7026 -122.4649 654.0
37.7767 -122.413 739.0
37.7057 -122.4688 779.0
37.7824 -122.4065 511.0
37.7805 -122.4102 781.0
37.7843 -122.41 621.0
37.7825 -122.475 796.0
37.7656 -122.4974 899.0
37.7919 -122.4621 677.0
37.7867 -122.4484 629.0
37.6952 -122.3959 931.0
37.6928 -122.4487 943.0
37.7727 -122.4497 515.0
37.7722 -122.4674 897.0
37.6969 -122.4353 631.0
37.7349 -122.4704 700.0
37.7443 -122.4204 702.0
37.7952 -122.4513 643.0
37.7599 -122.4778 580.0
37.7172 -122.4042 721.0
37.673 -122.4569 653.0
37.6748 -122.4626 734.0
37.79 -122.4492 814.0
37.677 -122.4567 684.0
37.7923 -122.4494 910.0
37.7729 -122.4879 577.0
37.7705 -122.4237 864.0
37.6589 -122.4892 677.0
37.6627 -122.4637 710.0
37.7345 -122.4453 684.0
37.6984 -122.3952 918.0
37.7351 -122.4286 681.0
37.6778 -122.4778 631.0
37.7698 -122.4625 893.0
37.7732 -122.4552 535.0
37.6931 -122.4453 657.0
37.657 -122.4888 833.0
37.7737 -122.4252 681.0
37.74 -122.3991 797.0
37.6511 -122.4783 831.0
37.6804 -122.4304 654.0
37.7471 -122.4152 739.0
37.7832 -122.4929 779.0
37.7498 -122.4044 511.0
37.6796 -122.4695 781.0
