cabid lati longi timestamp sequence
4.0 37.7449 -122.4400 642.0 2.0
4.0 37.7882 -122.4034 662.0 3.0
4.0 37.7910 -122.3994 664.0 4.0
4.0 37.6150 -122.3851 683.0 5.0
4.0 37.6172 -122.3875 773.0 6.0
4.0 37.7831 -122.4178 790.0 7.0
4.0 37.7873 -122.4168 794.0 8.0
4.0 37.7764 -122.4179 799.0 9.0
4.0 37.7882 -122.4030 811.0 10.0
4.0 37.7869 -122.3881 820.0 11.0
4.0 37.7831 -122.3892 825.0 12.0
4.0 37.6180 -122.3865 842.0 13.0
4.0 37.7886 -122.4056 999.0 14.0
4.0 37.7858 -122.4211 1003.0 15.0
4.0 37.7721 -122.4141 1018.0 16.0
5.0 37.7767 -122.3955 542.0 1.0
5.0 37.7923 -122.4061 552.0 2.0
5.0 37.7610 -122.4306 586.0 3.0
5.0 37.7882 -122.4166 601.0 4.0
5.0 37.7926 -122.4335 615.0 5.0
5.0 37.7576 -122.4189 625.0 6.0
5.0 37.7624 -122.4351 638.0 7.0
5.0 37.7945 -122.4029 654.0 8.0
5.0 37.7929 -122.4009 656.0 9.0
5.0 37.7890 -122.4117 661.0 10.0
5.0 37.7848 -122.4001 694.0 11.0
5.0 37.7742 -122.4294 700.0 12.0
5.0 37.7738 -122.4396 710.0 13.0
5.0 37.8057 -122.4130 727.0 14.0
5.0 37.8054 -122.4119 728.0 15.0
5.0 37.7968 -122.4049 734.0 16.0
5.0 37.7930 -122.3928 760.0 17.0
5.0 37.6548 -122.3817 779.0 18.0
5.0 37.7900 -122.4040 823.0 19.0
5.0 37.7855 -122.4380 832.0 20.0
5.0 37.7912 -122.4020 875.0 21.0
5.0 37.7802 -122.3899 881.0 22.0
5.0 37.7484 -122.3968 916.0 23.0
5.0 37.7484 -122.3968 918.0 24.0
5.0 37.7036 -122.3941 937.0 25.0
6.0 37.8030 -122.4201 902.0 1.0
6.0 37.7867 -122.3980 996.0 2.0
6.0 37.7906 -122.4024 1005.0 3.0
6.0 37.8069 -122.4105 1016.0 4.0
6.0 37.8035 -122.4150 1019.0 5.0
1.0 37.7822 -122.4073 541.0 1.0
1.0 37.6157 -122.3878 561.0 2.0
1.0 37.6161 -122.3882 602.0 3.0
1.0 37.8063 -122.4162 629.0 4.0
2.0 37.7899 -122.3994 552.0 1.0
2.0 37.7874 -122.4083 582.0 2.0
2.0 37.7934 -122.3981 591.0 3.0
2.0 37.8006 -122.4373 620.0 4.0
2.0 37.7893 -122.4019 633.0 5.0
2.0 37.7905 -122.3977 636.0 6.0
2.0 37.7838 -122.3992 642.0 7.0
2.0 37.7874 -122.4082 655.0 8.0
2.0 37.7924 -122.4108 659.0 9.0
2.0 37.7869 -122.4093 665.0 10.0
2.0 37.7751 -122.4039 673.0 11.0
2.0 37.7932 -122.4208 687.0 12.0
2.0 37.7932 -122.4139 690.0 13.0
2.0 37.7679 -122.4290 713.0 14.0
2.0 37.7668 -122.3999 725.0 15.0
2.0 37.7626 -122.3961 732.0 16.0
2.0 37.7514 -122.3943 739.0 17.0
2.0 37.6152 -122.3902 785.0 18.0
2.0 37.7851 -122.4005 800.0 19.0
2.0 37.6161 -122.3883 821.0 20.0
2.0 37.6583 -122.4848 842.0 21.0
2.0 37.6153 -122.3902 857.0 22.0
2.0 37.5313 -122.2650 878.0 23.0
2.0 37.7560 -122.4052 920.0 24.0
2.0 37.7523 -122.4183 926.0 25.0
2.0 37.7523 -122.4187 931.0 26.0
2.0 37.7483 -122.4203 933.0 27.0
2.0 37.7554 -122.4210 942.0 28.0
2.0 37.7656 -122.4221 945.0 29.0
2.0 37.7774 -122.4132 960.0 30.0
2.0 37.7862 -122.4111 964.0 31.0
2.0 37.7856 -122.4098 972.0 32.0
2.0 37.6155 -122.3844 994.0 33.0
3.0 37.6150 -122.3924 633.0 1.0
3.0 37.7918 -122.4105 654.0 2.0
3.0 37.7904 -122.4207 668.0 3.0
3.0 37.7871 -122.4487 675.0 4.0
3.0 37.7886 -122.4501 678.0 5.0
3.0 37.7840 -122.4079 693.0 6.0
3.0 37.7922 -122.4083 713.0 7.0
3.0 37.8062 -122.4240 724.0 8.0
lati longi low_tw
37.7818 -122.3929 542.0
37.799 -122.4094 530.0
37.7676 -122.4291 811.0
37.7239 -122.4309 541.0
37.7605 -122.4169 786.0
37.7156 -122.3956 907.0
37.7809 -122.4019 892.0
37.6936 -122.4165 657.0
37.7866 -122.3929 585.0
37.6673 -122.4132 935.0
37.761 -122.4966 859.0
37.7715 -122.421 666.0
37.7851 -122.4147 572.0
37.7937 -122.4513 760.0
37.7802 -122.3999 882.0
37.7985 -122.3968 580.0
37.7774 -122.4055 758.0
37.7564 -122.4199 915.0
37.7719 -122.4163 782.0
37.7725 -122.3959 733.0
37.7519 -122.4298 942.0
37.7801 -122.4144 748.0
37.7012 -122.4544 509.0
37.7693 -122.4216 727.0
37.7943 -122.3923 562.0
37.7136 -122.4049 641.0
37.7853 -122.4292 618.0
37.7775 -122.4012 939.0
37.7845 -122.4106 873.0
37.657 -122.4532 871.0
37.6542 -122.4393 733.0
37.7533 -122.3906 902.0
37.7638 -122.395 554.0
37.755 -122.447 790.0
37.7535 -122.4011 580.0
37.7608 -122.4275 643.0
37.6645 -122.4626 496.0
37.7638 -122.4157 772.0
37.7619 -122.3986 907.0
37.778 -122.4189 897.0
37.7815 -122.4046 542.0
37.7854 -122.4136 530.0
37.7659 -122.4164 811.0
37.771 -122.4686 541.0
37.7598 -122.3969 786.0
37.756 -122.4029 907.0
37.7621 -122.3992 892.0
37.7955 -122.392 657.0
37.7625 -122.3997 585.0
37.7904 -122.4145 935.0
37.769 -122.406 859.0
37.7701 -122.4268 666.0
37.7252 -122.4778 572.0
37.7765 -122.4148 760.0
37.6509 -122.486 882.0
37.6893 -122.4794 580.0
37.7589 -122.4241 758.0
37.7526 -122.404 915.0
37.7691 -122.3918 782.0
37.784 -122.4029 733.0
37.7769 -122.4747 942.0
37.7763 -122.4071 748.0
37.7723 -122.4018 509.0
37.7977 -122.407 727.0
37.7991 -122.4266 562.0
37.7516 -122.4111 641.0
37.7876 -122.4726 618.0
37.6657 -122.3972 939.0
37.7913 -122.4124 873.0
37.7966 -122.4086 871.0
37.7859 -122.3909 733.0
37.7884 -122.4059 902.0
37.7918 -122.4164 554.0
37.7908 -122.4278 790.0
37.7606 -122.394 580.0
37.7912 -122.4177 643.0
37.7555 -122.4142 496.0
37.7913 -122.4048 772.0
37.7923 -122.4265 907.0
37.666 -122.4099 897.0
