cabid lati longi timestamp sequence
3.0 37.7865 -122.4115 982.0 22.0
3.0 37.7933 -122.4003 997.0 23.0
3.0 37.7842 -122.4224 1008.0 24.0
3.0 37.7883 -122.4090 1013.0 25.0
3.0 37.7874 -122.4035 1019.0 26.0
4.0 37.6162 -122.3883 545.0 1.0
4.0 37.7864 -122.4046 565.0 2.0
4.0 37.7716 -122.3987 586.0 3.0
4.0 37.7858 -122.4382 604.0 4.0
4.0 37.7830 -122.4275 613.0 5.0
4.0 37.7834 -122.4406 616.0 6.0
4.0 37.7816 -122.4462 630.0 7.0
4.0 37.7814 -122.4461 631.0 8.0
4.0 37.7850 -122.4420 638.0 9.0
4.0 37.7810 -122.4638 645.0 10.0
4.0 37.7215 -122.4562 667.0 11.0
4.0 37.7235 -122.4562 675.0 12.0
4.0 37.7544 -122.5023 690.0 13.0
4.0 37.7729 -122.4799 705.0 14.0
4.0 37.7875 -122.4058 723.0 15.0
4.0 37.7924 -122.3951 760.0 16.0
4.0 37.7794 -122.4185 767.0 17.0
4.0 37.7792 -122.4184 768.0 18.0
4.0 37.7902 -122.4036 776.0 19.0
4.0 37.7917 -122.3984 830.0 20.0
4.0 37.7895 -122.4082 838.0 21.0
4.0 37.7979 -122.4144 845.0 22.0
4.0 37.7992 -122.4088 851.0 23.0
4.0 37.8014 -122.4022 854.0 24.0
4.0 37.7899 -122.3999 858.0 25.0
4.0 37.7899 -122.4000 859.0 26.0
4.0 37.7885 -122.4102 862.0 27.0
4.0 37.7898 -122.3997 869.0 28.0
4.0 37.6149 -122.3853 890.0 29.0
4.0 37.7767 -122.3954 991.0 30.0
4.0 37.7905 -122.4085 1000.0 31.0
4.0 37.7882 -122.4068 1004.0 32.0
4.0 37.7848 -122.4001 1013.0 33.0
4.0 37.7872 -122.4031 1015.0 34.0
5.0 37.7255 -122.4341 825.0 1.0
5.0 37.6507 -122.4068 862.0 2.0
5.0 37.7947 -122.4006 878.0 3.0
5.0 37.6019 -122.3795 937.0 4.0
5.0 37.6004 -122.3840 954.0 5.0
5.0 37.6039 -122.3825 970.0 6.0
1.0 37.7905 -122.4058 540.0 1.0
2.0 37.6247 -122.4011 613.0 1.0
2.0 37.8067 -122.4106 633.0 2.0
2.0 37.8060 -122.4179 639.0 3.0
2.0 37.7965 -122.4022 646.0 4.0
2.0 37.7929 -122.3961 659.0 5.0
2.0 37.7989 -122.4083 668.0 6.0
2.0 37.7945 -122.3998 683.0 7.0
2.0 37.8012 -122.4018 688.0 8.0
2.0 37.7947 -122.3977 709.0 9.0
2.0 37.7953 -122.2695 726.0 10.0
2.0 37.7949 -122.3976 759.0 11.0
2.0 37.7892 -122.4106 766.0 12.0
2.0 37.7885 -122.4056 769.0 13.0
2.0 37.7914 -122.3943 775.0 14.0
2.0 37.7909 -122.4041 789.0 15.0
2.0 37.7897 -122.4137 792.0 16.0
2.0 37.7885 -122.4047 795.0 17.0
2.0 37.7725 -122.4041 805.0 18.0
2.0 37.7854 -122.3965 817.0 19.0
2.0 37.8000 -122.4411 832.0 20.0
2.0 37.8004 -122.4396 833.0 21.0
2.0 37.7965 -122.4252 837.0 22.0
2.0 37.7959 -122.4215 842.0 23.0
2.0 37.7947 -122.4007 847.0 24.0
2.0 37.6088 -122.3903 904.0 25.0
2.0 37.5577 -122.2869 927.0 26.0
2.0 37.6177 -122.3864 999.0 27.0
3.0 37.7575 -122.4090 577.0 1.0
3.0 37.6820 -122.3888 619.0 2.0
3.0 37.7833 -122.4404 712.0 3.0
3.0 37.7239 -122.4359 740.0 4.0
3.0 37.7577 -122.4191 755.0 5.0
3.0 37.7927 -122.4334 768.0 6.0
3.0 37.7859 -122.4333 772.0 7.0
3.0 37.7408 -122.4310 790.0 8.0
3.0 37.7422 -122.4252 803.0 9.0
3.0 37.7226 -122.4442 809.0 10.0
3.0 37.7209 -122.4355 821.0 11.0
3.0 37.7613 -122.4277 833.0 12.0
3.0 37.7926 -122.4031 994.0 13.0
3.0 37.7858 -122.4249 1002.0 14.0
3.0 37.7854 -122.4164 1006.0 15.0
3.0 37.7671 -122.4002 1015.0 16.0
4.0 37.6132 -122.3842 616.0 1.0
lati longi low_tw
37.6556 -122.4082 711.0
37.7375 -122.4493 781.0
37.7026 -122.4953 778.0
37.7116 -122.4618 568.0
37.6561 -122.4809 831.0
37.6898 -122.4701 490.0
37.6564 -122.4447 749.0
37.6725 -122.485 925.0
37.7984 -122.4367 860.0
37.7104 -122.4747 884.0
37.721 -122.4405 734.0
37.6681 -122.4751 831.0
37.7571 -122.4994 526.0
37.7225 -122.4287 759.0
37.7398 -122.3962 862.0
37.7677 -122.484 547.0
37.6606 -122.4988 554.0
37.6838 -122.4284 846.0
37.6626 -122.4453 635.0
37.7291 -122.4526 878.0
37.6847 -122.4874 885.0
37.7555 -122.4086 739.0
37.6703 -122.4673 626.0
37.7445 -122.4003 859.0
37.7098 -122.4809 727.0
37.7648 -122.4904 738.0
37.7401 -122.4335 902.0
37.6903 -122.4887 870.0
37.6545 -122.4904 915.0
37.7132 -122.4195 817.0
37.7373 -122.4814 893.0
37.7836 -122.4371 632.0
37.6868 -122.4839 573.0
37.682 -122.4345 534.0
37.759 -122.4129 539.0
37.6822 -122.4372 813.0
37.7772 -122.4747 706.0
37.7709 -122.4389 650.0
37.6535 -122.4932 605.0
37.7003 -122.4889 776.0
37.7277 -122.4284 590.0
37.7318 -122.4322 696.0
37.7868 -122.4541 577.0
37.7879 -122.4053 541.0
37.7034 -122.3941 525.0
37.762 -122.4073 828.0
37.7166 -122.4253 603.0
37.768 -122.483 610.0
37.7484 -122.3954 675.0
37.6591 -122.4109 535.0
37.7721 -122.4607 711.0
37.6927 -122.4048 781.0
37.7446 -122.4726 778.0
37.6666 -122.4585 568.0
37.688 -122.4106 831.0
37.7808 -122.4774 490.0
37.6955 -122.3981 749.0
37.7117 -122.4144 925.0
37.7276 -122.4258 860.0
37.7843 -122.4088 884.0
37.6894 -122.439 734.0
37.6523 -122.4384 831.0
37.7213 -122.4039 526.0
37.6999 -122.4318 759.0
37.7037 -122.4279 862.0
37.737 -122.4273 547.0
37.676 -122.4154 554.0
37.7962 -122.4061 846.0
37.6928 -122.4116 635.0
37.7288 -122.4871 878.0
37.782 -122.4288 885.0
37.7479 -122.4573 739.0
37.7702 -122.4197 626.0
37.7329 -122.4438 859.0
37.7574 -122.4409 727.0
37.7098 -122.4078 738.0
37.7161 -122.4636 902.0
37.7994 -122.4118 870.0
37.7105 -122.4127 915.0
37.6854 -122.439 817.0
37.7681 -122.4062 893.0
37.7191 -122.4551 632.0
37.6527 -122.4429 573.0
37.6621 -122.4108 534.0
37.6608 -122.4584 539.0
37.7855 -122.4259 813.0
37.6571 -122.4946 706.0
37.7548 -122.4052 650.0
37.7362 -122.4736 605.0
37.7739 -122.4201 776.0
37.7609 -122.4053 590.0
37.6883 -122.4631 696.0
37.695 -122.4514 577.0
37.6614 -122.4171 541.0
37.6564 -122.4494 525.0
37.7291 -122.4431 828.0
37.7869 -122.4475 603.0
37.7391 -122.4063 610.0
37.7042 -122.4073 675.0
37.7893 -122.4813 535.0
