cabid lati longi timestamp sequence
2.0 37.7880 -122.4109 940.0 29.0
2.0 37.7903 -122.3936 956.0 30.0
2.0 37.8012 -122.4229 966.0 31.0
2.0 37.7971 -122.4280 970.0 32.0
2.0 37.7982 -122.4073 978.0 33.0
2.0 37.7966 -122.4006 982.0 34.0
2.0 37.7868 -122.4109 990.0 35.0
2.0 37.7867 -122.4047 993.0 36.0
2.0 37.7959 -122.3943 1001.0 37.0
2.0 37.7959 -122.3943 1002.0 38.0
2.0 37.8057 -122.4223 1010.0 39.0
2.0 37.8005 -122.4104 1014.0 40.0
2.0 37.7979 -122.4220 1017.0 41.0
3.0 37.7905 -122.4065 548.0 1.0
3.0 37.7901 -122.3955 553.0 2.0
3.0 37.7888 -122.4116 610.0 3.0
3.0 37.7868 -122.4277 615.0 4.0
3.0 37.7871 -122.4177 618.0 5.0
3.0 37.7881 -122.4089 622.0 6.0
3.0 37.8084 -122.4141 636.0 7.0
3.0 37.8082 -122.4142 637.0 8.0
3.0 37.7843 -122.4043 649.0 9.0
3.0 37.7891 -122.4167 666.0 10.0
3.0 37.7733 -122.4375 680.0 11.0
3.0 37.7731 -122.4380 683.0 12.0
3.0 37.7871 -122.4009 693.0 13.0
3.0 37.7817 -122.4038 696.0 14.0
3.0 37.7875 -122.4080 702.0 15.0
3.0 37.7862 -122.4059 711.0 16.0
3.0 37.7845 -122.4195 718.0 17.0
3.0 37.7875 -122.4141 721.0 18.0
3.0 37.7800 -122.4134 726.0 19.0
3.0 37.7883 -122.4084 732.0 20.0
3.0 37.7920 -122.4096 737.0 21.0
3.0 37.7870 -122.4184 745.0 22.0
3.0 37.7807 -122.4084 751.0 23.0
3.0 37.7778 -122.4097 756.0 24.0
3.0 37.7847 -122.4066 762.0 25.0
3.0 37.7891 -122.4090 796.0 26.0
3.0 37.7739 -122.4611 818.0 27.0
3.0 37.7767 -122.3954 882.0 28.0
3.0 37.7627 -122.4327 893.0 29.0
3.0 37.7709 -122.4204 906.0 30.0
3.0 37.7855 -122.4225 915.0 31.0
3.0 37.7852 -122.4326 917.0 32.0
3.0 37.7677 -122.4534 925.0 33.0
3.0 37.7635 -122.4583 928.0 34.0
3.0 37.7892 -122.4340 959.0 35.0
3.0 37.7924 -122.4033 968.0 36.0
3.0 37.7931 -122.3996 971.0 37.0
3.0 37.7812 -122.4333 986.0 38.0
3.0 37.7922 -122.4436 996.0 39.0
3.0 37.7874 -122.4008 1011.0 40.0
3.0 37.7903 -122.3970 1013.0 41.0
4.0 37.3336 -122.0745 991.0 1.0
1.0 37.7818 -122.3963 577.0 1.0
1.0 37.7891 -122.4168 584.0 2.0
1.0 37.7897 -122.4139 592.0 3.0
1.0 37.7865 -122.4183 598.0 4.0
1.0 37.7873 -122.4167 599.0 5.0
1.0 37.7920 -122.4008 605.0 6.0
1.0 37.7963 -122.4161 626.0 7.0
1.0 37.6621 -122.4015 657.0 8.0
1.0 37.7885 -122.4000 770.0 9.0
1.0 37.7879 -122.4093 773.0 10.0
1.0 37.7880 -122.4073 782.0 11.0
1.0 37.7790 -122.3910 789.0 12.0
1.0 37.7885 -122.4017 818.0 13.0
1.0 37.7497 -122.3923 849.0 14.0
1.0 37.7518 -122.4049 879.0 15.0
2.0 37.7868 -122.4467 542.0 1.0
2.0 37.7865 -122.4604 549.0 2.0
2.0 37.7881 -122.4408 555.0 3.0
2.0 37.7761 -122.3933 572.0 4.0
2.0 37.7835 -122.4076 591.0 5.0
2.0 37.7771 -122.4039 596.0 6.0
2.0 37.7932 -122.4211 606.0 7.0
2.0 37.7841 -122.3986 619.0 8.0
2.0 37.7855 -122.3974 621.0 9.0
2.0 37.7922 -122.4066 631.0 10.0
2.0 37.7927 -122.4050 642.0 11.0
2.0 37.7873 -122.4066 647.0 12.0
2.0 37.7916 -122.4033 878.0 13.0
2.0 37.7932 -122.4314 890.0 14.0
2.0 37.7905 -122.4325 895.0 15.0
2.0 37.7889 -122.4103 903.0 16.0
2.0 37.7920 -122.4032 915.0 17.0
2.0 37.7877 -122.4105 920.0 18.0
2.0 37.7909 -122.4041 923.0 19.0
2.0 37.8050 -122.4135 929.0 20.0
2.0 37.8048 -122.4136 930.0 21.0
2.0 37.7973 -122.4154 935.0 22.0
2.0 37.7922 -122.4038 944.0 23.0
2.0 37.7914 -122.4260 952.0 24.0
2.0 37.7924 -122.4210 955.0 25.0
2.0 37.7954 -122.3974 962.0 26.0
2.0 37.7960 -122.3975 974.0 27.0
2.0 37.7806 -122.4206 990.0 28.0
2.0 37.7717 -122.4673 1007.0 29.0
2.0 37.7717 -122.4673 1008.0 30.0
3.0 37.7831 -122.4677 542.0 1.0
3.0 37.7810 -122.4650 543.0 2.0
3.0 37.7811 -122.4601 544.0 3.0
3.0 37.7954 -122.4081 559.0 4.0
3.0 37.7767 -122.3954 601.0 5.0
3.0 37.7786 -122.3932 602.0 6.0
3.0 37.7786 -122.3932 603.0 7.0
3.0 37.7855 -122.4078 610.0 8.0
3.0 37.7839 -122.4176 618.0 9.0
3.0 37.7840 -122.4191 619.0 10.0
lati longi low_tw
37.6805 -122.4286 830.0
37.6727 -122.4662 840.0
37.7919 -122.4365 784.0
37.7248 -122.4197 523.0
37.7381 -122.4207 503.0
37.656 -122.4479 814.0
37.6881 -122.4923 565.0
37.7139 -122.4646 726.0
37.7097 -122.5 530.0
37.7626 -122.4153 834.0
37.6697 -122.414 598.0
37.7145 -122.4072 794.0
37.797 -122.4453 514.0
37.6509 -122.415 524.0
37.6698 -122.4082 777.0
37.6941 -122.4298 489.0
37.7145 -122.4038 796.0
37.6558 -122.4586 717.0
37.6824 -122.4684 830.0
37.7575 -122.3958 526.0
37.7276 -122.4986 610.0
37.6997 -122.4851 758.0
37.7274 -122.4086 828.0
37.7108 -122.4401 745.0
37.6514 -122.4273 555.0
37.6693 -122.4051 498.0
37.7874 -122.4381 497.0
37.678 -122.4909 876.0
37.735 -122.4424 827.0
37.7806 -122.4505 650.0
37.7316 -122.4389 911.0
37.6836 -122.4649 956.0
37.7716 -122.4134 527.0
37.7376 -122.4958 626.0
37.7528 -122.4268 748.0
37.7717 -122.4684 660.0
37.7131 -122.4966 837.0
37.6602 -122.482 683.0
37.7883 -122.4713 708.0
37.7089 -122.4455 795.0
37.7503 -122.4181 920.0
37.7324 -122.4799 726.0
37.6765 -122.4653 850.0
37.6998 -122.4603 757.0
37.7903 -122.4883 894.0
37.7691 -122.4328 606.0
37.7229 -122.4747 715.0
37.7484 -122.4479 552.0
37.7679 -122.4431 932.0
37.7358 -122.4001 846.0
37.7198 -122.4115 512.0
37.7432 -122.4387 514.0
37.702 -122.4704 486.0
37.7102 -122.4149 501.0
37.7512 -122.39 543.0
37.7436 -122.4852 896.0
37.7335 -122.42 789.0
37.7201 -122.4363 758.0
37.6907 -122.4697 664.0
37.7469 -122.4043 795.0
37.7124 -122.4942 803.0
37.7007 -122.4597 543.0
37.7616 -122.4517 724.0
37.7268 -122.4788 915.0
37.6629 -122.4805 522.0
37.7874 -122.4029 505.0
37.7749 -122.4393 541.0
37.6774 -122.4079 856.0
37.6644 -122.4025 525.0
37.6558 -122.4058 562.0
37.737 -122.4131 897.0
37.6689 -122.4509 787.0
37.7468 -122.4756 794.0
37.7205 -122.4292 713.0
37.7709 -122.4504 856.0
37.7896 -122.4552 904.0
37.7131 -122.4556 880.0
37.7096 -122.4566 744.0
37.6758 -122.4551 815.0
37.7851 -122.4549 489.0
37.6842 -122.3923 830.0
37.7779 -122.4281 840.0
37.7653 -122.423 784.0
37.7366 -122.3957 523.0
37.6505 -122.434 503.0
37.6776 -122.4065 814.0
37.7909 -122.4941 565.0
37.7789 -122.4937 726.0
37.7549 -122.4482 530.0
37.6982 -122.4985 834.0
37.7666 -122.4217 598.0
37.7771 -122.4091 794.0
37.7203 -122.4932 514.0
37.7465 -122.3911 524.0
37.7001 -122.498 777.0
37.7936 -122.482 489.0
37.7138 -122.4982 796.0
37.6732 -122.4807 717.0
37.7905 -122.3909 830.0
37.6704 -122.4155 526.0
37.6815 -122.4501 610.0
37.752 -122.4444 758.0
37.7279 -122.483 828.0
37.7613 -122.4675 745.0
37.687 -122.4695 555.0
37.7515 -122.4401 498.0
37.7603 -122.4577 497.0
37.7026 -122.4632 876.0
37.7612 -122.4967 827.0
37.763 -122.4414 650.0
37.7496 -122.4823 911.0
37.6854 -122.4562 956.0
37.792 -122.4299 527.0
37.7857 -122.4793 626.0
37.792 -122.4665 748.0
37.7827 -122.3961 660.0
37.6845 -122.4479 837.0
37.6842 -122.4348 683.0
37.7125 -122.4157 708.0
37.6871 -122.4973 795.0
37.6889 -122.4122 920.0
37.7959 -122.4616 726.0
37.7715 -122.4889 850.0
37.745 -122.4657 757.0
37.7431 -122.4525 894.0
37.7842 -122.4068 606.0
37.6708 -122.482 715.0
37.7781 -122.4808 552.0
37.6744 -122.4394 932.0
37.7863 -122.4423 846.0
37.7692 -122.4103 512.0
37.6774 -122.4322 514.0
37.7684 -122.4359 486.0
37.6905 -122.4367 501.0
37.7759 -122.4283 543.0
37.6933 -122.4266 896.0
37.7608 -122.4807 789.0
37.6816 -122.4119 758.0
37.7014 -122.4131 664.0
37.7674 -122.4201 795.0
37.7259 -122.3971 803.0
37.7534 -122.4145 543.0
37.6981 -122.4244 724.0
37.6632 -122.3982 915.0
37.7931 -122.3955 522.0
37.7631 -122.4907 505.0
37.6612 -122.4385 541.0
37.6724 -122.4603 856.0
37.7071 -122.4145 525.0
37.6781 -122.4746 562.0
37.6705 -122.4145 897.0
37.6928 -122.4701 787.0
37.714 -122.4864 794.0
37.6683 -122.4419 713.0
37.6769 -122.4675 856.0
37.7654 -122.3986 904.0
37.7638 -122.456 880.0
37.7046 -122.4396 744.0
37.7262 -122.436 815.0
37.7269 -122.4286 489.0
