cabid lati longi timestamp sequence
1.0 37.7734 -122.4348 543.0 1.0
1.0 37.7868 -122.4506 555.0 2.0
1.0 37.7892 -122.4399 559.0 3.0
1.0 37.7980 -122.4009 572.0 4.0
1.0 37.7931 -122.4027 574.0 5.0
1.0 37.7981 -122.4271 581.0 6.0
1.0 37.7904 -122.4225 591.0 7.0
1.0 37.7886 -122.4102 596.0 8.0
1.0 37.7877 -122.4075 614.0 9.0
1.0 37.8064 -122.4191 621.0 10.0
1.0 37.8054 -122.4176 622.0 11.0
1.0 37.7885 -122.4071 629.0 12.0
1.0 37.7917 -122.4075 645.0 13.0
1.0 37.7873 -122.4034 651.0 14.0
1.0 37.7907 -122.4124 654.0 15.0
1.0 37.7814 -122.4205 660.0 16.0
1.0 37.7834 -122.4174 666.0 17.0
1.0 37.7681 -122.4160 673.0 18.0
1.0 37.7665 -122.4252 681.0 19.0
1.0 37.7841 -122.4076 688.0 20.0
1.0 37.7839 -122.4081 690.0 21.0
1.0 37.7761 -122.3939 696.0 22.0
1.0 37.7700 -122.4018 700.0 23.0
1.0 37.7755 -122.3973 702.0 24.0
1.0 37.7889 -122.4083 708.0 25.0
1.0 37.7917 -122.4073 735.0 26.0
1.0 37.6268 -122.4014 766.0 27.0
1.0 37.6150 -122.3901 829.0 28.0
1.0 37.5866 -122.4726 850.0 29.0
1.0 37.7178 -122.4821 888.0 30.0
1.0 37.7875 -122.4064 906.0 31.0
2.0 37.7521 -122.4191 544.0 1.0
2.0 37.7476 -122.4202 568.0 2.0
2.0 37.7781 -122.4183 578.0 3.0
2.0 37.7397 -122.4620 607.0 4.0
2.0 37.6162 -122.3901 627.0 5.0
2.0 37.7554 -122.4356 685.0 6.0
2.0 37.6164 -122.3909 705.0 7.0
2.0 37.7270 -122.4005 720.0 8.0
2.0 37.7854 -122.4060 734.0 9.0
2.0 37.7513 -122.4317 749.0 10.0
2.0 37.7586 -122.4194 753.0 11.0
2.0 37.7394 -122.4439 773.0 12.0
2.0 37.7845 -122.4401 791.0 13.0
3.0 37.6285 -122.4022 603.0 1.0
3.0 37.7924 -122.3991 622.0 2.0
3.0 37.7902 -122.4007 624.0 3.0
3.0 37.7719 -122.4308 639.0 4.0
3.0 37.6396 -122.4053 692.0 5.0
3.0 37.7896 -122.3947 709.0 6.0
3.0 37.7860 -122.4016 712.0 7.0
3.0 37.7785 -122.4150 723.0 8.0
3.0 37.7876 -122.4069 872.0 9.0
3.0 37.7850 -122.4271 881.0 10.0
3.0 37.7853 -122.4050 890.0 11.0
3.0 37.7866 -122.4024 893.0 12.0
3.0 37.7965 -122.4005 899.0 13.0
3.0 37.7891 -122.4072 904.0 14.0
3.0 37.7852 -122.4366 911.0 15.0
3.0 37.7875 -122.4294 918.0 16.0
3.0 37.6179 -122.3865 944.0 17.0
3.0 37.6169 -122.3878 1013.0 18.0
4.0 37.7881 -122.4167 557.0 1.0
4.0 37.7950 -122.4301 631.0 2.0
4.0 37.7621 -122.4619 645.0 3.0
4.0 37.7740 -122.4410 658.0 4.0
4.0 37.7848 -122.4381 664.0 5.0
4.0 37.7872 -122.4098 680.0 6.0
4.0 37.7804 -122.3898 689.0 7.0
4.0 37.7875 -122.4072 697.0 8.0
4.0 37.7899 -122.4052 703.0 9.0
4.0 37.7948 -122.4005 707.0 10.0
4.0 37.7952 -122.4207 716.0 11.0
4.0 37.7915 -122.4021 746.0 12.0
4.0 37.7669 -122.4028 758.0 13.0
4.0 37.7821 -122.4093 766.0 14.0
4.0 37.7923 -122.4040 776.0 15.0
4.0 37.7887 -122.4052 784.0 16.0
4.0 37.7799 -122.4599 799.0 17.0
4.0 37.7866 -122.4521 806.0 18.0
4.0 37.7861 -122.4108 821.0 19.0
4.0 37.8016 -122.4120 860.0 20.0
4.0 37.7941 -122.4214 865.0 21.0
5.0 37.6152 -122.3903 601.0 1.0
5.0 37.7851 -122.4005 616.0 2.0
5.0 37.6177 -122.3861 639.0 3.0
5.0 37.7944 -122.4018 660.0 4.0
5.0 37.6153 -122.3899 769.0 5.0
5.0 37.7641 -122.4362 787.0 6.0
5.0 37.6177 -122.3859 851.0 7.0
5.0 37.7846 -122.4045 915.0 8.0
5.0 37.6152 -122.3902 998.0 9.0
6.0 37.7765 -122.5081 543.0 1.0
6.0 37.7728 -122.5079 544.0 2.0
6.0 37.7711 -122.5026 545.0 3.0
6.0 37.7315 -122.4729 562.0 4.0
6.0 37.7638 -122.4976 572.0 5.0
6.0 37.7651 -122.4847 575.0 6.0
6.0 37.7871 -122.4166 599.0 7.0
6.0 37.7991 -122.3979 674.0 8.0
6.0 37.8064 -122.4048 676.0 9.0
6.0 37.7838 -122.4363 709.0 10.0
6.0 37.7840 -122.4348 710.0 11.0
6.0 37.8014 -122.4019 728.0 12.0
6.0 37.8086 -122.4130 733.0 13.0
6.0 37.8085 -122.4141 735.0 14.0
6.0 37.7889 -122.4021 749.0 15.0
6.0 37.7891 -122.4029 750.0 16.0
6.0 37.7991 -122.4085 762.0 17.0
6.0 37.7698 -122.4133 779.0 18.0
6.0 37.7643 -122.4131 783.0 19.0
6.0 37.7618 -122.4193 785.0 20.0
6.0 37.7702 -122.4692 807.0 21.0
6.0 37.7691 -122.4682 808.0 22.0
6.0 37.7874 -122.4039 828.0 23.0
6.0 37.7876 -122.4004 831.0 24.0
6.0 37.7803 -122.4168 837.0 25.0
6.0 37.7819 -122.4177 845.0 26.0
6.0 37.7816 -122.4157 846.0 27.0
6.0 37.6149 -122.3852 864.0 28.0
6.0 37.7702 -122.4041 993.0 29.0
6.0 37.7714 -122.4087 994.0 30.0
6.0 37.7900 -122.4221 1005.0 31.0
6.0 37.7905 -122.4208 1006.0 32.0
6.0 37.7899 -122.4032 1012.0 33.0
7.0 37.7234 -122.4375 770.0 1.0
7.0 37.7516 -122.4298 784.0 2.0
7.0 37.7865 -122.4019 1005.0 3.0
7.0 37.7909 -122.4157 1011.0 4.0
7.0 37.7923 -122.4109 1016.0 5.0
lati longi low_tw
37.7288 -122.4151 875.0
37.6774 -122.4565 560.0
37.7569 -122.4767 884.0
37.754 -122.4976 669.0
37.7325 -122.4848 850.0
37.7954 -122.4353 857.0
37.7659 -122.4507 697.0
37.7274 -122.4815 666.0
37.732 -122.4002 937.0
37.6795 -122.4473 642.0
37.7985 -122.4469 556.0
37.7961 -122.4957 496.0
37.758 -122.4435 887.0
37.7218 -122.4515 865.0
37.7768 -122.432 948.0
37.6591 -122.4336 834.0
37.7636 -122.4633 804.0
37.6501 -122.4608 857.0
37.6739 -122.4696 621.0
37.7144 -122.4466 497.0
37.6548 -122.4621 621.0
37.792 -122.4507 644.0
37.7216 -122.474 651.0
37.7561 -122.4712 500.0
37.7195 -122.4357 780.0
37.6633 -122.4261 906.0
37.7641 -122.4542 558.0
37.7098 -122.4046 793.0
37.7551 -122.469 641.0
37.7167 -122.468 761.0
37.6779 -122.4168 764.0
37.711 -122.4388 684.0
37.6779 -122.4779 599.0
37.7569 -122.4936 853.0
37.7015 -122.4742 935.0
37.7505 -122.482 665.0
37.7968 -122.4389 665.0
37.6841 -122.4332 935.0
37.7128 -122.3957 588.0
37.722 -122.4183 905.0
37.7526 -122.4056 810.0
37.7114 -122.3965 808.0
37.7927 -122.4812 628.0
37.7608 -122.3933 815.0
37.7844 -122.4895 920.0
37.7914 -122.479 570.0
37.7272 -122.42 919.0
37.7767 -122.461 799.0
37.785 -122.4208 749.0
37.774 -122.4447 645.0
37.799 -122.3917 838.0
37.7776 -122.4157 522.0
37.7062 -122.3901 600.0
37.7673 -122.4662 521.0
37.6687 -122.4412 802.0
37.6779 -122.4662 703.0
37.7396 -122.3998 862.0
37.765 -122.4496 512.0
37.6615 -122.4588 611.0
37.6964 -122.4155 786.0
37.748 -122.4591 875.0
37.7007 -122.4953 560.0
37.7029 -122.4862 884.0
37.7879 -122.4986 669.0
37.7623 -122.394 850.0
37.7383 -122.465 857.0
37.7999 -122.4433 697.0
37.6903 -122.4963 666.0
37.6926 -122.4792 937.0
37.7477 -122.4828 642.0
37.6696 -122.4646 556.0
37.6929 -122.4463 496.0
37.7411 -122.451 887.0
37.7374 -122.4828 865.0
37.6511 -122.4146 948.0
37.6658 -122.3914 834.0
37.7018 -122.4848 804.0
37.7387 -122.4237 857.0
37.7136 -122.4018 621.0
37.7336 -122.4464 497.0
37.7677 -122.4822 621.0
37.7058 -122.4653 644.0
37.7634 -122.4016 651.0
37.7637 -122.4055 500.0
37.6581 -122.477 780.0
37.7259 -122.4532 906.0
37.7524 -122.4775 558.0
37.6943 -122.4968 793.0
37.7836 -122.4719 641.0
37.6651 -122.4774 761.0
37.7066 -122.4179 764.0
37.7512 -122.3964 684.0
37.7196 -122.4615 599.0
37.7495 -122.4438 853.0
37.7958 -122.479 935.0
37.6617 -122.4883 665.0
37.7276 -122.4903 665.0
37.7212 -122.4664 935.0
37.7957 -122.4088 588.0
37.7558 -122.4215 905.0
37.6965 -122.4839 810.0
37.6562 -122.3922 808.0
37.7466 -122.496 628.0
37.7743 -122.4547 815.0
37.7692 -122.4296 920.0
37.7229 -122.416 570.0
37.728 -122.4741 919.0
37.7747 -122.3997 799.0
37.6578 -122.4603 749.0
37.6545 -122.391 645.0
37.6639 -122.4278 838.0
37.6982 -122.4588 522.0
37.6733 -122.4084 600.0
37.666 -122.4757 521.0
37.719 -122.4278 802.0
37.6573 -122.4624 703.0
37.6883 -122.4683 862.0
37.7111 -122.4691 512.0
37.7183 -122.4408 611.0
37.7331 -122.4429 786.0
