29	5	30	60
0	  21.2573	  19.5289	3	35	35
1	  16.9242	  13.3399	3	393	393
2	   8.3283	  14.7084	3	773	773
3	  23.3888	  20.1508	3	44	44
4	  22.4733	   9.5774	3	711	711
5	   7.0363	   5.9809	3	53	53
6	   0.6896	  24.6397	3	179	179
7	   6.8987	  18.8444	3	878	878
8	  10.2161	  16.7935	3	693	693
9	   1.6594	   6.5098	3	1021	1021
10	   4.6588	  16.1285	3	1138	1138
11	   8.7944	   8.1026	3	751	751
12	  19.9861	   5.0517	3	882	882
13	   2.6315	  11.9102	3	1101	1101
14	  18.3916	  10.9598	3	858	858
15	   1.6186	  16.7804	3	215	215
16	   6.1105	  24.0919	3	843	843
17	   1.3579	  13.1469	3	1060	1060
18	   5.0728	  10.5499	3	1223	1223
19	   7.5739	   5.7624	3	537	537
20	  10.1896	  14.4725	3	511	511
21	  24.6068	  20.4057	3	805	805
22	   1.3442	   7.9255	3	989	989
23	  13.6690	   6.0030	3	414	414
24	  23.6228	   7.8484	3	80	80
25	   8.1147	  18.6089	3	636	636
26	  12.9001	  10.7462	3	1084	1084
27	   5.5191	   6.2917	3	278	278
28	  23.0722	   2.8165	3	843	843
29	  15.9634	  11.3024	3	1053	1053
30	  20.3285	  19.3961	-3	35	35
31	  17.7238	  12.7272	-3	393	393
32	   8.2047	  14.1489	-3	773	773
33	  24.0450	  20.3320	-3	44	44
34	  20.6007	   9.8367	-3	711	711
35	   6.2661	   7.1592	-3	53	53
36	   1.1787	  22.9170	-3	179	179
37	   7.1421	  18.6617	-3	878	878
38	  11.3431	  17.6198	-3	693	693
39	   2.1597	   6.5345	-3	1021	1021
40	   4.5022	  15.7679	-3	1138	1138
41	   8.5969	   6.8701	-3	751	751
42	  20.8479	   5.9446	-3	882	882
43	   2.0084	  12.6429	-3	1101	1101
44	  18.5005	  12.2085	-3	858	858
45	   1.2696	  15.1310	-3	215	215
46	   6.2296	  24.4300	-3	843	843
47	   2.2014	  12.4998	-3	1060	1060
48	   6.1972	   9.9993	-3	1223	1223
49	   7.6449	   4.4836	-3	537	537
50	   9.6779	  14.2545	-3	511	511
51	  22.5345	  19.3711	-3	805	805
52	   0.2897	   8.5647	-3	989	989
53	  13.6013	   6.6001	-3	414	414
54	  21.0454	   6.8356	-3	80	80
55	   8.7464	  19.5637	-3	636	636
56	  12.0718	   9.9804	-3	1084	1084
57	   5.3341	   5.1340	-3	278	278
58	  21.8315	   2.5158	-3	843	843
59	  16.2500	   9.7616	-3	1053	1053
60	   9.9799	  23.5373	1	0	1440
61	  13.0098	  16.6716	1	0	1440
62	  15.5752	  19.2759	1	0	1440
63	  23.8308	  16.9194	1	0	1440
64	  22.9225	   1.2553	1	0	1440
65	  12.5119	  21.5453	1	0	1440
66	  15.1541	  22.0038	1	0	1440
67	   6.3728	  20.6732	1	0	1440
68	   3.2956	   3.0788	1	0	1440
69	   2.8109	   1.3677	1	0	1440
70	   5.8953	   9.0405	1	0	1440
71	   0.7977	  21.8586	1	0	1440
72	  20.3429	  10.7777	1	0	1440
73	  20.3959	  12.4077	1	0	1440
74	   4.0793	  21.5224	1	0	1440
75	  13.4419	   4.8830	1	0	1440
76	   6.1383	   2.9218	1	0	1440
77	   7.9096	  15.2421	1	0	1440
78	  23.5484	  23.0638	1	0	1440
79	  12.2459	   4.9212	1	0	1440
80	  18.7370	  15.5415	1	0	1440
81	   8.0000	  21.5479	1	0	1440
82	  16.9092	  13.8952	1	0	1440
83	   5.5884	  17.7069	1	0	1440
84	  10.7539	   0.9313	1	0	1440
85	   3.4846	   6.1498	1	0	1440
86	  13.3391	   9.4318	1	0	1440
87	  14.5555	  17.4184	1	0	1440
88	  22.1201	  10.7384	1	0	1440
89	  13.6601	  13.6701	1	0	1440
90	  17.1297	   5.4709	1	0	1440
91	  21.2879	   0.1297	1	0	1440
92	   2.0188	  13.1971	1	0	1440
93	   5.9040	  24.7788	1	0	1440
94	   8.5385	   9.3886	1	0	1440
95	   5.9286	  21.8775	1	0	1440
96	  18.8204	  20.4841	1	0	1440
97	  14.2959	  24.7747	1	0	1440
98	  19.1708	   9.8412	1	0	1440
99	  13.0996	   9.0229	1	0	1440
100	  13.4909	   7.8248	1	0	1440
101	  15.4319	   2.7355	1	0	1440
102	   2.2946	  23.9704	1	0	1440
103	  12.1242	   8.2232	1	0	1440
104	   5.7192	  16.4284	1	0	1440
105	  19.7682	  24.8900	1	0	1440
106	  20.9693	  20.3853	1	0	1440
107	   2.3885	  13.7816	1	0	1440
108	  16.5171	   2.0478	1	0	1440
109	  16.7909	   3.6413	1	0	1440
110	  10.2710	  12.6388	1	0	1440
111	  22.7826	  15.3051	1	0	1440
112	  15.1951	   6.6762	1	0	1440
113	   0.3304	  10.9674	1	0	1440
114	   6.0621	   7.9578	1	0	1440
115	   6.9693	  22.5792	1	0	1440
116	   1.2204	  20.2766	1	0	1440
117	   1.1114	  14.6614	1	0	1440
118	   1.7325	  16.3065	1	0	1440
119	   6.3228	  17.3829	1	0	1440
120	  10.0056	  23.7602	-1	0	1440
121	  11.7603	  17.2805	-1	0	1440
122	  16.3360	  19.7996	-1	0	1440
123	  24.7531	  17.8205	-1	0	1440
124	  21.2314	   0.3352	-1	0	1440
125	  13.4275	  20.4864	-1	0	1440
126	  16.9501	  22.2373	-1	0	1440
127	   5.2436	  19.2164	-1	0	1440
128	   2.6816	   2.9101	-1	0	1440
129	   1.8281	   0.3654	-1	0	1440
130	   3.7072	  10.1438	-1	0	1440
131	   1.0792	  20.3089	-1	0	1440
132	  20.5009	  11.9937	-1	0	1440
133	  18.3335	  13.1563	-1	0	1440
134	   4.4117	  21.4040	-1	0	1440
135	  12.7167	   3.7590	-1	0	1440
136	   5.7605	   3.2584	-1	0	1440
137	   7.6818	  15.0163	-1	0	1440
138	  20.3627	  24.9312	-1	0	1440
139	  11.7339	   5.7464	-1	0	1440
140	  19.6682	  14.3898	-1	0	1440
141	   9.1125	  21.7483	-1	0	1440
142	  18.2190	  13.8092	-1	0	1440
143	   5.9542	  17.2371	-1	0	1440
144	  12.2700	   0.0964	-1	0	1440
145	   2.8673	   8.0705	-1	0	1440
146	  12.7211	   9.6244	-1	0	1440
147	  14.8814	  16.6082	-1	0	1440
148	  23.2247	  12.9051	-1	0	1440
149	  12.3465	  13.3612	-1	0	1440
150	  17.7153	   5.5814	-1	0	1440
151	  24.8312	   0.1923	-1	0	1440
152	   2.0321	  14.3856	-1	0	1440
153	   6.7770	  23.2393	-1	0	1440
154	   9.2548	   9.1817	-1	0	1440
155	   4.7267	  23.3826	-1	0	1440
156	  19.6134	  19.8162	-1	0	1440
157	  14.4821	  24.7205	-1	0	1440
158	  16.8553	   9.6533	-1	0	1440
159	  13.7577	   8.3157	-1	0	1440
160	  13.5195	   6.5745	-1	0	1440
161	  15.3315	   2.6744	-1	0	1440
162	   4.5594	  23.3735	-1	0	1440
163	  10.9227	   8.3568	-1	0	1440
164	   5.4066	  17.5508	-1	0	1440
165	  15.7752	  24.1073	-1	0	1440
166	  20.4285	  18.8076	-1	0	1440
167	   3.2793	  15.9485	-1	0	1440
168	  15.4544	   2.4394	-1	0	1440
169	  16.7078	   4.1531	-1	0	1440
170	  12.1860	  11.3151	-1	0	1440
171	  22.3104	  14.9931	-1	0	1440
172	  16.5479	  10.4239	-1	0	1440
173	   0.9289	  10.3204	-1	0	1440
174	   4.3066	   6.5988	-1	0	1440
175	   8.1523	  22.9200	-1	0	1440
176	   0.8829	  19.9960	-1	0	1440
177	   4.3541	  12.3300	-1	0	1440
178	   4.7954	  18.2921	-1	0	1440
179	   6.6216	  14.3021	-1	0	1440
180	   5.9472	   8.4057	0	0	1440
181	  23.1609	  14.3994	0	0	1440
182	  11.3991	  10.8063	0	0	1440
183	   0.6171	   9.9105	0	0	1440
184	   4.4382	  13.7185	0	0	1440
185	  15.4099	  11.3644	0	0	1440
186	   3.4388	  17.0146	0	0	1440
187	  24.1153	  10.0141	0	0	1440
188	  24.1538	  13.4225	0	0	1440
189	  14.1204	  11.6697	0	0	1440
190	   0.3135	   2.3560	0	0	1440
191	   7.5524	   5.9385	0	0	1440
192	  24.0540	   0.0121	0	0	1440
193	  14.0249	   7.6071	0	0	1440
194	  21.7060	   7.1377	0	0	1440
195	  23.7218	   1.2632	0	0	1440
196	   8.4807	  20.0817	0	0	1440
197	  21.3375	   9.4143	0	0	1440
198	   5.8060	   8.6344	0	0	1440
199	  20.1218	  17.8554	0	0	1440
200	   4.0245	  11.7947	0	0	1440
201	   9.1038	  20.6266	0	0	1440
202	   9.1921	  19.4270	0	0	1440
203	   4.8545	  15.2759	0	0	1440
204	  21.7594	   2.3663	0	0	1440
205	   9.5858	  13.9782	0	0	1440
206	  17.0648	  20.1695	0	0	1440
207	  24.8212	  14.3692	0	0	1440
208	   2.2209	  17.1966	0	0	1440
