19	5	20	25
0	  18.1958	  24.4712	3	1413	1413
1	  27.1302	   1.7007	3	1137	1137
2	  22.2552	  10.9808	3	1011	1011
3	  26.6959	  23.5777	3	678	678
4	  16.6558	  15.6433	3	531	531
5	  19.0749	  25.3669	3	610	610
6	  18.5146	  17.5898	3	1156	1156
7	   1.0134	  25.3847	3	1403	1403
8	  16.0403	   5.7014	3	499	499
9	  29.1501	  12.3919	3	537	537
10	  28.3263	  17.3460	3	943	943
11	   6.8630	  27.3955	3	645	645
12	  29.0962	   0.6431	3	925	925
13	  13.7097	  10.3561	3	577	577
14	  19.0418	   5.9649	3	1341	1341
15	  12.1245	  16.1984	3	1134	1134
16	  10.7967	   1.1994	3	1106	1106
17	  11.5653	  29.3113	3	605	605
18	   1.7412	  17.4302	3	656	656
19	  22.0951	   0.0676	3	912	912
20	  24.4498	  24.3175	-3	1413	1413
21	  24.6960	   4.8295	-3	1137	1137
22	  18.7892	  12.5787	-3	1011	1011
23	  29.5426	  25.1534	-3	678	678
24	  17.4079	  12.4688	-3	531	531
25	  22.9780	  19.8547	-3	610	610
26	  17.3434	  14.9002	-3	1156	1156
27	   1.9608	  24.8582	-3	1403	1403
28	  18.5786	   5.3556	-3	499	499
29	  23.8798	  12.4703	-3	537	537
30	  29.4502	  16.8580	-3	943	943
31	   3.5137	  27.7797	-3	645	645
32	  21.6972	   3.7875	-3	925	925
33	  18.2801	   9.7032	-3	577	577
34	  23.1534	   9.2310	-3	1341	1341
35	  13.9591	  19.1615	-3	1134	1134
36	  13.5625	   0.3224	-3	1106	1106
37	  11.3636	  28.3125	-3	605	605
38	   4.4180	  12.9974	-3	656	656
39	  14.2850	   4.1832	-3	912	912
40	   4.7762	  28.9581	1	0	1440
41	  27.4630	  20.2439	1	0	1440
42	   2.9514	  26.5592	1	0	1440
43	  20.8870	  16.6611	1	0	1440
44	   6.9153	   9.9288	1	0	1440
45	  22.6260	  28.2522	1	0	1440
46	  25.6666	  22.1685	1	0	1440
47	  23.4056	   7.7911	1	0	1440
48	   8.3669	   4.2024	1	0	1440
49	   8.9905	  19.9322	1	0	1440
50	   2.5109	  28.2097	1	0	1440
51	   7.9129	   4.3504	1	0	1440
52	   8.2212	   0.0080	1	0	1440
53	  28.9662	   1.8810	1	0	1440
54	   4.0572	  11.2046	1	0	1440
55	   3.6078	  29.7237	1	0	1440
56	   1.2158	  16.5053	1	0	1440
57	  16.1928	   9.8263	1	0	1440
58	  27.5437	  19.4342	1	0	1440
59	  11.5271	   4.9473	1	0	1440
60	  26.6403	   3.1766	1	0	1440
61	   0.6652	   2.5573	1	0	1440
62	  12.3836	  26.9940	1	0	1440
63	  26.6882	  18.3256	1	0	1440
64	   7.9060	  25.6486	-1	0	1440
65	  27.2487	  21.4338	-1	0	1440
66	   6.2922	  24.1274	-1	0	1440
67	  15.8299	  12.3082	-1	0	1440
68	   6.8955	   7.1124	-1	0	1440
69	  28.4402	  24.1283	-1	0	1440
70	  24.3456	  26.0231	-1	0	1440
71	  24.9741	  10.8521	-1	0	1440
72	   4.4022	   1.0396	-1	0	1440
73	   2.9391	  16.8942	-1	0	1440
74	  10.8601	  25.6627	-1	0	1440
75	   3.2413	   1.9176	-1	0	1440
76	   1.6723	   4.7295	-1	0	1440
77	  21.2447	   3.1954	-1	0	1440
78	   7.5148	  11.7401	-1	0	1440
79	  11.7438	  25.9840	-1	0	1440
80	   1.3396	  17.6197	-1	0	1440
81	  19.6760	  17.5174	-1	0	1440
82	  22.4733	  18.5699	-1	0	1440
83	   2.4957	  10.8452	-1	0	1440
84	  13.0185	  16.4607	-1	0	1440
85	  15.7954	  14.8506	-1	0	1440
86	   3.3187	  29.7915	-1	0	1440
87	  29.4656	  18.3687	-1	0	1440
88	   1.7578	  15.2227	-1	0	1440
89	   9.4627	   9.6109	0	0	1440
90	  21.3369	  15.7378	0	0	1440
91	   7.4744	   5.9769	0	0	1440
92	   2.6092	  20.7910	0	0	1440
93	   3.3732	  27.0134	0	0	1440
94	  23.9189	   2.4407	0	0	1440
95	  28.3925	  22.6910	0	0	1440
96	  12.5428	  27.4698	0	0	1440
97	  15.4677	   3.9933	0	0	1440
98	  21.9630	  11.4110	0	0	1440
99	   9.1516	   9.3709	0	0	1440
100	  26.7582	   6.9400	0	0	1440
101	   3.8165	  26.3867	0	0	1440
102	  29.0691	  28.1217	0	0	1440
103	  20.8771	   1.2256	0	0	1440
104	  15.1754	   9.7165	0	0	1440
105	  11.2599	  18.3987	0	0	1440
106	  29.2649	  24.8178	0	0	1440
107	  15.0072	  26.9118	0	0	1440
