feasirouteall [[0, 108, 45, 189, 52, 196, 252, 130, 29, 16, 113, 274, 61, 56, 257, 173, 160, 200, 205, 131, 20, 164, 132, 80, 110, 275, 136, 104, 248, 276, 224, 254, 280, 289], [0, 28, 172, 86, 74, 121, 6, 230, 14, 150, 265, 218, 59, 142, 43, 158, 70, 187, 203, 127, 286, 34, 271, 214, 106, 1, 46, 178, 250, 145, 190, 289], [0, 64, 208, 134, 126, 57, 62, 206, 63, 207, 270, 278, 201, 22, 93, 37, 26, 166, 133, 237, 50, 170, 73, 181, 118, 277, 77, 194, 262, 217, 221, 289], [0, 109, 67, 44, 253, 188, 211, 55, 102, 81, 246, 225, 199, 9, 141, 124, 76, 220, 285, 153, 268, 289], [0, 60, 119, 48, 263, 100, 204, 17, 23, 244, 192, 161, 47, 30, 12, 167, 87, 174, 65, 191, 209, 156, 111, 255, 231, 54, 27, 171, 198, 289], [0, 21, 116, 78, 165, 15, 222, 4, 260, 90, 159, 234, 2, 148, 24, 35, 146, 179, 168, 289], [0, 289], [0, 71, 5, 18, 162, 33, 215, 149, 103, 8, 41, 185, 247, 177, 101, 245, 152, 112, 140, 256, 69, 3, 284, 53, 115, 25, 213, 147, 169, 197, 259, 289], [0, 95, 82, 239, 226, 94, 7, 107, 151, 238, 137, 39, 281, 251, 11, 58, 155, 183, 75, 202, 85, 123, 219, 267, 229, 289], [0, 36, 13, 157, 32, 31, 117, 180, 176, 72, 105, 216, 261, 175, 88, 138, 249, 232, 282, 10, 51, 97, 241, 154, 19, 98, 195, 129, 163, 91, 139, 273, 242, 283, 235, 289], [0, 289], [0, 68, 212, 42, 143, 122, 287, 266, 186, 120, 264, 289], [0, 83, 40, 96, 227, 144, 288, 49, 184, 193, 89, 240, 79, 92, 233, 135, 38, 66, 223, 236, 279, 84, 182, 128, 228, 210, 99, 125, 114, 272, 269, 258, 243, 289]]
feasibenefit 833.7206028163243
lastindex 20066 21501
time	9900
newbenfit 1574.4144208398372
2014-04-25 01:03:22 INFO  AbstractValidatingSessionManager:265 - Validating all active sessions...
2014-04-25 01:03:22 INFO  AbstractValidatingSessionManager:298 - Finished session validation.  No sessions were stopped.
2014-04-25 02:03:22 INFO  AbstractValidatingSessionManager:265 - Validating all active sessions...
2014-04-25 02:03:22 INFO  AbstractValidatingSessionManager:298 - Finished session validation.  No sessions were stopped.
feasirouteall [[0, 13, 109, 157, 31, 32, 117, 176, 253, 261, 55, 175, 199, 141, 93, 22, 166, 50, 237, 285, 118, 125, 194, 269, 262, 289], [0, 68, 212, 108, 45, 189, 52, 196, 102, 252, 81, 47, 30, 12, 246, 225, 174, 65, 191, 209, 156, 111, 255, 115, 27, 75, 171, 85, 229, 259, 123, 219, 267, 289], [0, 44, 119, 48, 263, 86, 188, 192, 121, 230, 105, 90, 112, 256, 265, 249, 234, 97, 9, 26, 241, 46, 39, 11, 153, 155, 183, 170, 190, 289], [0, 5, 71, 215, 6, 149, 42, 150, 107, 186, 251, 69, 131, 213, 110, 275, 136, 254, 280, 289], [0, 67, 100, 17, 211, 23, 57, 62, 206, 244, 161, 201, 167, 124, 76, 220, 268, 289], [0, 18, 36, 21, 162, 28, 60, 172, 180, 204, 165, 15, 72, 216, 143, 14, 287, 159, 59, 142, 158, 43, 92, 187, 203, 236, 286, 34, 84, 128, 228, 106, 73, 178, 250, 272, 217, 289], [0, 130, 138, 88, 29, 274, 232, 173, 282, 66, 58, 133, 210, 99, 277, 114, 202, 258, 104, 248, 243, 289], [0, 64, 208, 63, 126, 134, 207, 16, 270, 278, 122, 87, 137, 160, 281, 140, 266, 231, 3, 284, 120, 25, 147, 169, 264, 289], [0, 95, 33, 116, 78, 96, 239, 177, 260, 222, 240, 89, 70, 233, 53, 38, 127, 182, 132, 214, 271, 197, 80, 276, 224, 289], [0, 83, 40, 227, 144, 288, 49, 184, 193, 56, 10, 61, 200, 20, 205, 19, 37, 154, 164, 1, 163, 181, 145, 289], [0, 82, 226, 94, 7, 113, 238, 151, 2, 257, 24, 35, 54, 146, 179, 198, 168, 289], [0, 74, 103, 8, 41, 185, 218, 101, 247, 152, 79, 4, 245, 135, 148, 51, 223, 279, 129, 195, 98, 273, 91, 139, 77, 242, 283, 235, 221, 289], [0, 289]]
feasibenefit 855.0685709633339
lastindex 13196 19101
time	7168
feasirouteall [[0, 13, 109, 157, 31, 32, 117, 176, 253, 105, 261, 175, 88, 29, 138, 249, 232, 282, 173, 54, 198, 289], [0, 83, 40, 96, 227, 144, 288, 101, 245, 184, 240, 89, 79, 92, 233, 53, 66, 223, 236, 210, 99, 197, 91, 243, 77, 235, 221, 289], [0, 68, 212, 143, 287, 122, 76, 220, 140, 266, 120, 115, 284, 27, 171, 75, 264, 219, 123, 259, 267, 289], [0, 44, 67, 211, 23, 188, 55, 102, 81, 167, 246, 225, 199, 97, 26, 46, 241, 129, 273, 39, 170, 183, 190, 289], [0, 5, 71, 86, 215, 33, 230, 149, 8, 177, 152, 59, 142, 43, 135, 187, 51, 203, 279, 286, 84, 128, 195, 98, 228, 139, 125, 272, 283, 269, 242, 289], [0, 119, 48, 263, 100, 17, 57, 244, 192, 161, 201, 93, 141, 9, 50, 237, 153, 3, 285, 69, 213, 147, 194, 289], [0, 18, 52, 162, 45, 108, 252, 196, 189, 6, 121, 42, 14, 150, 265, 90, 112, 256, 186, 158, 70, 38, 234, 127, 182, 271, 214, 132, 80, 276, 224, 289], [0, 289], [0, 103, 74, 78, 41, 185, 218, 247, 49, 4, 222, 193, 56, 10, 61, 148, 200, 20, 205, 34, 154, 1, 164, 106, 19, 163, 178, 250, 145, 289], [0, 36, 21, 116, 28, 60, 172, 180, 204, 165, 15, 260, 72, 216, 159, 124, 22, 37, 166, 133, 181, 268, 277, 289], [0, 95, 62, 82, 239, 206, 226, 94, 7, 113, 238, 151, 2, 257, 24, 35, 146, 179, 168, 289], [0, 64, 208, 63, 134, 207, 130, 47, 30, 278, 12, 87, 174, 274, 65, 191, 209, 156, 111, 231, 255, 11, 58, 155, 73, 118, 114, 202, 85, 217, 262, 258, 229, 289], [0, 126, 107, 270, 16, 137, 160, 281, 251, 25, 131, 169, 110, 275, 136, 104, 248, 254, 280, 289]]
feasibenefit 841.4897806677295
lastindex 13969 19201
time	9240
newbenfit 1579.5944348391222
2014-04-22 15:22:20 INFO  AbstractValidatingSessionManager:265 - Validating all active sessions...
2014-04-22 15:22:20 INFO  AbstractValidatingSessionManager:298 - Finished session validation.  No sessions were stopped.
2014-04-22 16:22:20 INFO  AbstractValidatingSessionManager:265 - Validating all active sessions...
2014-04-22 16:22:20 INFO  AbstractValidatingSessionManager:298 - Finished session validation.  No sessions were stopped.
2014-04-22 17:22:20 INFO  AbstractValidatingSessionManager:265 - Validating all active sessions...
2014-04-22 17:22:20 INFO  AbstractValidatingSessionManager:298 - Finished session validation.  No sessions were stopped.
feasirouteall [[0, 29, 87, 12, 42, 186, 231, 173, 54, 156, 198, 289], [0, 68, 212, 103, 105, 8, 152, 247, 249, 289], [0, 116, 74, 78, 41, 185, 218, 49, 260, 193, 222, 92, 70, 53, 236, 127, 132, 214, 271, 197, 80, 110, 136, 276, 224, 254, 280, 289], [0, 13, 82, 100, 157, 226, 244, 7, 94, 113, 138, 238, 2, 65, 151, 209, 282, 257, 24, 35, 146, 179, 50, 73, 168, 125, 77, 194, 269, 217, 221, 289], [0, 36, 28, 60, 172, 180, 117, 17, 15, 204, 261, 14, 143, 161, 287, 159, 59, 142, 158, 43, 187, 51, 203, 66, 286, 34, 106, 195, 210, 178, 250, 289], [0, 44, 119, 48, 263, 86, 188, 52, 196, 192, 6, 121, 230, 150, 90, 112, 256, 265, 137, 234, 97, 26, 241, 133, 277, 39, 281, 11, 155, 170, 183, 289], [0, 18, 5, 71, 162, 108, 215, 30, 149, 81, 252, 55, 174, 9, 199, 225, 124, 58, 268, 153, 27, 171, 202, 289], [0, 64, 208, 134, 126, 57, 62, 206, 63, 207, 270, 278, 201, 22, 93, 141, 37, 46, 166, 237, 181, 285, 190, 289], [0, 33, 45, 21, 189, 96, 165, 144, 177, 288, 89, 240, 4, 79, 233, 135, 148, 223, 279, 19, 84, 1, 163, 129, 98, 91, 139, 228, 273, 145, 242, 283, 235, 289], [0, 130, 102, 47, 246, 88, 16, 274, 107, 191, 232, 160, 251, 111, 3, 255, 120, 25, 69, 169, 147, 213, 104, 248, 264, 289], [0, 109, 67, 32, 31, 23, 211, 176, 253, 72, 216, 175, 167, 122, 76, 131, 140, 266, 220, 275, 115, 284, 75, 85, 219, 123, 259, 267, 229, 289], [0, 95, 83, 40, 239, 227, 101, 184, 245, 61, 56, 10, 38, 200, 20, 205, 182, 154, 164, 128, 99, 118, 114, 272, 262, 258, 243, 289], [0, 289]]
feasibenefit 871.4609080217865
lastindex 15012 18901
time	12211
newbenfit 1586.5155115165237
2014-04-22 18:22:21 INFO  AbstractValidatingSessionManager:265 - Validating all active sessions...
2014-04-22 18:22:21 INFO  AbstractValidatingSessionManager:298 - Finished session validation.  No sessions were stopped.
2014-04-22 19:22:21 INFO  AbstractValidatingSessionManager:265 - Validating all active sessions...
2014-04-22 19:22:21 INFO  AbstractValidatingSessionManager:298 - Finished session validation.  No sessions were stopped.
2014-04-22 20:22:21 INFO  AbstractValidatingSessionManager:265 - Validating all active sessions...
2014-04-22 20:22:21 INFO  AbstractValidatingSessionManager:298 - Finished session validation.  No sessions were stopped.
2014-04-22 21:22:21 INFO  AbstractValidatingSessionManager:265 - Validating all active sessions...
2014-04-22 21:22:21 INFO  AbstractValidatingSessionManager:298 - Finished session validation.  No sessions were stopped.
2014-04-22 22:22:21 INFO  AbstractValidatingSessionManager:265 - Validating all active sessions...
2014-04-22 22:22:21 INFO  AbstractValidatingSessionManager:298 - Finished session validation.  No sessions were stopped.
feasirouteall [[0, 113, 2, 65, 209, 257, 24, 35, 54, 146, 179, 198, 168, 289], [0, 44, 119, 48, 263, 86, 72, 188, 192, 121, 230, 14, 216, 265, 59, 142, 158, 43, 187, 51, 203, 127, 286, 34, 106, 195, 271, 178, 250, 289], [0, 68, 212, 74, 103, 8, 41, 185, 218, 247, 152, 112, 140, 256, 115, 284, 27, 75, 171, 85, 219, 259, 123, 267, 229, 289], [0, 28, 172, 67, 17, 100, 211, 57, 62, 206, 244, 161, 201, 22, 93, 124, 76, 166, 133, 50, 237, 268, 220, 194, 277, 289], [0, 5, 71, 15, 215, 149, 42, 159, 143, 287, 122, 266, 186, 58, 118, 114, 202, 262, 258, 104, 248, 289], [0, 18, 52, 162, 108, 45, 6, 189, 196, 252, 102, 246, 81, 150, 90, 55, 225, 199, 141, 9, 97, 234, 26, 241, 39, 285, 11, 153, 155, 183, 170, 289], [0, 83, 78, 40, 96, 227, 101, 245, 184, 222, 89, 240, 79, 70, 92, 233, 53, 223, 236, 214, 132, 80, 197, 91, 139, 77, 276, 224, 283, 235, 221, 289], [0, 21, 33, 116, 60, 49, 204, 165, 144, 288, 177, 260, 4, 193, 56, 10, 61, 148, 200, 20, 205, 19, 154, 164, 1, 163, 145, 289], [0, 64, 208, 63, 134, 207, 130, 278, 30, 47, 88, 174, 274, 191, 232, 46, 37, 128, 98, 73, 181, 125, 190, 272, 217, 242, 269, 289], [0, 95, 82, 239, 226, 94, 7, 238, 16, 107, 151, 160, 251, 69, 131, 213, 110, 275, 136, 254, 280, 289], [0, 23, 126, 270, 12, 167, 87, 137, 281, 156, 111, 231, 3, 255, 120, 25, 147, 169, 264, 289], [0, 36, 13, 109, 157, 32, 31, 117, 180, 176, 253, 105, 261, 175, 138, 29, 249, 173, 38, 282, 135, 66, 279, 84, 182, 228, 129, 210, 99, 273, 243, 289], [0, 289]]
feasibenefit 838.8597170084446
lastindex 13778 19001
time	14986
newbenfit 1536.523273951392
2014-04-22 23:22:22 INFO  AbstractValidatingSessionManager:265 - Validating all active sessions...
2014-04-22 23:22:22 INFO  AbstractValidatingSessionManager:298 - Finished session validation.  No sessions were stopped.
2014-04-24 03:16:47 WARN  DiskStorePathManager:162 - diskStorePath 'C:\Users\MSTOBBE\AppData\Local\Temp\2' is already used by an existing CacheManager either in the same VM or in a different process.
The diskStore path for this CacheManager will be set to C:\Users\MSTOBBE\AppData\Local\Temp\2\ehcache_auto_created3799338188102139809diskstore.
To avoid this warning consider using the CacheManager factory methods to create a singleton CacheManager or specifying a separate ehcache configuration (ehcache.xml) for each CacheManager instance.
2014-04-24 03:16:48 INFO  DataDomainProvider:253 - setting DataNode 'datanode' as default, used by all unlinked DataMaps
2014-04-24 03:16:49 INFO  EhCacheManager:159 - Cache with name 'nl.tue.opac.concoord.NoPasswordRealm.authorizationCache' does not yet exist.  Creating now.
2014-04-24 03:16:49 INFO  EhCacheManager:166 - Added EhCache named [nl.tue.opac.concoord.NoPasswordRealm.authorizationCache]
2014-04-24 03:16:49 INFO  AbstractValidatingSessionManager:224 - Enabling session validation scheduler...
cnt x[3] 0.7
newbenfit 1976.2302378058882
2014-04-24 03:16:52 INFO  UpdateChecker:80 - This is the latest GA release.
2014-04-24 04:16:50 INFO  AbstractValidatingSessionManager:265 - Validating all active sessions...
2014-04-24 04:16:50 INFO  AbstractValidatingSessionManager:298 - Finished session validation.  [1] sessions were stopped.
feasirouteall [[0, 44, 48, 67, 100, 211, 188, 134, 244, 192, 121, 278, 143, 42, 287, 122, 265, 266, 186, 120, 264, 289], [0, 130, 81, 225, 29, 113, 274, 173, 79, 92, 257, 24, 66, 223, 133, 236, 210, 277, 168, 289], [0, 95, 82, 239, 226, 94, 7, 9, 151, 238, 26, 39, 11, 153, 155, 183, 170, 289], [0, 18, 162, 45, 21, 33, 189, 96, 165, 144, 288, 177, 240, 89, 4, 233, 56, 61, 148, 38, 200, 20, 205, 182, 132, 164, 128, 80, 99, 243, 276, 224, 272, 289], [0, 8, 103, 105, 249, 40, 101, 247, 184, 152, 245, 3, 25, 69, 131, 213, 147, 169, 110, 275, 136, 104, 248, 254, 280, 289], [0, 5, 71, 17, 86, 215, 149, 230, 30, 6, 161, 150, 90, 234, 174, 2, 65, 209, 146, 50, 73, 118, 77, 194, 262, 217, 221, 289], [0, 36, 13, 109, 157, 32, 31, 180, 253, 176, 23, 57, 55, 175, 167, 201, 22, 199, 141, 93, 124, 76, 166, 237, 268, 285, 220, 289], [0, 60, 72, 117, 204, 15, 261, 216, 14, 159, 59, 142, 43, 158, 70, 187, 203, 127, 286, 34, 271, 214, 106, 46, 178, 250, 190, 289], [0, 64, 208, 52, 196, 108, 102, 246, 47, 12, 252, 88, 138, 107, 232, 191, 135, 156, 282, 53, 251, 279, 19, 84, 228, 98, 163, 197, 91, 139, 125, 242, 235, 283, 269, 289], [0, 28, 172, 41, 119, 263, 185, 112, 140, 256, 115, 284, 54, 75, 198, 219, 123, 259, 267, 289], [0, 83, 126, 62, 227, 206, 63, 207, 16, 270, 87, 137, 160, 281, 111, 255, 231, 27, 35, 179, 58, 114, 202, 171, 85, 258, 229, 289], [0, 68, 212, 116, 78, 74, 218, 49, 260, 222, 193, 10, 51, 97, 241, 37, 154, 1, 129, 195, 273, 181, 145, 289], [0, 289]]
feasibenefit 842.6609080921877
lastindex 16345 17001
time	6559
newbenfit 1612.3470660160147
2014-04-24 05:16:50 INFO  AbstractValidatingSessionManager:265 - Validating all active sessions...
2014-04-24 05:16:50 INFO  AbstractValidatingSessionManager:298 - Finished session validation.  No sessions were stopped.
2014-04-24 06:16:51 INFO  AbstractValidatingSessionManager:265 - Validating all active sessions...
2014-04-24 06:16:51 INFO  AbstractValidatingSessionManager:298 - Finished session validation.  No sessions were stopped.
feasirouteall [[0, 95, 82, 239, 226, 94, 7, 151, 238, 97, 26, 46, 241, 128, 98, 73, 170, 118, 125, 190, 272, 217, 242, 262, 269, 289], [0, 18, 36, 162, 21, 33, 74, 180, 165, 144, 288, 177, 218, 112, 90, 256, 142, 59, 286, 137, 234, 203, 53, 120, 281, 264, 99, 197, 243, 289], [0, 64, 208, 63, 134, 207, 30, 278, 14, 29, 174, 135, 173, 158, 70, 43, 187, 127, 279, 84, 132, 214, 271, 80, 91, 139, 228, 276, 224, 283, 235, 289], [0, 5, 71, 86, 215, 149, 230, 121, 143, 42, 287, 122, 87, 265, 186, 231, 3, 266, 25, 131, 69, 213, 147, 169, 110, 275, 104, 248, 254, 289], [0, 60, 119, 48, 263, 15, 204, 57, 126, 192, 55, 270, 159, 201, 22, 199, 37, 166, 129, 273, 181, 289], [0, 28, 172, 41, 185, 81, 102, 246, 225, 9, 141, 93, 124, 76, 220, 285, 153, 268, 237, 289], [0, 52, 108, 45, 6, 189, 196, 252, 150, 130, 113, 274, 61, 56, 257, 10, 51, 38, 200, 205, 34, 182, 154, 195, 106, 178, 250, 289], [0, 83, 100, 17, 227, 23, 62, 206, 244, 161, 47, 12, 167, 138, 2, 65, 191, 209, 156, 111, 282, 58, 146, 255, 115, 27, 75, 202, 171, 85, 259, 123, 219, 267, 229, 289], [0, 289], [0, 109, 67, 44, 253, 188, 211, 96, 40, 101, 184, 89, 240, 79, 92, 233, 245, 11, 39, 133, 236, 223, 50, 155, 183, 114, 277, 77, 194, 136, 258, 221, 280, 289], [0, 13, 157, 32, 31, 117, 176, 72, 105, 216, 261, 175, 88, 16, 249, 107, 232, 160, 140, 251, 284, 54, 35, 24, 179, 198, 168, 289], [0, 68, 212, 116, 78, 103, 8, 247, 49, 260, 4, 222, 193, 152, 148, 66, 20, 19, 164, 1, 163, 210, 145, 289], [0, 289]]
feasibenefit 866.3928787335594
lastindex 13378 19101
time	7159
newbenfit 1556.201217012067
2014-04-24 07:16:51 INFO  AbstractValidatingSessionManager:265 - Validating all active sessions...
2014-04-24 07:16:51 INFO  AbstractValidatingSessionManager:298 - Finished session validation.  No sessions were stopped.
2014-04-24 08:16:51 INFO  AbstractValidatingSessionManager:265 - Validating all active sessions...
2014-04-24 08:16:51 INFO  AbstractValidatingSessionManager:298 - Finished session validation.  No sessions were stopped.
feasirouteall [[0, 130, 113, 2, 65, 274, 209, 257, 24, 35, 54, 146, 179, 198, 168, 289], [0, 289], [0, 5, 71, 109, 253, 86, 215, 230, 149, 42, 59, 186, 135, 51, 10, 203, 133, 279, 154, 128, 98, 195, 277, 114, 272, 242, 258, 104, 248, 289], [0, 74, 103, 8, 218, 40, 101, 245, 247, 184, 152, 115, 75, 27, 171, 85, 219, 123, 259, 267, 229, 289], [0, 23, 57, 126, 270, 55, 102, 246, 167, 201, 22, 93, 199, 37, 166, 237, 50, 73, 181, 118, 125, 77, 194, 269, 262, 217, 221, 289], [0, 52, 45, 108, 252, 196, 189, 6, 121, 30, 81, 150, 90, 265, 174, 9, 141, 225, 26, 234, 39, 285, 11, 153, 155, 170, 183, 289], [0, 64, 63, 208, 207, 29, 16, 88, 138, 107, 232, 282, 173, 160, 251, 69, 131, 213, 110, 275, 136, 254, 280, 289], [0, 28, 60, 172, 41, 119, 263, 15, 204, 185, 72, 216, 14, 159, 112, 256, 142, 43, 158, 70, 187, 127, 20, 286, 164, 214, 132, 271, 80, 276, 224, 289], [0, 67, 44, 48, 100, 17, 211, 188, 134, 244, 192, 161, 278, 143, 122, 137, 287, 124, 76, 140, 266, 220, 281, 268, 58, 202, 284, 289], [0, 18, 21, 162, 36, 82, 180, 49, 165, 144, 226, 56, 193, 61, 288, 38, 200, 205, 34, 182, 84, 228, 19, 106, 163, 1, 178, 250, 145, 289], [0, 13, 157, 31, 32, 117, 176, 105, 261, 175, 47, 12, 87, 249, 191, 156, 111, 231, 53, 3, 255, 120, 25, 147, 169, 91, 197, 139, 264, 283, 235, 289], [0, 95, 83, 62, 227, 239, 206, 94, 7, 151, 238, 97, 46, 241, 129, 99, 273, 243, 190, 289], [0, 68, 212, 33, 116, 78, 96, 177, 260, 4, 222, 89, 240, 79, 92, 233, 148, 66, 223, 236, 210, 289]]
feasibenefit 826.7364697637246
lastindex 16971 18001
time	7813
newbenfit 1573.3633413682585
2014-04-24 09:16:51 INFO  AbstractValidatingSessionManager:265 - Validating all active sessions...
2014-04-24 09:16:51 INFO  AbstractValidatingSessionManager:298 - Finished session validation.  No sessions were stopped.
2014-04-24 10:16:52 INFO  AbstractValidatingSessionManager:265 - Validating all active sessions...
2014-04-24 10:16:52 INFO  AbstractValidatingSessionManager:298 - Finished session validation.  No sessions were stopped.
2014-04-24 11:16:52 INFO  AbstractValidatingSessionManager:265 - Validating all active sessions...
2014-04-24 11:16:52 INFO  AbstractValidatingSessionManager:298 - Finished session validation.  No sessions were stopped.
2014-04-24 12:16:52 INFO  AbstractValidatingSessionManager:265 - Validating all active sessions...
2014-04-24 12:16:52 INFO  AbstractValidatingSessionManager:298 - Finished session validation.  No sessions were stopped.
feasirouteall [[0, 119, 48, 263, 44, 83, 188, 192, 29, 113, 227, 61, 10, 257, 173, 70, 20, 205, 154, 164, 214, 132, 73, 50, 114, 194, 276, 258, 217, 289], [0, 64, 62, 63, 208, 207, 206, 94, 7, 151, 238, 97, 241, 76, 128, 98, 118, 220, 77, 125, 272, 221, 242, 262, 269, 289], [0, 68, 212, 6, 45, 108, 189, 52, 196, 252, 150, 130, 88, 16, 274, 107, 232, 160, 140, 251, 11, 284, 54, 24, 155, 198, 168, 289], [0, 74, 103, 8, 41, 185, 218, 247, 152, 120, 264, 289], [0, 5, 71, 17, 215, 149, 121, 161, 143, 287, 14, 122, 265, 266, 43, 158, 92, 35, 187, 53, 179, 236, 99, 80, 91, 139, 197, 243, 224, 283, 235, 289], [0, 82, 100, 49, 67, 211, 40, 244, 226, 56, 193, 184, 142, 200, 286, 34, 84, 228, 19, 106, 163, 1, 178, 250, 145, 289], [0, 95, 116, 78, 96, 239, 144, 288, 260, 4, 222, 89, 240, 79, 233, 38, 135, 148, 51, 223, 133, 127, 279, 182, 271, 195, 129, 273, 277, 289], [0, 13, 109, 157, 32, 31, 176, 253, 138, 175, 87, 137, 281, 111, 282, 255, 231, 115, 75, 27, 171, 85, 219, 123, 259, 267, 229, 289], [0, 134, 126, 57, 23, 270, 102, 246, 81, 278, 167, 201, 93, 141, 225, 9, 2, 237, 58, 285, 153, 146, 202, 289], [0, 28, 172, 86, 72, 105, 216, 230, 30, 12, 47, 174, 65, 249, 191, 209, 156, 3, 25, 69, 131, 213, 147, 169, 110, 275, 136, 104, 248, 254, 280, 289], [0, 18, 36, 162, 21, 33, 60, 180, 117, 204, 165, 15, 177, 101, 261, 159, 42, 59, 186, 245, 66, 203, 210, 289], [0, 90, 112, 256, 55, 234, 199, 124, 22, 37, 26, 46, 166, 39, 268, 181, 170, 183, 190, 289], [0, 289]]
feasibenefit 857.2529461422029
lastindex 19044 21901
time	11119
newbenfit 1631.765001862416
2014-04-24 13:16:52 INFO  AbstractValidatingSessionManager:265 - Validating all active sessions...
2014-04-24 13:16:52 INFO  AbstractValidatingSessionManager:298 - Finished session validation.  No sessions were stopped.
feasirouteall [[0, 100, 82, 45, 189, 244, 226, 94, 7, 113, 238, 2, 65, 151, 209, 257, 24, 35, 54, 146, 179, 198, 168, 289], [0, 289], [0, 18, 52, 162, 196, 108, 30, 12, 252, 138, 29, 174, 282, 173, 156, 111, 3, 255, 127, 46, 132, 271, 80, 147, 276, 224, 190, 289], [0, 68, 212, 143, 14, 287, 122, 142, 158, 70, 266, 131, 286, 128, 214, 275, 110, 136, 254, 272, 280, 289], [0, 95, 83, 96, 62, 206, 239, 227, 101, 245, 89, 240, 79, 92, 233, 53, 66, 223, 236, 210, 99, 98, 197, 91, 139, 243, 283, 235, 242, 289], [0, 28, 172, 60, 109, 15, 204, 117, 253, 72, 105, 42, 159, 216, 261, 87, 249, 231, 186, 115, 58, 75, 202, 85, 219, 123, 259, 267, 229, 289], [0, 5, 71, 17, 86, 215, 149, 230, 121, 6, 161, 150, 112, 90, 256, 265, 137, 234, 97, 26, 241, 133, 277, 39, 281, 11, 155, 170, 183, 289], [0, 64, 208, 63, 134, 207, 102, 278, 246, 9, 141, 93, 124, 76, 220, 285, 153, 268, 237, 50, 73, 118, 125, 77, 194, 269, 262, 217, 221, 289], [0, 44, 67, 40, 211, 188, 74, 78, 218, 49, 184, 222, 193, 56, 10, 61, 38, 200, 20, 205, 182, 154, 164, 1, 37, 181, 145, 289], [0, 8, 41, 185, 152, 120, 27, 171, 114, 258, 104, 248, 264, 289], [0, 126, 57, 23, 55, 270, 81, 167, 201, 22, 199, 225, 166, 19, 34, 84, 228, 106, 163, 178, 250, 289], [0, 13, 119, 48, 157, 31, 32, 263, 176, 192, 47, 130, 175, 88, 16, 274, 107, 191, 232, 160, 251, 25, 69, 140, 213, 169, 284, 289], [0, 36, 21, 33, 116, 103, 180, 247, 165, 144, 288, 177, 260, 4, 43, 59, 135, 148, 187, 51, 203, 279, 195, 129, 273, 289]]
feasibenefit 855.3861964593008
lastindex 18108 21001
time	6679
newbenfit 1527.9931262418584
2014-04-24 14:16:53 INFO  AbstractValidatingSessionManager:265 - Validating all active sessions...
2014-04-24 14:16:53 INFO  AbstractValidatingSessionManager:298 - Finished session validation.  No sessions were stopped.

