59	5	60	60
0	   4.8083	  21.3650	3	625	625
1	  10.0778	  21.1352	3	655	655
2	   2.7481	   1.8946	3	660	660
3	   4.5534	   5.7682	3	546	546
4	  29.8343	  23.9289	3	1078	1078
5	   4.0529	   4.5900	3	1041	1041
6	   0.9268	   8.5711	3	671	671
7	  18.7477	  10.4020	3	665	665
8	  12.5146	  28.7075	3	633	633
9	  25.0721	  25.3829	3	1030	1030
10	   9.8600	  27.2936	3	1153	1153
11	  10.6350	  10.4427	3	787	787
12	   5.3808	  15.4433	3	1097	1097
13	   1.8077	  15.4586	3	1435	1435
14	   6.5785	   4.5557	3	1098	1098
15	  17.3533	   7.7410	3	1158	1158
16	  16.6305	  21.9067	3	685	685
17	  24.3678	  13.3434	3	187	187
18	  23.0648	  28.4208	3	719	719
19	  17.9335	  15.7978	3	854	854
20	   1.7008	  18.8602	3	1317	1317
21	  24.3689	  20.4485	3	992	992
22	  12.4674	   4.9232	3	398	398
23	  15.8221	  29.8206	3	157	157
24	  21.7273	  26.1733	3	1396	1396
25	   9.5167	  24.6532	3	365	365
26	  14.5159	  27.4502	3	1059	1059
27	  10.4510	  16.2167	3	1235	1235
28	  16.3104	   4.8199	3	1021	1021
29	  11.7035	  25.8213	3	204	204
30	   9.9068	  13.9699	3	658	658
31	  24.8373	   1.5347	3	207	207
32	  26.8713	   4.2960	3	731	731
33	  28.5434	  25.2161	3	1318	1318
34	  15.5624	  11.0108	3	753	753
35	   0.1392	   1.3845	3	369	369
36	   3.8370	   2.5587	3	791	791
37	   8.9767	   5.4255	3	1424	1424
38	  18.6538	  18.4935	3	907	907
39	  15.9437	  10.5297	3	1424	1424
40	  19.3865	   2.2541	3	886	886
41	  15.3496	  26.0517	3	620	620
42	  17.8267	  27.0531	3	644	644
43	  11.0230	  16.7104	3	543	543
44	  29.2682	   7.8944	3	615	615
45	  21.0064	  27.8116	3	302	302
46	   3.1104	   6.5688	3	262	262
47	  22.2125	  25.0298	3	1301	1301
48	  17.2159	  10.8663	3	361	361
49	  13.5233	  17.2946	3	981	981
50	  27.8243	   3.4226	3	587	587
51	   1.7210	  13.1740	3	238	238
52	  29.4743	  19.5477	3	406	406
53	  10.2271	  21.3474	3	857	857
54	   8.0578	  16.5495	3	395	395
55	  29.1445	  29.0642	3	234	234
56	  14.3611	   2.2549	3	1222	1222
57	   5.6330	  23.1835	3	1327	1327
58	   5.5045	  13.5864	3	30	30
59	  16.5874	  12.5926	3	804	804
60	   2.2196	  20.1280	-3	625	625
61	   8.6514	  22.0491	-3	655	655
62	   2.5754	   1.5128	-3	660	660
63	   3.8162	   5.2411	-3	546	546
64	  28.9994	  22.0523	-3	1078	1078
65	   2.8233	   4.3267	-3	1041	1041
66	   3.3892	  10.2577	-3	671	671
67	  18.4284	  12.8728	-3	665	665
68	  12.5482	  26.7232	-3	633	633
69	  28.0150	  25.1264	-3	1030	1030
70	   9.4587	  27.0087	-3	1153	1153
71	  12.2235	   9.2161	-3	787	787
72	   6.4586	  15.8875	-3	1097	1097
73	   4.0398	  15.5623	-3	1435	1435
74	   6.1628	   3.7125	-3	1098	1098
75	  17.2581	   4.6867	-3	1158	1158
76	  18.5330	  21.5120	-3	685	685
77	  23.8485	  14.7124	-3	187	187
78	  21.0667	  26.5408	-3	719	719
79	  17.1550	  14.2427	-3	854	854
80	   0.2051	  19.6250	-3	1317	1317
81	  26.4769	  21.5034	-3	992	992
82	  12.9865	   3.6926	-3	398	398
83	  14.0361	  29.4669	-3	157	157
84	  20.5062	  25.3298	-3	1396	1396
85	   9.4560	  26.8430	-3	365	365
86	  12.8728	  26.0537	-3	1059	1059
87	  10.8240	  15.9145	-3	1235	1235
88	  15.9390	   3.8344	-3	1021	1021
89	   9.8851	  24.5745	-3	204	204
90	  10.8314	  12.8034	-3	658	658
91	  26.0274	   2.6397	-3	207	207
92	  25.3767	   5.0498	-3	731	731
93	  26.2424	  23.0730	-3	1318	1318
94	  16.0530	  11.7904	-3	753	753
95	   0.0787	   3.1698	-3	369	369
96	   4.1583	   2.0394	-3	791	791
97	   7.1476	   5.4307	-3	1424	1424
98	  17.0112	  17.5147	-3	907	907
99	  14.5214	   9.1442	-3	1424	1424
100	  17.5418	   3.4746	-3	886	886
101	  14.5247	  24.5766	-3	620	620
102	  18.4261	  28.8035	-3	644	644
103	  12.8534	  16.2592	-3	543	543
104	  28.1035	   6.3972	-3	615	615
105	  19.2147	  29.3053	-3	302	302
106	   4.1701	   5.7059	-3	262	262
107	  20.1088	  27.4114	-3	1301	1301
108	  16.4192	   9.2188	-3	361	361
109	  11.6053	  18.7569	-3	981	981
110	  28.3440	   4.8975	-3	587	587
111	   5.2174	  11.9997	-3	238	238
112	  27.1583	  21.4175	-3	406	406
113	  12.8373	  21.5576	-3	857	857
114	   9.2387	  14.4670	-3	395	395
115	  29.8304	  26.2563	-3	234	234
116	  15.4319	   1.7817	-3	1222	1222
117	   3.2367	  21.8805	-3	1327	1327
118	   3.8999	  11.8179	-3	30	30
119	  17.0504	  15.9375	-3	804	804
120	  15.9161	   0.1106	1	0	1440
121	  29.8871	  29.9522	1	0	1440
122	  29.5775	  27.7114	1	0	1440
123	  10.8854	   2.8490	1	0	1440
124	  20.8463	  21.1125	1	0	1440
125	  24.1964	   8.1276	1	0	1440
126	  12.3626	   2.2542	1	0	1440
127	  24.6771	  11.5070	1	0	1440
128	   1.3184	   9.0382	1	0	1440
129	  20.5378	  15.0590	1	0	1440
130	  28.5070	   6.0249	1	0	1440
131	   5.9770	  27.0995	1	0	1440
132	  26.1056	   9.3517	1	0	1440
133	  28.3981	   6.9910	1	0	1440
134	  12.2008	  19.2444	1	0	1440
135	  27.3720	  10.4661	1	0	1440
136	  21.9731	   9.9697	1	0	1440
137	  16.9212	   3.3090	1	0	1440
138	  25.0014	   7.4590	1	0	1440
139	  18.3680	   5.8254	1	0	1440
140	  14.5016	   0.7587	1	0	1440
141	  20.2747	  20.4787	1	0	1440
142	  27.8582	  16.3803	1	0	1440
143	  23.3714	  12.0312	1	0	1440
144	  15.5007	  21.4749	1	0	1440
145	   1.9409	  27.0797	1	0	1440
146	   7.0495	   6.0091	1	0	1440
147	   9.3181	  24.6504	1	0	1440
148	  23.0047	  14.0865	1	0	1440
149	   8.1848	  11.4331	1	0	1440
150	   8.5128	   1.8811	1	0	1440
151	   9.5329	  17.2082	1	0	1440
152	  28.3392	  10.9626	1	0	1440
153	  14.8943	  28.8149	1	0	1440
154	   5.7656	  21.0572	1	0	1440
155	   2.5274	  22.4492	1	0	1440
156	  11.7216	   6.9986	1	0	1440
157	   9.3281	  22.7461	1	0	1440
158	   3.8383	   7.9138	1	0	1440
159	  22.0003	  17.6409	1	0	1440
160	  27.7666	  16.7889	1	0	1440
161	  20.8406	   1.8064	1	0	1440
162	   2.3512	  28.7308	1	0	1440
163	   5.4952	  11.8841	1	0	1440
164	  22.8467	   0.8334	1	0	1440
165	   2.6493	  28.6123	1	0	1440
166	  21.8905	   5.1767	1	0	1440
167	  21.0615	   3.6122	1	0	1440
168	  12.1754	  20.4690	1	0	1440
169	  13.2151	   0.3153	1	0	1440
170	  29.4172	  22.6711	1	0	1440
171	  10.3120	   5.4344	1	0	1440
172	  22.2233	   1.2177	1	0	1440
173	  29.9485	  15.3803	1	0	1440
174	  27.0407	  18.9791	1	0	1440
175	   9.0157	   0.1368	1	0	1440
176	  21.5543	  25.6462	1	0	1440
177	  11.6084	   1.9314	1	0	1440
178	  28.4062	   3.0975	1	0	1440
179	  14.3173	   7.1096	1	0	1440
180	  16.3256	   0.5147	-1	0	1440
181	  29.0758	  26.2584	-1	0	1440
182	  26.2795	  27.8359	-1	0	1440
183	  11.1431	   2.3294	-1	0	1440
184	  18.9851	  18.2049	-1	0	1440
185	  25.4228	   8.5039	-1	0	1440
186	  11.0066	   1.0355	-1	0	1440
187	  26.9592	  10.1258	-1	0	1440
188	   4.4320	   5.8231	-1	0	1440
189	  19.6399	  12.2054	-1	0	1440
190	  25.8664	   6.4665	-1	0	1440
191	   8.0381	  26.9224	-1	0	1440
192	  27.9175	   8.6114	-1	0	1440
193	  27.5358	   8.2653	-1	0	1440
194	   9.5031	  17.8979	-1	0	1440
195	  28.7167	   9.4473	-1	0	1440
196	  23.3386	  10.9735	-1	0	1440
197	  19.1205	   4.5649	-1	0	1440
198	  23.4936	   4.5484	-1	0	1440
199	  15.2082	   5.4696	-1	0	1440
200	  14.1839	   0.6609	-1	0	1440
201	  16.6836	  20.6645	-1	0	1440
202	  28.5857	  16.7100	-1	0	1440
203	  22.4634	  12.1921	-1	0	1440
204	  16.7209	  21.8640	-1	0	1440
205	   1.4296	  27.6861	-1	0	1440
206	   5.7687	   5.7275	-1	0	1440
207	   7.0348	  24.0588	-1	0	1440
208	  25.1256	  16.5073	-1	0	1440
209	  10.9298	  11.8274	-1	0	1440
210	   8.6711	   2.3926	-1	0	1440
211	  10.6582	  15.9123	-1	0	1440
212	  28.0741	   6.2811	-1	0	1440
213	  18.6386	  27.7925	-1	0	1440
214	   8.2761	  18.9595	-1	0	1440
215	   0.7195	  22.6631	-1	0	1440
216	  10.1493	   7.4293	-1	0	1440
217	   7.5153	  22.3589	-1	0	1440
218	   5.3280	   5.8603	-1	0	1440
219	  21.3923	  12.7372	-1	0	1440
220	  27.5334	  14.6582	-1	0	1440
221	  21.0212	   3.1481	-1	0	1440
222	   6.8321	  29.1143	-1	0	1440
223	   3.1491	  13.6099	-1	0	1440
224	  21.4930	   4.2773	-1	0	1440
225	   2.6886	  23.7226	-1	0	1440
226	  23.4083	   7.8461	-1	0	1440
227	  23.1749	   6.2540	-1	0	1440
228	  11.9616	  16.4192	-1	0	1440
229	  14.2999	   5.3403	-1	0	1440
230	  29.9594	  18.8502	-1	0	1440
231	   9.1421	   5.8993	-1	0	1440
232	  21.5509	   0.9236	-1	0	1440
233	  27.0366	  13.7641	-1	0	1440
234	  23.5150	  18.0773	-1	0	1440
235	   5.3476	   0.8224	-1	0	1440
236	  19.7419	  22.8495	-1	0	1440
237	  10.0688	   2.0876	-1	0	1440
238	  29.2373	   0.1590	-1	0	1440
239	  14.6138	  11.3331	-1	0	1440
240	   4.7396	  21.4745	0	0	1440
241	   2.2217	  19.2664	0	0	1440
242	   1.5885	  16.0951	0	0	1440
243	  13.7587	  27.9294	0	0	1440
244	  10.6677	   7.8831	0	0	1440
245	  24.8596	  24.3815	0	0	1440
246	  28.3447	  11.2664	0	0	1440
247	  16.9143	  20.4832	0	0	1440
248	  12.6642	   2.4526	0	0	1440
249	  26.3654	  24.6706	0	0	1440
250	   7.9533	  19.6538	0	0	1440
251	  27.5220	  28.3942	0	0	1440
252	  21.8731	  27.7335	0	0	1440
253	  10.3771	   8.0786	0	0	1440
254	  25.1555	  12.8293	0	0	1440
255	  22.0952	  23.8954	0	0	1440
256	  20.2650	  23.7355	0	0	1440
257	  15.3342	   6.1740	0	0	1440
258	   8.8224	   3.2496	0	0	1440
259	   9.1320	  10.0899	0	0	1440
260	  13.7619	   6.9514	0	0	1440
261	  19.0114	  14.2963	0	0	1440
262	  13.7005	  22.3724	0	0	1440
263	  21.3942	   9.6063	0	0	1440
264	  22.7330	   3.2800	0	0	1440
265	  24.5036	  19.0040	0	0	1440
266	  20.7124	  10.3031	0	0	1440
267	  13.5092	  29.1359	0	0	1440
268	   4.6812	  15.6369	0	0	1440
269	   7.8902	   3.6888	0	0	1440
270	  17.2813	  21.2501	0	0	1440
271	  28.9902	   4.8648	0	0	1440
272	   6.0413	  22.1109	0	0	1440
273	   9.4480	   8.7005	0	0	1440
274	  23.1778	  14.2570	0	0	1440
275	   1.1625	  12.0748	0	0	1440
276	   2.2664	  29.0160	0	0	1440
277	  29.2622	   6.8836	0	0	1440
278	   4.9218	  23.9140	0	0	1440
279	  21.6279	  12.9014	0	0	1440
280	  12.5054	   2.4611	0	0	1440
281	   1.0873	   5.7350	0	0	1440
282	   3.3747	   1.2986	0	0	1440
283	  23.3735	   8.4768	0	0	1440
284	   4.4712	   6.9583	0	0	1440
285	  22.5125	  10.9369	0	0	1440
286	  19.1561	  24.3342	0	0	1440
287	  13.6837	  14.9065	0	0	1440
288	  22.4751	   8.6511	0	0	1440
289	  28.9011	  12.4447	0	0	1440
290	  20.4310	   8.7363	0	0	1440
291	  11.6027	   3.3477	0	0	1440
292	   9.3724	  17.8584	0	0	1440
293	  29.4075	  22.8648	0	0	1440
294	   3.7248	   3.8317	0	0	1440
295	   0.4758	  24.8031	0	0	1440
296	  29.6490	  23.9707	0	0	1440
297	   7.1458	   9.9218	0	0	1440
298	   6.6653	  15.5726	0	0	1440
