49	5	50	40
0	  24.3411	   8.8799	3	182	182
1	  23.4198	  18.3105	3	1385	1385
2	   4.3068	  16.4233	3	904	904
3	  16.9751	   7.2308	3	736	736
4	   4.1756	   9.5113	3	32	32
5	  14.7901	   4.5250	3	1223	1223
6	   8.8454	  25.1577	3	1287	1287
7	   1.5949	   5.7956	3	1046	1046
8	   3.9772	   4.9284	3	1317	1317
9	  25.4844	  19.9915	3	847	847
10	  18.6583	  23.3135	3	470	470
11	   6.4861	  11.5225	3	585	585
12	  19.5952	  18.4498	3	56	56
13	   9.0490	  25.0947	3	1070	1070
14	  23.7709	   3.3901	3	137	137
15	  28.3426	  26.0074	3	1113	1113
16	  11.7335	  15.3178	3	809	809
17	   3.2382	  15.9091	3	173	173
18	  24.8290	  18.0283	3	926	926
19	  20.4341	   3.6744	3	1331	1331
20	  13.1859	  22.0290	3	1420	1420
21	   9.4700	  17.1631	3	622	622
22	   7.1546	  15.6158	3	433	433
23	  27.1382	  17.8631	3	1265	1265
24	   2.0906	   6.1872	3	30	30
25	  12.9578	  25.8615	3	926	926
26	   9.5773	  16.9324	3	465	465
27	  13.0521	   1.2779	3	414	414
28	  12.2425	  11.3947	3	130	130
29	  18.5517	   0.3191	3	1232	1232
30	  25.2159	   1.7376	3	1039	1039
31	  22.3481	   4.6859	3	313	313
32	  18.9007	  19.3055	3	1178	1178
33	   9.6403	  26.0554	3	504	504
34	   4.9213	   7.9082	3	921	921
35	  25.7713	  11.7867	3	1210	1210
36	   8.2468	   8.7290	3	159	159
37	  25.6614	  20.7004	3	768	768
38	  19.1019	   7.9040	3	816	816
39	   2.0951	  16.3872	3	37	37
40	  16.9106	  11.7650	3	47	47
41	  12.0841	  15.5651	3	1287	1287
42	   7.1998	   4.4323	3	622	622
43	  20.2510	  26.1005	3	103	103
44	  23.7378	  29.8913	3	789	789
45	   0.7186	   3.5707	3	631	631
46	  13.6387	   8.9654	3	1089	1089
47	  26.7894	   7.9611	3	30	30
48	  11.9873	  15.8913	3	677	677
49	   2.2785	  17.7450	3	447	447
50	  28.2679	  13.6408	-3	182	182
51	   5.4436	   4.7619	-3	1385	1385
52	  10.1333	  29.7344	-3	904	904
53	  21.2835	   5.9530	-3	736	736
54	   1.3152	  10.6265	-3	32	32
55	  29.0438	   4.7003	-3	1223	1223
56	  29.4216	  14.5166	-3	1287	1287
57	   4.3747	  26.7552	-3	1046	1046
58	  17.8753	  23.5412	-3	1317	1317
59	   9.6961	   2.0595	-3	847	847
60	  12.2997	  21.2869	-3	470	470
61	   2.5532	  16.1878	-3	585	585
62	  21.9595	   9.1419	-3	56	56
63	  16.0845	  14.6799	-3	1070	1070
64	   0.4745	  18.0160	-3	137	137
65	   7.6482	  17.8241	-3	1113	1113
66	  25.3149	  21.7160	-3	809	809
67	  25.4074	   3.5162	-3	173	173
68	   2.6822	   9.0429	-3	926	926
69	   5.6236	  24.5743	-3	1331	1331
70	   6.8171	  29.5060	-3	1420	1420
71	  27.2852	  23.9760	-3	622	622
72	  22.8244	  22.9897	-3	433	433
73	   5.7303	   6.3214	-3	1265	1265
74	  18.6922	   6.2725	-3	30	30
75	  20.3953	  11.3539	-3	926	926
76	   6.0415	  21.4971	-3	465	465
77	  26.7125	   0.5234	-3	414	414
78	  15.7663	  14.3295	-3	130	130
79	  29.5008	  20.8826	-3	1232	1232
80	  20.3491	   5.4622	-3	1039	1039
81	  16.3622	   8.4492	-3	313	313
82	  29.1000	   9.8158	-3	1178	1178
83	  28.1579	   1.1674	-3	504	504
84	   0.2841	  28.6698	-3	921	921
85	  10.2694	  11.8841	-3	1210	1210
86	  14.1877	   5.8449	-3	159	159
87	  15.2755	   4.4474	-3	768	768
88	  13.7764	  14.7826	-3	816	816
89	   1.3439	  11.6276	-3	37	37
90	   2.1513	  13.4861	-3	47	47
91	  13.8008	   9.6829	-3	1287	1287
92	   9.0902	  26.1685	-3	622	622
93	  19.2628	   3.7709	-3	103	103
94	  29.4050	   5.1467	-3	789	789
95	   3.9290	   6.6366	-3	631	631
96	   9.8719	  12.4098	-3	1089	1089
97	   6.1752	   7.9955	-3	30	30
98	  12.4346	  21.0910	-3	677	677
99	  24.6164	   2.8237	-3	447	447
100	  12.8900	  19.1891	1	0	1440
101	  29.5101	   3.2391	1	0	1440
102	  24.6513	  11.5942	1	0	1440
103	  18.8042	   1.8511	1	0	1440
104	  16.0265	   9.0552	1	0	1440
105	  27.9516	   9.7643	1	0	1440
106	   8.9465	  20.1075	1	0	1440
107	  20.3167	   5.5982	1	0	1440
108	  18.1073	   2.6164	1	0	1440
109	  26.8851	  14.8967	1	0	1440
110	  10.5775	   8.8724	1	0	1440
111	  22.9548	   3.0665	1	0	1440
112	  22.2556	  13.6977	1	0	1440
113	   9.0840	  16.9069	1	0	1440
114	  25.2919	  27.8882	1	0	1440
115	  18.7580	  11.3184	1	0	1440
116	   6.9434	  16.7096	1	0	1440
117	  21.0827	  15.8900	1	0	1440
118	   2.6359	  28.7765	1	0	1440
119	   8.6479	  22.9526	1	0	1440
120	  25.5690	   1.2598	1	0	1440
121	  10.1323	  12.4400	1	0	1440
122	  15.9042	  13.4270	1	0	1440
123	   7.0849	  22.8477	1	0	1440
124	   8.7376	   6.9538	1	0	1440
125	  11.3648	  14.7285	1	0	1440
126	  27.1685	   8.6306	1	0	1440
127	  24.5842	  12.6750	1	0	1440
128	  21.5322	  15.1061	1	0	1440
129	  21.6484	   7.4364	1	0	1440
130	  26.9008	   9.0217	1	0	1440
131	  21.4589	   3.9723	1	0	1440
132	  24.3208	  15.8693	1	0	1440
133	   9.2885	  18.9051	1	0	1440
134	  28.5443	   4.6960	1	0	1440
135	  22.4213	  18.9814	1	0	1440
136	   4.0875	  22.2263	1	0	1440
137	  21.3899	   2.6207	1	0	1440
138	   1.2906	  17.8603	1	0	1440
139	  18.2680	  13.3303	1	0	1440
140	  12.7168	  14.1403	-1	0	1440
141	  18.3716	   7.5197	-1	0	1440
142	  23.5888	  14.6151	-1	0	1440
143	   8.4233	  16.7460	-1	0	1440
144	   2.5891	   3.0871	-1	0	1440
145	   0.1367	  28.1675	-1	0	1440
146	  21.8728	  20.3752	-1	0	1440
147	   0.7880	  26.4426	-1	0	1440
148	  24.6690	  25.7665	-1	0	1440
149	   8.9320	   7.7621	-1	0	1440
150	  11.7266	  10.0875	-1	0	1440
151	  19.9023	   0.8680	-1	0	1440
152	   0.8957	  24.7213	-1	0	1440
153	   1.8744	  19.6055	-1	0	1440
154	  25.7031	   7.4549	-1	0	1440
155	  17.7343	  21.6451	-1	0	1440
156	  20.7688	  18.8363	-1	0	1440
157	  27.9049	   5.6760	-1	0	1440
158	   3.0766	  29.8950	-1	0	1440
159	  29.1509	  10.0588	-1	0	1440
160	  18.2872	  12.2004	-1	0	1440
161	   8.5950	  29.1732	-1	0	1440
162	  13.2055	   2.0639	-1	0	1440
163	   5.2706	  22.6454	-1	0	1440
164	   7.9951	  26.4634	-1	0	1440
165	  11.2918	  20.0410	-1	0	1440
166	   0.6957	   6.9142	-1	0	1440
167	  15.5693	  29.8302	-1	0	1440
168	   4.0814	   1.8202	-1	0	1440
169	  23.0354	  11.1960	-1	0	1440
170	  20.6442	  29.1464	-1	0	1440
171	   5.1292	  13.6941	-1	0	1440
172	  27.0889	  15.2511	-1	0	1440
173	  21.3957	   7.0479	-1	0	1440
174	  23.8288	  28.1793	-1	0	1440
175	  29.9221	  18.0991	-1	0	1440
176	   3.3864	   8.7383	-1	0	1440
177	  10.2613	  26.2709	-1	0	1440
178	  12.1614	   0.8658	-1	0	1440
179	   9.9104	  10.2290	-1	0	1440
180	  14.8053	  29.0729	0	0	1440
181	   3.9746	  17.1906	0	0	1440
182	  22.4853	  11.6134	0	0	1440
183	  23.4628	  28.2348	0	0	1440
184	   0.5779	  13.9535	0	0	1440
185	  15.2152	  17.3974	0	0	1440
186	  15.8123	   9.7269	0	0	1440
187	  10.7875	  26.5176	0	0	1440
188	   7.7995	   1.8520	0	0	1440
189	   0.1833	  25.5809	0	0	1440
190	  18.7009	   0.6579	0	0	1440
191	  29.2584	   6.4823	0	0	1440
192	  27.9602	  29.5237	0	0	1440
193	   1.3365	  20.4204	0	0	1440
194	  25.7766	  20.4172	0	0	1440
195	  15.8651	  14.0824	0	0	1440
196	  15.1715	  22.9288	0	0	1440
197	  20.4371	  25.8819	0	0	1440
198	  20.9596	  21.6740	0	0	1440
199	  11.6350	  14.0964	0	0	1440
200	  14.5335	  27.4863	0	0	1440
201	  22.1559	  28.6591	0	0	1440
202	  12.9699	   1.1111	0	0	1440
203	   9.8851	  21.5415	0	0	1440
204	  11.6519	   6.1465	0	0	1440
205	  29.9786	  22.3537	0	0	1440
206	   1.5930	  20.4436	0	0	1440
207	   5.2953	  28.7823	0	0	1440
208	   4.3261	  10.1050	0	0	1440
209	  21.3356	  11.1520	0	0	1440
210	  26.9574	   4.9544	0	0	1440
211	  14.6128	  12.6470	0	0	1440
212	  22.4621	  23.6819	0	0	1440
213	  17.3026	  10.4287	0	0	1440
214	   5.3133	  18.8620	0	0	1440
215	  13.9999	   2.1838	0	0	1440
216	  23.7313	  16.5531	0	0	1440
217	  22.3066	   9.7628	0	0	1440
218	  27.6735	  11.3735	0	0	1440
219	  28.5332	  28.7333	0	0	1440
220	  21.7006	  25.3102	0	0	1440
221	  15.5065	  16.7768	0	0	1440
222	   2.4515	  29.0528	0	0	1440
223	  25.4248	  27.8544	0	0	1440
224	  20.1201	  20.6896	0	0	1440
225	  23.1160	   2.6875	0	0	1440
226	  11.0866	   6.8715	0	0	1440
227	   1.8800	  28.8076	0	0	1440
228	  13.7884	   1.7341	0	0	1440
