49	5	50	40
0	  28.2000	  28.3594	3	1003	1003
1	  27.3663	   8.0564	3	847	847
2	   7.5511	  27.9415	3	535	535
3	   1.7907	   8.0969	3	977	977
4	  11.7889	  19.1580	3	99	99
5	  16.0409	   6.1058	3	1162	1162
6	  15.6933	   9.7638	3	713	713
7	   6.1614	   1.3231	3	366	366
8	   6.1417	  18.2026	3	511	511
9	  12.1641	  25.5507	3	1210	1210
10	  10.8096	   8.3283	3	645	645
11	   6.6368	   9.0096	3	504	504
12	   6.6877	   4.0031	3	831	831
13	  17.0659	  14.2388	3	879	879
14	   1.9445	  18.8566	3	1401	1401
15	  22.3357	  13.7334	3	89	89
16	   8.0146	  17.6191	3	126	126
17	  21.6455	  26.1421	3	92	92
18	  19.9210	   7.6864	3	634	634
19	   2.2479	   5.6143	3	856	856
20	  17.4502	   8.4093	3	485	485
21	   4.3689	  13.0791	3	1139	1139
22	  22.6944	  16.5331	3	5	5
23	  24.8614	  15.2666	3	1403	1403
24	  12.5136	   1.5491	3	1385	1385
25	  15.7879	  21.2141	3	569	569
26	  18.4362	   8.1235	3	122	122
27	   4.9476	  26.4508	3	150	150
28	  25.7426	  22.2523	3	1073	1073
29	  15.6353	  17.3881	3	668	668
30	  18.3944	   5.5563	3	735	735
31	  25.0745	  20.6424	3	508	508
32	  11.1706	  12.5247	3	75	75
33	  29.0517	  18.1079	3	1270	1270
34	  17.0165	   3.4206	3	1357	1357
35	   1.1870	   9.7109	3	175	175
36	  13.2149	  14.8151	3	992	992
37	  25.0833	  25.7285	3	631	631
38	  16.3642	  14.3529	3	541	541
39	  10.2756	  10.5146	3	1375	1375
40	  10.1950	   6.0182	3	401	401
41	   2.7670	  25.8303	3	1059	1059
42	  23.4063	  21.1614	3	439	439
43	   1.3866	  18.4808	3	1105	1105
44	  11.8038	  12.5571	3	370	370
45	   1.0054	  10.8555	3	400	400
46	   0.6651	  18.0219	3	1194	1194
47	  14.2761	   1.8520	3	497	497
48	  27.7328	   4.2298	3	364	364
49	  11.6688	  10.9477	3	260	260
50	  26.0062	  20.2506	-3	1003	1003
51	  29.1284	  22.7866	-3	847	847
52	  23.5118	  19.8267	-3	535	535
53	  18.3440	   1.5656	-3	977	977
54	  17.5089	  11.7163	-3	99	99
55	  22.4039	  29.0082	-3	1162	1162
56	  20.7243	  17.8539	-3	713	713
57	  14.8484	  29.6279	-3	366	366
58	  26.0030	   8.2993	-3	511	511
59	  18.8135	  16.4579	-3	1210	1210
60	   5.5671	  13.7442	-3	645	645
61	   2.1321	  21.5991	-3	504	504
62	  20.2165	  10.6327	-3	831	831
63	  15.7284	  17.8367	-3	879	879
64	  25.3080	   2.1520	-3	1401	1401
65	  23.0207	   5.7691	-3	89	89
66	  12.1099	  14.2954	-3	126	126
67	  24.5917	   4.2708	-3	92	92
68	   8.6298	   3.5040	-3	634	634
69	  18.9168	   5.5673	-3	856	856
70	  27.4251	   7.4757	-3	485	485
71	  19.9537	   9.8167	-3	1139	1139
72	   0.4905	   6.4506	-3	5	5
73	  26.4608	   8.4242	-3	1403	1403
74	  23.7618	  25.9870	-3	1385	1385
75	   6.7343	  17.7404	-3	569	569
76	  19.4587	  22.6617	-3	122	122
77	   8.1138	  26.4897	-3	150	150
78	   0.9656	   4.5758	-3	1073	1073
79	   1.5528	  15.5155	-3	668	668
80	  29.4491	  15.2038	-3	735	735
81	  23.7743	   6.3625	-3	508	508
82	  24.6183	  10.3686	-3	75	75
83	   1.4521	  23.2980	-3	1270	1270
84	   6.5352	   4.1234	-3	1357	1357
85	  13.9518	   9.5874	-3	175	175
86	  26.7150	  28.8237	-3	992	992
87	  19.9202	  22.3076	-3	631	631
88	   5.6974	   6.7473	-3	541	541
89	   5.9514	  14.8658	-3	1375	1375
90	  13.0083	  29.6918	-3	401	401
91	  12.4330	  18.6434	-3	1059	1059
92	  22.0468	  17.6017	-3	439	439
93	  24.5222	   3.1311	-3	1105	1105
94	  12.7313	   4.1503	-3	370	370
95	   3.1893	   8.6936	-3	400	400
96	   9.2009	   0.2936	-3	1194	1194
97	  14.4124	  27.8383	-3	497	497
98	  26.3650	  28.0831	-3	364	364
99	   3.7736	  19.3979	-3	260	260
100	  19.0449	   6.7521	1	0	1440
101	  21.1050	   1.9842	1	0	1440
102	   7.5611	  26.6721	1	0	1440
103	  23.8549	   9.9537	1	0	1440
104	  21.7537	  17.2611	1	0	1440
105	   5.7419	  12.9189	1	0	1440
106	  24.7692	   8.0505	1	0	1440
107	   8.2145	  22.5019	1	0	1440
108	  12.2803	  19.8833	1	0	1440
109	   3.4496	   1.3252	1	0	1440
110	   8.6558	  18.9900	1	0	1440
111	  15.5867	  14.3532	1	0	1440
112	   1.0171	  15.4489	1	0	1440
113	  26.5836	   7.7514	1	0	1440
114	  13.4215	  24.4649	1	0	1440
115	   8.3692	  29.5337	1	0	1440
116	   8.6476	  25.7808	1	0	1440
117	  28.4639	  21.6559	1	0	1440
118	  25.4726	  17.2774	1	0	1440
119	  13.3910	  26.2879	1	0	1440
120	  23.5174	  19.9229	1	0	1440
121	  13.4719	   6.0256	1	0	1440
122	  14.0466	  26.8934	1	0	1440
123	  25.9016	   9.3085	1	0	1440
124	   0.0516	   7.3061	1	0	1440
125	  24.8952	  25.5242	1	0	1440
126	  24.5836	   3.0090	1	0	1440
127	  22.0138	  27.3099	1	0	1440
128	   7.7065	  26.2549	1	0	1440
129	   3.2255	  21.0975	1	0	1440
130	  11.0204	  13.0095	1	0	1440
131	  29.4611	   1.2369	1	0	1440
132	   7.2625	   7.6888	1	0	1440
133	  14.1394	   5.7279	1	0	1440
134	   9.9987	  25.9038	1	0	1440
135	  11.9704	  10.0503	1	0	1440
136	   5.5745	  27.7935	1	0	1440
137	  29.3954	  24.5328	1	0	1440
138	   0.7264	  17.2921	1	0	1440
139	  23.5969	   3.0187	1	0	1440
140	   6.5319	  24.1789	-1	0	1440
141	  20.4668	   2.7182	-1	0	1440
142	  25.0717	  19.6990	-1	0	1440
143	   6.8471	  18.2336	-1	0	1440
144	  19.6048	  24.8591	-1	0	1440
145	  17.4115	  28.9302	-1	0	1440
146	   4.7428	  11.4128	-1	0	1440
147	   0.6011	   5.5238	-1	0	1440
148	  26.6354	  10.1257	-1	0	1440
149	  26.0717	  25.6470	-1	0	1440
150	   4.2889	  13.0566	-1	0	1440
151	   8.4269	  27.2334	-1	0	1440
152	   5.9588	  11.4332	-1	0	1440
153	   4.1290	  15.1134	-1	0	1440
154	  23.0200	  23.0130	-1	0	1440
155	   8.6321	  29.8948	-1	0	1440
156	   1.2355	  15.7970	-1	0	1440
157	   4.2410	   5.9156	-1	0	1440
158	  12.4496	  23.7012	-1	0	1440
159	  24.9870	  11.0015	-1	0	1440
160	   9.8747	  27.5883	-1	0	1440
161	  27.4172	   6.6045	-1	0	1440
162	   2.6756	  21.3643	-1	0	1440
163	   2.9866	  24.9570	-1	0	1440
164	   9.8263	   7.7530	-1	0	1440
165	  24.4706	   5.6636	-1	0	1440
166	  22.4092	  15.1451	-1	0	1440
167	   9.3127	  24.7371	-1	0	1440
168	   7.4658	  28.1984	-1	0	1440
169	   9.8888	  10.0749	-1	0	1440
170	  13.0161	   3.7232	-1	0	1440
171	   3.6180	  13.4699	-1	0	1440
172	   8.2927	  16.6817	-1	0	1440
173	  12.3523	  18.2797	-1	0	1440
174	  27.7150	   3.3520	-1	0	1440
175	  26.9101	   9.3776	-1	0	1440
176	   5.1057	  21.8559	-1	0	1440
177	   5.3140	   6.2162	-1	0	1440
178	   3.3257	  23.0527	-1	0	1440
179	   1.9363	  24.0471	-1	0	1440
180	  17.0616	   8.7311	0	0	1440
181	  20.1659	  10.7536	0	0	1440
182	  21.2736	  26.7480	0	0	1440
183	   7.6650	  28.3622	0	0	1440
184	  25.2834	   3.5713	0	0	1440
185	  23.4570	  14.6384	0	0	1440
186	  13.3525	  18.5674	0	0	1440
187	   8.8423	   3.2393	0	0	1440
188	   6.6762	   5.4091	0	0	1440
189	   8.6786	  16.3859	0	0	1440
190	  23.6236	  11.6281	0	0	1440
191	   0.4737	  29.4158	0	0	1440
192	   8.8180	  18.1412	0	0	1440
193	   7.1867	  25.9234	0	0	1440
194	   3.2100	   6.8656	0	0	1440
195	  24.0974	   8.7343	0	0	1440
196	  11.5777	   5.4721	0	0	1440
197	  17.3048	  19.1845	0	0	1440
198	  20.9359	  23.0376	0	0	1440
199	  12.5005	  27.7285	0	0	1440
200	  11.1698	   4.0264	0	0	1440
201	  19.6266	  10.9174	0	0	1440
202	   8.8373	   0.7365	0	0	1440
203	  17.0416	  25.9596	0	0	1440
204	   9.5092	  18.4248	0	0	1440
205	  22.5427	  26.7429	0	0	1440
206	  26.5713	   8.4559	0	0	1440
207	  23.8432	  28.3289	0	0	1440
208	  25.1733	  29.7125	0	0	1440
209	  26.8364	  21.6758	0	0	1440
210	  29.6037	   4.2817	0	0	1440
211	  20.7157	  20.5064	0	0	1440
212	  23.6422	  12.9330	0	0	1440
213	  15.8091	   3.4140	0	0	1440
214	   6.9374	   4.4918	0	0	1440
215	  13.2481	   2.6678	0	0	1440
216	  25.7372	   9.3611	0	0	1440
217	  29.3984	  27.8019	0	0	1440
218	   1.1151	  23.1403	0	0	1440
219	   1.6048	  29.7851	0	0	1440
220	  17.8709	  28.6527	0	0	1440
221	   2.7263	   4.6974	0	0	1440
222	   4.2714	  23.6403	0	0	1440
223	  12.4695	   9.6013	0	0	1440
224	  25.1034	  17.5811	0	0	1440
225	  14.0899	   7.0861	0	0	1440
226	  19.2696	  29.5795	0	0	1440
227	   3.5382	   7.7956	0	0	1440
228	  18.5090	  16.2599	0	0	1440
