19	5	20	20
0	   6.0480	  14.0328	3	1114	1114
1	  29.2690	   9.3104	3	133	133
2	   4.1623	  10.6397	3	1286	1286
3	  10.9130	   7.7188	3	74	74
4	  27.4543	  22.7953	3	182	182
5	  22.3381	  28.3746	3	211	211
6	  11.5346	  28.2123	3	936	936
7	   9.3257	  21.4608	3	814	814
8	  10.7182	   3.2879	3	259	259
9	   5.5138	  15.9448	3	492	492
10	   3.7479	  13.9775	3	1326	1326
11	  11.5759	  23.7745	3	590	590
12	  26.9947	  19.2973	3	1387	1387
13	   7.0366	   3.0427	3	763	763
14	   3.3301	   6.3056	3	1410	1410
15	  16.9453	  23.2661	3	1423	1423
16	  15.2113	  14.3996	3	1097	1097
17	  16.0614	   7.5494	3	1255	1255
18	  12.7741	  25.1095	3	180	180
19	  19.4399	  24.3088	3	946	946
20	  20.2949	  13.9928	-3	1114	1114
21	   0.0957	  28.4819	-3	133	133
22	  20.2891	   0.5776	-3	1286	1286
23	   9.9223	  17.2010	-3	74	74
24	  25.9608	  27.3744	-3	182	182
25	   4.0991	  10.8111	-3	211	211
26	  16.5621	   1.7892	-3	936	936
27	  19.6322	  13.0562	-3	814	814
28	  26.4680	  16.6359	-3	259	259
29	  23.2051	  18.1485	-3	492	492
30	  13.2580	   6.3289	-3	1326	1326
31	  18.9864	  18.5444	-3	590	590
32	  27.6461	   8.3749	-3	1387	1387
33	  21.0808	  12.6697	-3	763	763
34	  29.7515	   6.2530	-3	1410	1410
35	  13.4646	  11.4401	-3	1423	1423
36	   7.0854	  15.1700	-3	1097	1097
37	  15.7476	  24.2233	-3	1255	1255
38	  15.6136	   4.2373	-3	180	180
39	  29.0542	   9.7794	-3	946	946
40	  23.3217	  28.7656	1	0	1440
41	  15.7696	   7.7077	1	0	1440
42	  10.9956	  12.4532	1	0	1440
43	  12.4325	  14.7435	1	0	1440
44	   8.5180	  23.4254	1	0	1440
45	  13.3057	  15.5546	1	0	1440
46	   2.0871	   9.3396	1	0	1440
47	   5.0945	  16.0576	1	0	1440
48	  14.2873	  12.0339	1	0	1440
49	  12.5454	  25.2829	1	0	1440
50	  10.0264	  20.9177	1	0	1440
51	  14.3431	   2.2921	1	0	1440
52	   9.8678	   9.2847	1	0	1440
53	  29.7055	  20.7081	1	0	1440
54	   7.8466	   2.4899	1	0	1440
55	  24.6525	  13.4766	1	0	1440
56	  10.6396	   4.5203	1	0	1440
57	  18.8261	  27.3516	1	0	1440
58	  11.9612	  20.6202	1	0	1440
59	  29.7145	   2.9919	1	0	1440
60	   9.2449	  11.1749	-1	0	1440
61	  27.8182	  19.3021	-1	0	1440
62	  26.4306	  24.0085	-1	0	1440
63	   2.0603	  29.3611	-1	0	1440
64	   3.9492	  23.1258	-1	0	1440
65	   7.9049	   2.9332	-1	0	1440
66	  23.7051	   7.6194	-1	0	1440
67	  19.0966	  11.9456	-1	0	1440
68	   5.2053	  11.9826	-1	0	1440
69	  22.3958	  27.9699	-1	0	1440
70	  29.0831	   9.1210	-1	0	1440
71	  11.3444	   1.8251	-1	0	1440
72	   0.3070	  25.4259	-1	0	1440
73	  22.7613	  14.5888	-1	0	1440
74	  15.2472	  13.8207	-1	0	1440
75	  17.4698	  29.4660	-1	0	1440
76	   5.0979	  21.0239	-1	0	1440
77	   5.9251	  14.7859	-1	0	1440
78	  15.5176	   2.7441	-1	0	1440
79	  28.3031	  20.8455	-1	0	1440
80	   6.9394	  26.4877	0	0	1440
81	  21.8602	   8.8211	0	0	1440
82	  28.2625	   0.9287	0	0	1440
83	  19.6909	  15.6805	0	0	1440
84	  18.1468	  16.8045	0	0	1440
85	  24.1283	   8.8055	0	0	1440
86	  14.3859	   8.1738	0	0	1440
87	  26.5839	  17.7689	0	0	1440
88	  12.3530	   7.4924	0	0	1440
89	  18.9280	  25.9593	0	0	1440
90	   4.7648	  21.7193	0	0	1440
91	   9.0481	  11.8906	0	0	1440
92	   9.2757	  27.2291	0	0	1440
93	  29.3988	   4.3437	0	0	1440
94	  16.8889	   5.9793	0	0	1440
95	   0.2880	   6.5797	0	0	1440
96	  24.4871	  24.9779	0	0	1440
97	  13.3010	   8.0246	0	0	1440
98	   2.7420	   2.8403	0	0	1440
