cabid lati longi timestamp sequence
1.0 37.7039 -122.3938 553.0 1.0
1.0 37.7488 -122.4097 579.0 2.0
1.0 37.7868 -122.4043 592.0 3.0
1.0 37.7812 -122.4794 650.0 4.0
2.0 37.6144 -122.3962 547.0 1.0
2.0 37.7761 -122.4050 563.0 2.0
2.0 37.6160 -122.3886 605.0 3.0
2.0 37.7902 -122.4044 625.0 4.0
2.0 37.7902 -122.4044 626.0 5.0
2.0 37.7867 -122.4021 643.0 6.0
2.0 37.7834 -122.4025 650.0 7.0
2.0 37.7866 -122.4031 665.0 8.0
2.0 37.6158 -122.3901 684.0 9.0
2.0 37.6163 -122.3864 690.0 10.0
2.0 37.7747 -122.4245 708.0 11.0
2.0 37.7540 -122.4102 715.0 12.0
2.0 37.7964 -122.4052 730.0 13.0
2.0 37.7890 -122.3964 767.0 14.0
2.0 37.7633 -122.2162 801.0 15.0
2.0 37.7853 -122.3996 843.0 16.0
2.0 37.7778 -122.3914 849.0 17.0
3.0 37.7839 -122.4078 545.0 1.0
3.0 37.7934 -122.3925 551.0 2.0
3.0 37.7872 -122.4078 585.0 3.0
3.0 37.7944 -122.4032 591.0 4.0
3.0 37.7952 -122.3993 593.0 5.0
3.0 37.7844 -122.4392 604.0 6.0
3.0 37.7881 -122.4075 650.0 7.0
3.0 37.7934 -122.4418 662.0 8.0
3.0 37.7871 -122.4094 710.0 9.0
3.0 37.7814 -122.4180 714.0 10.0
3.0 37.7879 -122.4202 718.0 11.0
3.0 37.7585 -122.4191 728.0 12.0
3.0 37.7598 -122.4215 738.0 13.0
3.0 37.7742 -122.4048 749.0 14.0
3.0 37.7767 -122.3954 772.0 15.0
3.0 37.7682 -122.4290 783.0 16.0
3.0 37.7692 -122.4290 784.0 17.0
3.0 37.7900 -122.4305 795.0 18.0
3.0 37.7849 -122.4356 807.0 19.0
3.0 37.7753 -122.4224 815.0 20.0
3.0 37.7892 -122.4082 836.0 21.0
3.0 37.7937 -122.3960 843.0 22.0
3.0 37.7901 -122.4028 849.0 23.0
3.0 37.7891 -122.3951 854.0 24.0
3.0 37.7894 -122.4082 859.0 25.0
3.0 37.7908 -122.4325 867.0 26.0
3.0 37.7907 -122.4325 869.0 27.0
3.0 37.7780 -122.4232 877.0 28.0
3.0 37.7943 -122.3996 920.0 29.0
3.0 37.6161 -122.3890 948.0 30.0
3.0 37.7632 -122.3890 965.0 31.0
3.0 37.6154 -122.3927 980.0 32.0
3.0 37.7820 -122.3922 1008.0 33.0
3.0 37.7934 -122.3931 1017.0 34.0
3.0 37.7935 -122.3963 1019.0 35.0
4.0 37.6158 -122.3884 624.0 1.0
4.0 37.4856 -122.1856 645.0 2.0
4.0 37.6152 -122.3902 748.0 3.0
4.0 37.4375 -122.1233 772.0 4.0
4.0 37.6151 -122.3902 875.0 5.0
4.0 37.7944 -122.4186 899.0 6.0
4.0 37.6224 -122.4000 995.0 7.0
5.0 37.7901 -122.3912 824.0 1.0
5.0 37.7870 -122.4105 831.0 2.0
5.0 37.7927 -122.4044 837.0 3.0
5.0 37.7904 -122.3904 844.0 4.0
5.0 37.6179 -122.3868 863.0 5.0
5.0 37.6151 -122.3902 961.0 6.0
5.0 37.7843 -122.4077 979.0 7.0
lati longi low_tw
37.7103 -122.4339 500.0
37.7062 -122.427 492.0
37.7598 -122.469 919.0
37.7509 -122.4708 543.0
37.7569 -122.4723 605.0
37.7919 -122.4226 943.0
37.7537 -122.4666 869.0
37.7034 -122.3965 878.0
37.7031 -122.4317 867.0
37.7027 -122.3925 481.0
37.753 -122.4688 772.0
37.7095 -122.4253 592.0
37.7245 -122.4855 606.0
37.7261 -122.4875 836.0
37.7868 -122.4213 946.0
37.7244 -122.4811 956.0
37.7083 -122.4263 499.0
37.79 -122.4202 907.0
37.7852 -122.4225 790.0
37.7829 -122.428 812.0
37.6989 -122.397 500.0
37.7036 -122.3899 492.0
37.7887 -122.4208 919.0
37.7842 -122.4221 543.0
37.792 -122.4279 605.0
37.7238 -122.4877 943.0
37.786 -122.4273 869.0
37.7548 -122.4689 878.0
37.7024 -122.3881 867.0
37.7525 -122.4652 481.0
37.7905 -122.4235 772.0
37.7063 -122.3912 592.0
37.7041 -122.4344 606.0
37.7031 -122.4289 836.0
37.7235 -122.4871 946.0
37.7125 -122.4259 956.0
37.706 -122.3942 499.0
37.7293 -122.4859 907.0
37.7306 -122.4868 790.0
37.7251 -122.4871 812.0
