cabid lati longi timestamp sequence
1.0 37.7638 -122.4566 563.0 1.0
1.0 37.7523 -122.3972 579.0 2.0
1.0 37.7549 -122.4075 585.0 3.0
1.0 37.7863 -122.4040 598.0 4.0
1.0 37.7873 -122.4068 601.0 5.0
1.0 37.7890 -122.4123 606.0 6.0
1.0 37.7905 -122.4221 608.0 7.0
1.0 37.7804 -122.4203 613.0 8.0
1.0 37.7735 -122.4193 620.0 9.0
1.0 37.7638 -122.5039 654.0 10.0
1.0 37.7637 -122.4568 666.0 11.0
1.0 37.7901 -122.4090 679.0 12.0
1.0 37.7898 -122.4342 694.0 13.0
1.0 37.7925 -122.4047 703.0 14.0
1.0 37.7923 -122.4032 710.0 15.0
1.0 37.7782 -122.3964 719.0 16.0
1.0 37.7882 -122.3919 736.0 17.0
1.0 37.7866 -122.4036 742.0 18.0
1.0 37.7877 -122.3914 747.0 19.0
1.0 37.7921 -122.4035 751.0 20.0
1.0 37.7871 -122.4095 762.0 21.0
1.0 37.8029 -122.4357 773.0 22.0
1.0 37.8026 -122.4381 776.0 23.0
1.0 37.7894 -122.4070 789.0 24.0
1.0 37.7950 -122.4216 795.0 25.0
1.0 37.7975 -122.4099 798.0 26.0
2.0 37.7893 -122.4019 543.0 1.0
2.0 37.7900 -122.4008 544.0 2.0
2.0 37.7956 -122.4023 552.0 3.0
2.0 37.7867 -122.4503 611.0 4.0
2.0 37.7764 -122.4433 617.0 5.0
2.0 37.7637 -122.4572 627.0 6.0
2.0 37.7798 -122.5090 643.0 7.0
2.0 37.7850 -122.4797 649.0 8.0
2.0 37.7719 -122.4372 665.0 9.0
2.0 37.7709 -122.4402 666.0 10.0
2.0 37.7637 -122.4571 674.0 11.0
2.0 37.7230 -122.4413 693.0 12.0
2.0 37.7456 -122.4226 705.0 13.0
2.0 37.7863 -122.4384 724.0 14.0
2.0 37.7881 -122.4254 726.0 15.0
2.0 37.7854 -122.4197 729.0 16.0
2.0 37.7877 -122.4061 748.0 17.0
2.0 37.8001 -122.4561 764.0 18.0
2.0 37.7478 -122.4207 814.0 19.0
2.0 37.7880 -122.4126 843.0 20.0
2.0 37.7874 -122.4083 850.0 21.0
2.0 37.7639 -122.4574 866.0 22.0
2.0 37.7686 -122.4534 870.0 23.0
2.0 37.7767 -122.3945 883.0 24.0
2.0 37.7786 -122.4166 936.0 25.0
2.0 37.7911 -122.4210 944.0 26.0
2.0 37.7853 -122.4012 966.0 27.0
2.0 37.7877 -122.4083 970.0 28.0
3.0 37.7835 -122.4167 873.0 1.0
3.0 37.7802 -122.3944 906.0 2.0
3.0 37.7871 -122.4149 912.0 3.0
3.0 37.7878 -122.4008 920.0 4.0
3.0 37.7983 -122.4335 932.0 5.0
3.0 37.7956 -122.4237 936.0 6.0
3.0 37.7855 -122.4300 945.0 7.0
3.0 37.7857 -122.4284 946.0 8.0
3.0 37.7868 -122.4116 954.0 9.0
3.0 37.7883 -122.4018 967.0 10.0
3.0 37.7777 -122.3935 975.0 11.0
3.0 37.7884 -122.4017 982.0 12.0
3.0 37.7925 -122.3923 986.0 13.0
3.0 37.7877 -122.4018 998.0 14.0
3.0 37.7931 -122.3926 1003.0 15.0
3.0 37.7950 -122.3971 1009.0 16.0
lati longi low_tw
37.7557 -122.4025 680.0
37.7821 -122.3929 943.0
37.7206 -122.4861 675.0
37.6858 -122.4201 806.0
37.6887 -122.4214 529.0
37.6658 -122.461 541.0
37.6924 -122.4212 481.0
37.7776 -122.3934 738.0
37.6693 -122.4697 792.0
37.7829 -122.3912 506.0
37.756 -122.403 840.0
37.757 -122.4018 850.0
37.7216 -122.4874 852.0
37.7592 -122.3974 713.0
37.722 -122.49 749.0
37.7804 -122.3898 746.0
37.7828 -122.388 619.0
37.7764 -122.3887 492.0
37.7808 -122.3892 693.0
37.6898 -122.4139 749.0
37.6716 -122.4617 849.0
37.7287 -122.4831 670.0
37.6887 -122.418 702.0
37.6655 -122.4607 666.0
37.686 -122.4172 735.0
37.7571 -122.4008 798.0
37.7575 -122.3996 868.0
37.774 -122.3932 648.0
37.7751 -122.3933 674.0
37.7742 -122.3895 597.0
37.6865 -122.4125 680.0
37.6734 -122.4662 943.0
37.7749 -122.3949 675.0
37.7289 -122.4877 806.0
37.7203 -122.4839 529.0
37.7576 -122.4015 541.0
37.7214 -122.4822 481.0
37.6708 -122.4606 738.0
37.7563 -122.4031 792.0
37.669 -122.4624 506.0
37.6905 -122.4127 840.0
37.6915 -122.4177 850.0
37.7755 -122.3926 852.0
37.6841 -122.4122 713.0
37.7741 -122.388 749.0
37.6716 -122.4698 746.0
37.6674 -122.465 619.0
37.669 -122.469 492.0
37.6674 -122.4634 693.0
37.7268 -122.4892 749.0
37.7552 -122.3967 849.0
37.7785 -122.3964 670.0
37.7259 -122.4904 702.0
37.7584 -122.4021 666.0
37.7203 -122.4835 735.0
37.6879 -122.413 798.0
37.6838 -122.4148 868.0
37.6691 -122.4661 648.0
37.6703 -122.4676 674.0
37.6665 -122.463 597.0
