cabid lati longi timestamp sequence
1.0 37.7989 -122.4374 904.0 36.0
1.0 37.7989 -122.4359 906.0 37.0
1.0 37.8060 -122.4098 916.0 38.0
1.0 37.8061 -122.4098 917.0 39.0
2.0 37.7951 -122.4293 666.0 1.0
2.0 37.7940 -122.3931 678.0 2.0
2.0 37.7936 -122.3926 680.0 3.0
2.0 37.7871 -122.3876 685.0 4.0
2.0 37.7932 -122.3993 691.0 5.0
2.0 37.7888 -122.4100 696.0 6.0
2.0 37.7855 -122.4396 720.0 7.0
2.0 37.7876 -122.4133 726.0 8.0
2.0 37.7833 -122.4337 737.0 9.0
2.0 37.7637 -122.4194 746.0 10.0
2.0 37.7635 -122.4195 747.0 11.0
2.0 37.7751 -122.4109 755.0 12.0
2.0 37.7843 -122.4076 759.0 13.0
2.0 37.7923 -122.3994 763.0 14.0
2.0 37.7829 -122.4097 768.0 15.0
2.0 37.7793 -122.4272 773.0 16.0
2.0 37.7370 -122.4316 791.0 17.0
2.0 37.7544 -122.4388 802.0 18.0
2.0 37.7608 -122.4350 805.0 19.0
2.0 37.7597 -122.4457 810.0 20.0
2.0 37.7619 -122.4185 821.0 21.0
2.0 37.7859 -122.4190 832.0 22.0
2.0 37.7829 -122.4207 835.0 23.0
2.0 37.8084 -122.4104 847.0 24.0
2.0 37.7831 -122.4473 960.0 25.0
2.0 37.7814 -122.4398 965.0 26.0
2.0 37.7855 -122.4110 981.0 27.0
2.0 37.7785 -122.4088 985.0 28.0
2.0 37.7961 -122.3963 1004.0 29.0
2.0 37.7803 -122.3902 1014.0 30.0
2.0 37.7800 -122.3898 1015.0 31.0
1.0 37.7439 -122.4391 542.0 1.0
1.0 37.7621 -122.4419 558.0 2.0
1.0 37.7775 -122.4434 566.0 3.0
1.0 37.7706 -122.4323 576.0 4.0
1.0 37.7871 -122.3944 588.0 5.0
1.0 37.7869 -122.4048 595.0 6.0
1.0 37.7793 -122.3934 605.0 7.0
1.0 37.7780 -122.4083 625.0 8.0
1.0 37.6155 -122.3845 642.0 9.0
1.0 37.6177 -122.3867 737.0 10.0
2.0 37.7898 -122.4323 554.0 1.0
2.0 37.7785 -122.4267 559.0 2.0
2.0 37.7567 -122.4302 573.0 3.0
2.0 37.6179 -122.3857 593.0 4.0
2.0 37.7441 -122.4312 618.0 5.0
2.0 37.7852 -122.4065 633.0 6.0
2.0 37.7855 -122.4001 653.0 7.0
2.0 37.7819 -122.4191 662.0 8.0
2.0 37.7924 -122.4108 689.0 9.0
2.0 37.7826 -122.4038 697.0 10.0
2.0 37.7854 -122.4051 736.0 11.0
2.0 37.7787 -122.3908 742.0 12.0
2.0 37.7799 -122.3898 744.0 13.0
2.0 37.6178 -122.3867 761.0 14.0
2.0 37.7717 -122.4406 818.0 15.0
2.0 37.7517 -122.4283 827.0 16.0
2.0 37.7452 -122.4284 835.0 17.0
2.0 37.7881 -122.4178 849.0 18.0
2.0 37.7902 -122.4082 853.0 19.0
2.0 37.7803 -122.4169 860.0 20.0
3.0 37.7703 -122.4378 668.0 1.0
3.0 37.7750 -122.4452 674.0 2.0
3.0 37.7760 -122.4454 676.0 3.0
3.0 37.7852 -122.4397 680.0 4.0
3.0 37.7761 -122.4379 683.0 5.0
lati longi low_tw
37.7822 -122.4946 650.0
37.7932 -122.4801 869.0
37.7924 -122.4738 547.0
37.7844 -122.4948 741.0
37.7746 -122.4662 579.0
37.7393 -122.4242 736.0
37.7736 -122.4594 952.0
37.7325 -122.4274 866.0
37.7673 -122.4617 605.0
37.7684 -122.4621 809.0
37.6656 -122.4591 530.0
37.7846 -122.4856 536.0
37.7855 -122.4867 748.0
37.7373 -122.43 647.0
37.7881 -122.4932 495.0
37.7893 -122.4723 699.0
37.7845 -122.4944 677.0
37.7673 -122.4615 653.0
37.6624 -122.4584 928.0
37.7752 -122.4671 589.0
37.663 -122.4633 953.0
37.6676 -122.4553 527.0
37.7843 -122.4853 929.0
37.6704 -122.4565 928.0
37.7762 -122.4619 949.0
37.7687 -122.4656 858.0
37.7958 -122.4788 534.0
37.7325 -122.4335 880.0
37.6683 -122.456 783.0
37.7709 -122.4662 566.0
37.7952 -122.4736 650.0
37.7684 -122.4677 869.0
37.7743 -122.4684 547.0
37.7927 -122.4753 741.0
37.6632 -122.4589 579.0
37.7912 -122.4915 736.0
37.6705 -122.4563 952.0
37.7843 -122.4852 866.0
37.6625 -122.4614 605.0
37.6632 -122.4631 809.0
37.7355 -122.4281 530.0
37.7964 -122.4767 536.0
37.7875 -122.4727 748.0
37.7917 -122.494 647.0
37.7969 -122.4767 495.0
37.7734 -122.4638 699.0
37.7913 -122.4773 677.0
37.6705 -122.4588 653.0
37.742 -122.4306 928.0
37.6634 -122.4614 589.0
37.741 -122.4256 953.0
37.7374 -122.4298 527.0
37.796 -122.4732 929.0
37.737 -122.4322 928.0
37.664 -122.4638 949.0
37.6716 -122.4569 858.0
37.7707 -122.4661 534.0
37.7886 -122.4905 880.0
37.7329 -122.4335 783.0
37.6646 -122.4638 566.0
