cabid lati longi timestamp sequence
1.0 37.7977 -122.4080 542.0 1.0
1.0 37.7950 -122.4183 560.0 2.0
1.0 37.7957 -122.3970 567.0 3.0
1.0 37.8013 -122.4019 642.0 4.0
1.0 37.7623 -122.4112 657.0 5.0
1.0 37.7613 -122.4293 671.0 6.0
1.0 37.7559 -122.4051 681.0 7.0
1.0 37.7583 -122.4124 688.0 8.0
1.0 37.7515 -122.4317 698.0 9.0
1.0 37.7575 -122.4347 707.0 10.0
1.0 37.7901 -122.4308 720.0 11.0
1.0 37.7793 -122.4340 730.0 12.0
1.0 37.7896 -122.3975 741.0 13.0
1.0 37.7525 -122.4184 786.0 14.0
1.0 37.7519 -122.4052 794.0 15.0
2.0 37.7721 -122.4019 567.0 1.0
2.0 37.7809 -122.4151 571.0 2.0
2.0 37.7875 -122.4183 577.0 3.0
2.0 37.7880 -122.4183 582.0 4.0
2.0 37.7900 -122.4218 597.0 5.0
2.0 37.8084 -122.4101 608.0 6.0
2.0 37.7787 -122.4146 626.0 7.0
2.0 37.7859 -122.4195 720.0 8.0
2.0 37.7844 -122.4339 765.0 9.0
2.0 37.7826 -122.4359 800.0 10.0
2.0 37.7917 -122.4406 808.0 11.0
2.0 37.7901 -122.4341 967.0 12.0
2.0 37.7731 -122.4526 977.0 13.0
2.0 37.7764 -122.4586 1014.0 14.0
3.0 37.7333 -122.4910 548.0 1.0
3.0 37.7496 -122.4741 560.0 2.0
3.0 37.7872 -122.4028 582.0 3.0
3.0 37.7867 -122.4109 603.0 4.0
3.0 37.8022 -122.4029 612.0 5.0
3.0 37.8019 -122.4017 615.0 6.0
3.0 37.7795 -122.4185 625.0 7.0
3.0 37.7795 -122.4185 627.0 8.0
3.0 37.7821 -122.4276 631.0 9.0
3.0 37.7925 -122.4038 663.0 10.0
3.0 37.7910 -122.3989 668.0 11.0
3.0 37.7931 -122.3975 672.0 12.0
3.0 37.7780 -122.4139 681.0 13.0
3.0 37.7772 -122.4071 698.0 14.0
3.0 37.7818 -122.4015 704.0 15.0
3.0 37.8021 -122.4030 714.0 16.0
3.0 37.8015 -122.4008 720.0 17.0
3.0 37.7928 -122.3981 724.0 18.0
3.0 37.7842 -122.3905 730.0 19.0
3.0 37.7796 -122.3917 733.0 20.0
3.0 37.7908 -122.4324 747.0 21.0
3.0 37.7908 -122.4324 748.0 22.0
3.0 37.7848 -122.4050 761.0 23.0
3.0 37.7769 -122.3948 766.0 24.0
3.0 37.7773 -122.3914 768.0 25.0
3.0 37.7843 -122.4806 791.0 26.0
3.0 37.7834 -122.4407 836.0 27.0
3.0 37.7965 -122.4260 843.0 28.0
3.0 37.7936 -122.3973 858.0 29.0
3.0 37.7908 -122.4325 869.0 30.0
3.0 37.7767 -122.4173 878.0 31.0
3.0 37.7754 -122.4191 883.0 32.0
3.0 37.7849 -122.4667 895.0 33.0
3.0 37.7860 -122.4574 904.0 34.0
3.0 37.7504 -122.4338 920.0 35.0
3.0 37.7481 -122.4345 924.0 36.0
3.0 37.7728 -122.4221 935.0 37.0
4.0 37.7870 -122.4110 632.0 1.0
4.0 37.6179 -122.3869 652.0 2.0
4.0 37.7768 -122.3956 683.0 3.0
4.0 37.7844 -122.4041 689.0 4.0
4.0 37.7915 -122.4105 738.0 5.0
4.0 37.7910 -122.3923 747.0 6.0
4.0 37.7634 -122.4588 767.0 7.0
4.0 37.7636 -122.4572 789.0 8.0
4.0 37.7766 -122.4297 799.0 9.0
4.0 37.7821 -122.4351 806.0 10.0
4.0 37.7664 -122.4086 820.0 11.0
4.0 37.7606 -122.4091 833.0 12.0
4.0 37.7820 -122.4045 846.0 13.0
4.0 37.8245 -122.3137 881.0 14.0
4.0 37.8210 -122.3322 882.0 15.0
4.0 37.7850 -122.3999 891.0 16.0
4.0 37.7894 -122.4027 896.0 17.0
4.0 37.7888 -122.4103 903.0 18.0
4.0 37.7915 -122.4006 908.0 19.0
4.0 37.7942 -122.3975 914.0 20.0
4.0 37.7878 -122.4577 927.0 21.0
4.0 37.7875 -122.4443 944.0 22.0
4.0 37.6776 -122.3884 978.0 23.0
4.0 37.7951 -122.3966 1017.0 24.0
lati longi low_tw
37.78 -122.435 860.0
37.7578 -122.4635 913.0
37.6736 -122.4589 912.0
37.7738 -122.4354 588.0
37.7596 -122.4658 933.0
37.7058 -122.4702 619.0
37.7755 -122.4269 574.0
37.7758 -122.4325 597.0
37.7707 -122.4267 717.0
37.7053 -122.4663 531.0
37.7526 -122.4673 908.0
37.6721 -122.4611 628.0
37.71 -122.4706 618.0
37.6713 -122.4611 590.0
37.7611 -122.4695 551.0
37.6687 -122.4656 535.0
37.7036 -122.463 738.0
37.713 -122.4639 556.0
37.7529 -122.4624 595.0
37.773 -122.4295 685.0
37.7769 -122.4348 507.0
37.7091 -122.4647 900.0
37.7718 -122.4301 601.0
37.7609 -122.4622 483.0
37.6726 -122.4653 821.0
37.7528 -122.4632 918.0
37.6725 -122.4628 830.0
37.7541 -122.4681 645.0
37.7715 -122.4267 717.0
37.7737 -122.4282 680.0
37.6732 -122.4616 693.0
37.7709 -122.4311 520.0
37.7605 -122.4636 590.0
37.6708 -122.4586 501.0
37.7565 -122.467 770.0
37.711 -122.4647 829.0
37.7075 -122.4672 520.0
37.7707 -122.4271 844.0
37.76 -122.4652 716.0
37.7712 -122.4314 820.0
37.7799 -122.4303 732.0
37.7546 -122.4676 883.0
37.7062 -122.4626 952.0
37.7042 -122.472 548.0
37.7081 -122.4699 515.0
37.7778 -122.43 808.0
37.779 -122.4347 854.0
37.7739 -122.4356 720.0
37.7809 -122.4332 774.0
37.7103 -122.4625 514.0
37.7789 -122.4338 860.0
37.672 -122.4654 913.0
37.7118 -122.4638 912.0
37.7704 -122.4266 588.0
37.6657 -122.4587 933.0
37.7802 -122.4292 619.0
37.7562 -122.4629 574.0
37.7593 -122.4685 597.0
37.756 -122.4646 717.0
37.7738 -122.438 531.0
37.6674 -122.4618 908.0
37.7101 -122.4664 628.0
37.7785 -122.4318 618.0
37.7091 -122.4636 590.0
37.6725 -122.4618 551.0
37.7082 -122.4681 535.0
37.7724 -122.43 738.0
37.7783 -122.4382 556.0
37.6726 -122.4635 595.0
37.7754 -122.4298 685.0
37.7772 -122.4275 507.0
37.776 -122.4379 900.0
37.774 -122.435 601.0
37.6683 -122.4669 483.0
37.7127 -122.4669 821.0
37.6711 -122.4606 918.0
37.7091 -122.4695 830.0
37.668 -122.4625 645.0
37.7583 -122.4665 717.0
37.7589 -122.4679 680.0
37.7033 -122.4686 693.0
37.7573 -122.4653 520.0
37.6705 -122.4663 590.0
37.7109 -122.471 501.0
37.6725 -122.4669 770.0
37.7784 -122.4293 829.0
37.7799 -122.436 520.0
37.7558 -122.4622 844.0
37.6665 -122.4646 716.0
37.7617 -122.4655 820.0
37.776 -122.4267 732.0
37.6654 -122.4622 883.0
37.7784 -122.4379 952.0
37.7737 -122.4317 548.0
37.7804 -122.4357 515.0
37.7598 -122.4681 808.0
37.7791 -122.4333 854.0
37.7727 -122.4334 720.0
37.7756 -122.432 774.0
37.7742 -122.437 514.0
