cabid lati longi timestamp sequence
1.0 37.7661 -122.4025 1008.0 46.0
1.0 37.7715 -122.4021 1011.0 47.0
2.0 37.7883 -122.4050 546.0 1.0
2.0 37.7858 -122.4015 562.0 2.0
2.0 37.8043 -122.4483 576.0 3.0
2.0 37.7919 -122.4094 592.0 4.0
2.0 37.7846 -122.4051 599.0 5.0
2.0 37.5865 -122.3382 627.0 6.0
2.0 37.5317 -122.2708 638.0 7.0
2.0 37.7907 -122.3895 765.0 8.0
2.0 37.7894 -122.4034 772.0 9.0
2.0 37.7957 -122.3944 787.0 10.0
2.0 37.8084 -122.4101 792.0 11.0
2.0 37.8071 -122.4070 795.0 12.0
2.0 37.7977 -122.4079 804.0 13.0
2.0 37.6177 -122.3859 930.0 14.0
2.0 37.7923 -122.3924 952.0 15.0
2.0 37.7920 -122.3914 954.0 16.0
2.0 37.6152 -122.3903 973.0 17.0
3.0 37.7870 -122.4488 651.0 1.0
3.0 37.7842 -122.4592 674.0 2.0
3.0 37.7854 -122.4386 681.0 3.0
3.0 37.7854 -122.4387 682.0 4.0
3.0 37.7795 -122.4320 685.0 5.0
3.0 37.7899 -122.4167 700.0 6.0
3.0 37.7918 -122.3948 707.0 7.0
3.0 37.7927 -122.4010 728.0 8.0
3.0 37.7877 -122.4022 735.0 9.0
3.0 37.7935 -122.4030 741.0 10.0
3.0 37.7834 -122.3937 746.0 11.0
3.0 37.7952 -122.4033 781.0 12.0
3.0 37.6139 -122.3878 803.0 13.0
3.0 37.7771 -122.3983 821.0 14.0
3.0 37.7894 -122.4120 827.0 15.0
3.0 37.7933 -122.3974 833.0 16.0
3.0 37.7880 -122.4083 837.0 17.0
3.0 37.7912 -122.4018 850.0 18.0
3.0 37.7770 -122.3946 858.0 19.0
3.0 37.7527 -122.4100 931.0 20.0
3.0 37.7909 -122.4333 950.0 21.0
3.0 37.7929 -122.4034 963.0 22.0
3.0 37.7938 -122.4314 972.0 23.0
3.0 37.7936 -122.3987 985.0 24.0
3.0 37.7915 -122.4426 998.0 25.0
3.0 37.7925 -122.4037 1012.0 26.0
1.0 37.7977 -122.4080 542.0 1.0
1.0 37.7950 -122.4183 560.0 2.0
1.0 37.7957 -122.3970 567.0 3.0
1.0 37.8013 -122.4019 642.0 4.0
1.0 37.7623 -122.4112 657.0 5.0
1.0 37.7613 -122.4293 671.0 6.0
1.0 37.7559 -122.4051 681.0 7.0
1.0 37.7583 -122.4124 688.0 8.0
1.0 37.7515 -122.4317 698.0 9.0
1.0 37.7575 -122.4347 707.0 10.0
1.0 37.7901 -122.4308 720.0 11.0
1.0 37.7793 -122.4340 730.0 12.0
1.0 37.7896 -122.3975 741.0 13.0
1.0 37.7525 -122.4184 786.0 14.0
1.0 37.7519 -122.4052 794.0 15.0
2.0 37.7721 -122.4019 567.0 1.0
2.0 37.7809 -122.4151 571.0 2.0
2.0 37.7875 -122.4183 577.0 3.0
2.0 37.7880 -122.4183 582.0 4.0
2.0 37.7900 -122.4218 597.0 5.0
2.0 37.8084 -122.4101 608.0 6.0
2.0 37.7787 -122.4146 626.0 7.0
2.0 37.7859 -122.4195 720.0 8.0
2.0 37.7844 -122.4339 765.0 9.0
2.0 37.7826 -122.4359 800.0 10.0
2.0 37.7917 -122.4406 808.0 11.0
2.0 37.7901 -122.4341 967.0 12.0
2.0 37.7731 -122.4526 977.0 13.0
2.0 37.7764 -122.4586 1014.0 14.0
3.0 37.7333 -122.4910 548.0 1.0
3.0 37.7496 -122.4741 560.0 2.0
3.0 37.7872 -122.4028 582.0 3.0
3.0 37.7867 -122.4109 603.0 4.0
3.0 37.8022 -122.4029 612.0 5.0
3.0 37.8019 -122.4017 615.0 6.0
3.0 37.7795 -122.4185 625.0 7.0
3.0 37.7795 -122.4185 627.0 8.0
3.0 37.7821 -122.4276 631.0 9.0
3.0 37.7925 -122.4038 663.0 10.0
3.0 37.7910 -122.3989 668.0 11.0
3.0 37.7931 -122.3975 672.0 12.0
3.0 37.7780 -122.4139 681.0 13.0
3.0 37.7772 -122.4071 698.0 14.0
3.0 37.7818 -122.4015 704.0 15.0
3.0 37.8021 -122.4030 714.0 16.0
lati longi low_tw
37.7376 -122.3904 950.0
37.7549 -122.4528 899.0
37.7754 -122.4456 791.0
37.6857 -122.482 959.0
37.7645 -122.4533 655.0
37.6873 -122.4772 658.0
37.7601 -122.448 860.0
37.6745 -122.4232 527.0
37.68 -122.4227 680.0
37.6803 -122.4748 784.0
37.7782 -122.4467 942.0
37.7788 -122.4486 758.0
37.6802 -122.4742 502.0
37.6802 -122.4732 769.0
37.7749 -122.4464 692.0
37.7645 -122.4523 910.0
37.7637 -122.448 557.0
37.7719 -122.4488 588.0
37.684 -122.4741 546.0
37.7388 -122.3806 653.0
37.6768 -122.4147 950.0
37.7766 -122.442 899.0
37.7312 -122.3841 791.0
37.7595 -122.4536 959.0
37.7752 -122.4399 655.0
37.7619 -122.4529 658.0
37.7728 -122.4488 860.0
37.6864 -122.4766 527.0
37.6805 -122.4738 680.0
37.7627 -122.4479 784.0
37.7349 -122.3837 942.0
37.7374 -122.3805 758.0
37.7616 -122.4505 502.0
37.7557 -122.4514 769.0
37.7401 -122.3835 692.0
37.7781 -122.4484 910.0
37.7779 -122.4407 557.0
37.738 -122.3814 588.0
37.7643 -122.4554 546.0
37.6787 -122.4168 653.0
