cabid lati longi timestamp sequence
1.0 37.7735 -122.4493 541.0 1.0
1.0 37.7776 -122.4411 547.0 2.0
1.0 37.7805 -122.4782 556.0 3.0
1.0 37.7785 -122.4879 572.0 4.0
1.0 37.7873 -122.4472 583.0 5.0
1.0 37.7807 -122.4838 612.0 6.0
1.0 37.7807 -122.4749 615.0 7.0
1.0 37.7807 -122.4749 617.0 8.0
1.0 37.7809 -122.4656 622.0 9.0
1.0 37.7855 -122.4126 632.0 10.0
1.0 37.6235 -122.4006 765.0 11.0
1.0 37.7887 -122.4108 793.0 12.0
1.0 37.7690 -122.4201 803.0 13.0
1.0 37.7537 -122.4432 813.0 14.0
1.0 37.7334 -122.4342 834.0 15.0
1.0 37.7285 -122.4284 839.0 16.0
1.0 37.6172 -122.3874 867.0 17.0
1.0 37.6633 -122.3845 877.0 18.0
1.0 37.6178 -122.3858 896.0 19.0
2.0 37.6637 -122.3990 557.0 1.0
2.0 37.7720 -122.4180 573.0 2.0
2.0 37.7921 -122.3937 582.0 3.0
2.0 37.7919 -122.4111 591.0 4.0
2.0 37.6156 -122.3887 612.0 5.0
2.0 37.7846 -122.4072 632.0 6.0
2.0 37.7640 -122.4025 643.0 7.0
2.0 37.7664 -122.3970 646.0 8.0
2.0 37.7914 -122.4059 657.0 9.0
2.0 37.7892 -122.4158 692.0 10.0
2.0 37.7903 -122.4018 699.0 11.0
2.0 37.7842 -122.4174 711.0 12.0
2.0 37.7976 -122.4187 745.0 13.0
2.0 37.7832 -122.4193 760.0 14.0
2.0 37.7638 -122.3976 772.0 15.0
2.0 37.7649 -122.4014 774.0 16.0
2.0 37.7695 -122.4245 781.0 17.0
2.0 37.7921 -122.4090 812.0 18.0
2.0 37.7850 -122.4597 829.0 19.0
2.0 37.7829 -122.4683 836.0 20.0
2.0 37.7707 -122.4153 864.0 21.0
2.0 37.7930 -122.4012 926.0 22.0
2.0 37.7951 -122.4012 927.0 23.0
2.0 37.7945 -122.3974 953.0 24.0
2.0 37.8001 -122.4411 967.0 25.0
2.0 37.8005 -122.4387 970.0 26.0
2.0 37.8017 -122.4248 973.0 27.0
2.0 37.7973 -122.4061 982.0 28.0
2.0 37.7768 -122.4197 1003.0 29.0
2.0 37.7614 -122.4281 1014.0 30.0
3.0 37.7439 -122.4391 542.0 1.0
3.0 37.7621 -122.4419 558.0 2.0
3.0 37.7775 -122.4434 566.0 3.0
3.0 37.7706 -122.4323 576.0 4.0
3.0 37.7871 -122.3944 588.0 5.0
3.0 37.7869 -122.4048 595.0 6.0
3.0 37.7793 -122.3934 605.0 7.0
3.0 37.7780 -122.4083 625.0 8.0
3.0 37.6155 -122.3845 642.0 9.0
3.0 37.6177 -122.3867 737.0 10.0
3.0 37.7601 -122.4449 763.0 11.0
3.0 37.7627 -122.4477 774.0 12.0
3.0 37.7977 -122.4389 863.0 13.0
3.0 37.7652 -122.4196 929.0 14.0
3.0 37.7849 -122.4177 937.0 15.0
3.0 37.7799 -122.4168 953.0 16.0
3.0 37.7848 -122.4088 959.0 17.0
3.0 37.7924 -122.4032 972.0 18.0
3.0 37.7706 -122.4248 984.0 19.0
3.0 37.7822 -122.4046 1000.0 20.0
3.0 37.7826 -122.4708 1016.0 21.0
4.0 37.7898 -122.4323 554.0 1.0
4.0 37.7785 -122.4267 559.0 2.0
4.0 37.7567 -122.4302 573.0 3.0
4.0 37.6179 -122.3857 593.0 4.0
4.0 37.7441 -122.4312 618.0 5.0
4.0 37.7852 -122.4065 633.0 6.0
4.0 37.7855 -122.4001 653.0 7.0
4.0 37.7819 -122.4191 662.0 8.0
4.0 37.7924 -122.4108 689.0 9.0
4.0 37.7826 -122.4038 697.0 10.0
4.0 37.7854 -122.4051 736.0 11.0
4.0 37.7787 -122.3908 742.0 12.0
4.0 37.7799 -122.3898 744.0 13.0
4.0 37.6178 -122.3867 761.0 14.0
4.0 37.7717 -122.4406 818.0 15.0
4.0 37.7517 -122.4283 827.0 16.0
4.0 37.7452 -122.4284 835.0 17.0
4.0 37.7881 -122.4178 849.0 18.0
4.0 37.7902 -122.4082 853.0 19.0
4.0 37.7803 -122.4169 860.0 20.0
5.0 37.7889 -122.4105 879.0 1.0
5.0 37.7876 -122.4132 880.0 2.0
5.0 37.7831 -122.3969 886.0 3.0
5.0 37.7852 -122.4007 888.0 4.0
5.0 37.7854 -122.4164 893.0 5.0
5.0 37.7867 -122.4063 898.0 6.0
5.0 37.7928 -122.4013 903.0 7.0
5.0 37.7928 -122.3969 904.0 8.0
5.0 37.7999 -122.4435 917.0 9.0
5.0 37.8003 -122.4404 919.0 10.0
5.0 37.7904 -122.4024 931.0 11.0
5.0 37.7896 -122.4027 932.0 12.0
5.0 37.7648 -122.4405 944.0 13.0
5.0 37.7774 -122.4165 951.0 14.0
5.0 37.7827 -122.4676 965.0 15.0
5.0 37.7692 -122.4532 974.0 16.0
5.0 37.7979 -122.4062 990.0 17.0
5.0 37.7968 -122.4011 992.0 18.0
5.0 37.7661 -122.4025 1008.0 19.0
5.0 37.7715 -122.4021 1011.0 20.0
lati longi low_tw
37.7856 -122.4 560.0
37.7926 -122.4055 884.0
37.7507 -122.4199 669.0
37.7444 -122.4494 850.0
37.7037 -122.4283 857.0
37.7483 -122.4242 697.0
37.6579 -122.4526 666.0
37.7574 -122.4214 937.0
37.7908 -122.4023 642.0
37.784 -122.4058 556.0
37.7928 -122.3982 496.0
37.7887 -122.3993 887.0
37.7907 -122.4011 865.0
37.6633 -122.4543 948.0
37.7571 -122.4214 834.0
37.755 -122.4222 804.0
37.6637 -122.4528 857.0
37.7548 -122.4224 621.0
37.6602 -122.4542 497.0
37.7571 -122.4234 621.0
37.7473 -122.4511 560.0
37.7466 -122.4481 884.0
37.7103 -122.4273 669.0
37.6595 -122.4511 850.0
37.7898 -122.4031 857.0
37.7076 -122.4239 697.0
37.7548 -122.419 666.0
37.7098 -122.4195 937.0
37.743 -122.4466 642.0
37.743 -122.4451 556.0
37.745 -122.4501 496.0
37.7416 -122.4544 887.0
37.7378 -122.4485 865.0
37.7528 -122.4266 948.0
37.706 -122.4215 834.0
37.7053 -122.4283 804.0
37.7517 -122.4255 857.0
37.7083 -122.4273 621.0
37.7495 -122.4189 497.0
37.7088 -122.4225 621.0
