cabid lati longi timestamp sequence
3.0 37.7793 -122.3934 605.0 7.0
3.0 37.7780 -122.4083 625.0 8.0
3.0 37.6155 -122.3845 642.0 9.0
3.0 37.6177 -122.3867 737.0 10.0
3.0 37.7601 -122.4449 763.0 11.0
3.0 37.7627 -122.4477 774.0 12.0
3.0 37.7977 -122.4389 863.0 13.0
3.0 37.7652 -122.4196 929.0 14.0
3.0 37.7849 -122.4177 937.0 15.0
3.0 37.7799 -122.4168 953.0 16.0
3.0 37.7848 -122.4088 959.0 17.0
3.0 37.7924 -122.4032 972.0 18.0
3.0 37.7706 -122.4248 984.0 19.0
3.0 37.7822 -122.4046 1000.0 20.0
3.0 37.7826 -122.4708 1016.0 21.0
4.0 37.7898 -122.4323 554.0 1.0
4.0 37.7785 -122.4267 559.0 2.0
4.0 37.7567 -122.4302 573.0 3.0
4.0 37.6179 -122.3857 593.0 4.0
4.0 37.7441 -122.4312 618.0 5.0
4.0 37.7852 -122.4065 633.0 6.0
4.0 37.7855 -122.4001 653.0 7.0
4.0 37.7819 -122.4191 662.0 8.0
4.0 37.7924 -122.4108 689.0 9.0
4.0 37.7826 -122.4038 697.0 10.0
4.0 37.7854 -122.4051 736.0 11.0
4.0 37.7787 -122.3908 742.0 12.0
4.0 37.7799 -122.3898 744.0 13.0
4.0 37.6178 -122.3867 761.0 14.0
4.0 37.7717 -122.4406 818.0 15.0
4.0 37.7517 -122.4283 827.0 16.0
4.0 37.7452 -122.4284 835.0 17.0
4.0 37.7881 -122.4178 849.0 18.0
4.0 37.7902 -122.4082 853.0 19.0
4.0 37.7803 -122.4169 860.0 20.0
5.0 37.7889 -122.4105 879.0 1.0
5.0 37.7876 -122.4132 880.0 2.0
5.0 37.7831 -122.3969 886.0 3.0
5.0 37.7852 -122.4007 888.0 4.0
5.0 37.7854 -122.4164 893.0 5.0
5.0 37.7867 -122.4063 898.0 6.0
5.0 37.7928 -122.4013 903.0 7.0
5.0 37.7928 -122.3969 904.0 8.0
5.0 37.7999 -122.4435 917.0 9.0
5.0 37.8003 -122.4404 919.0 10.0
5.0 37.7904 -122.4024 931.0 11.0
5.0 37.7896 -122.4027 932.0 12.0
5.0 37.7648 -122.4405 944.0 13.0
5.0 37.7774 -122.4165 951.0 14.0
5.0 37.7827 -122.4676 965.0 15.0
5.0 37.7692 -122.4532 974.0 16.0
5.0 37.7979 -122.4062 990.0 17.0
5.0 37.7968 -122.4011 992.0 18.0
5.0 37.7661 -122.4025 1008.0 19.0
5.0 37.7715 -122.4021 1011.0 20.0
1.0 37.7507 -122.4011 560.0 1.0
1.0 37.7895 -122.4166 573.0 2.0
1.0 37.7870 -122.4110 632.0 3.0
1.0 37.6179 -122.3869 652.0 4.0
1.0 37.7768 -122.3956 683.0 5.0
1.0 37.7844 -122.4041 689.0 6.0
1.0 37.7915 -122.4105 738.0 7.0
1.0 37.7910 -122.3923 747.0 8.0
1.0 37.7634 -122.4588 767.0 9.0
1.0 37.7636 -122.4572 789.0 10.0
1.0 37.7766 -122.4297 799.0 11.0
1.0 37.7821 -122.4351 806.0 12.0
2.0 37.6156 -122.3977 627.0 1.0
2.0 37.8010 -122.4025 651.0 2.0
2.0 37.7969 -122.4009 653.0 3.0
2.0 37.7804 -122.4191 662.0 4.0
2.0 37.7791 -122.4190 667.0 5.0
2.0 37.7817 -122.4930 682.0 6.0
2.0 37.7815 -122.4932 698.0 7.0
2.0 37.7810 -122.4199 716.0 8.0
2.0 37.7731 -122.4166 724.0 9.0
2.0 37.7708 -122.4338 735.0 10.0
2.0 37.7859 -122.4430 746.0 11.0
2.0 37.7867 -122.4507 749.0 12.0
2.0 37.7834 -122.4580 762.0 13.0
2.0 37.7857 -122.4287 769.0 14.0
2.0 37.7922 -122.4037 783.0 15.0
2.0 37.7900 -122.4239 788.0 16.0
2.0 37.7922 -122.4035 811.0 17.0
2.0 37.7916 -122.4326 825.0 18.0
2.0 37.7917 -122.4337 829.0 19.0
2.0 37.7931 -122.4009 840.0 20.0
2.0 37.7925 -122.3973 846.0 21.0
2.0 37.7870 -122.4266 853.0 22.0
2.0 37.7529 -122.4091 913.0 23.0
2.0 37.8026 -122.4450 937.0 24.0
2.0 37.7912 -122.4310 949.0 25.0
2.0 37.7241 -122.4613 973.0 26.0
2.0 37.7554 -122.4210 989.0 27.0
2.0 37.7979 -122.4072 1007.0 28.0
2.0 37.7969 -122.4156 1014.0 29.0
3.0 37.7670 -122.4003 547.0 1.0
3.0 37.7766 -122.3954 563.0 2.0
3.0 37.7807 -122.4773 582.0 3.0
3.0 37.7848 -122.4440 604.0 4.0
3.0 37.7934 -122.3972 617.0 5.0
3.0 37.7964 -122.3969 630.0 6.0
3.0 37.7918 -122.4106 637.0 7.0
3.0 37.7872 -122.4011 657.0 8.0
3.0 37.7839 -122.3950 659.0 9.0
3.0 37.7821 -122.4039 687.0 10.0
3.0 37.7866 -122.3993 711.0 11.0
3.0 37.7755 -122.4094 716.0 12.0
3.0 37.6234 -122.4007 817.0 13.0
3.0 37.7891 -122.4048 838.0 14.0
lati longi low_tw
37.8048 -122.3927 950.0
37.6594 -122.4436 899.0
37.7997 -122.4587 791.0
37.661 -122.4389 959.0
37.7953 -122.4534 655.0
37.6529 -122.443 658.0
37.6584 -122.4425 860.0
37.654 -122.4365 527.0
37.8075 -122.3938 680.0
37.8082 -122.3957 784.0
37.6539 -122.4359 942.0
37.6539 -122.4349 758.0
37.8043 -122.3935 502.0
37.7998 -122.4577 769.0
37.7989 -122.4534 692.0
37.8012 -122.3959 910.0
37.6577 -122.4358 557.0
37.761 -122.457 588.0
37.6615 -122.4411 546.0
37.6524 -122.4362 653.0
37.6576 -122.4443 816.0
37.8042 -122.3873 776.0
37.66 -122.4384 550.0
37.7604 -122.4581 631.0
37.8062 -122.3881 864.0
37.6517 -122.4349 738.0
37.6536 -122.4348 572.0
37.7555 -122.4609 883.0
37.6508 -122.4437 739.0
37.6554 -122.4418 482.0
37.7534 -122.4604 950.0
37.7947 -122.459 899.0
37.8045 -122.387 791.0
37.7972 -122.4583 959.0
37.8022 -122.3959 655.0
37.6601 -122.4382 658.0
37.6542 -122.4354 860.0
37.7979 -122.4533 527.0
37.7571 -122.46 680.0
37.7596 -122.4568 784.0
37.7969 -122.4559 942.0
37.791 -122.4568 758.0
37.7623 -122.4598 502.0
37.8075 -122.3954 769.0
37.8073 -122.3878 692.0
37.7602 -122.4577 910.0
37.7996 -122.4608 557.0
37.6571 -122.4366 588.0
37.7949 -122.4585 546.0
37.6561 -122.4433 653.0
37.6526 -122.4356 816.0
37.7562 -122.4619 776.0
37.798 -122.458 550.0
37.6556 -122.4362 631.0
37.7587 -122.4573 864.0
37.662 -122.4378 738.0
37.6532 -122.4356 572.0
37.6581 -122.436 883.0
37.6588 -122.4367 739.0
37.6605 -122.4427 482.0
