cabid lati longi timestamp sequence
1.0 37.7893 -122.4019 543.0 1.0
1.0 37.7900 -122.4008 544.0 2.0
1.0 37.7956 -122.4023 552.0 3.0
1.0 37.7867 -122.4503 611.0 4.0
1.0 37.7764 -122.4433 617.0 5.0
1.0 37.7637 -122.4572 627.0 6.0
1.0 37.7798 -122.5090 643.0 7.0
1.0 37.7850 -122.4797 649.0 8.0
1.0 37.7719 -122.4372 665.0 9.0
1.0 37.7709 -122.4402 666.0 10.0
1.0 37.7637 -122.4571 674.0 11.0
1.0 37.7230 -122.4413 693.0 12.0
1.0 37.7456 -122.4226 705.0 13.0
1.0 37.7863 -122.4384 724.0 14.0
2.0 37.6217 -122.3999 608.0 1.0
2.0 37.6154 -122.4035 617.0 2.0
2.0 37.6152 -122.3916 631.0 3.0
2.0 37.4583 -122.1414 662.0 4.0
2.0 37.6150 -122.3903 773.0 5.0
2.0 37.5166 -122.2534 791.0 6.0
2.0 37.6193 -122.3992 820.0 7.0
2.0 37.7899 -122.3979 845.0 8.0
2.0 37.7809 -122.4221 861.0 9.0
2.0 37.7835 -122.4167 873.0 10.0
2.0 37.7802 -122.3944 906.0 11.0
2.0 37.7871 -122.4149 912.0 12.0
2.0 37.7878 -122.4008 920.0 13.0
2.0 37.7983 -122.4335 932.0 14.0
2.0 37.7956 -122.4237 936.0 15.0
2.0 37.7855 -122.4300 945.0 16.0
2.0 37.7857 -122.4284 946.0 17.0
2.0 37.7868 -122.4116 954.0 18.0
2.0 37.7883 -122.4018 967.0 19.0
2.0 37.7777 -122.3935 975.0 20.0
2.0 37.7884 -122.4017 982.0 21.0
2.0 37.7925 -122.3923 986.0 22.0
2.0 37.7877 -122.4018 998.0 23.0
2.0 37.7931 -122.3926 1003.0 24.0
2.0 37.7950 -122.3971 1009.0 25.0
3.0 37.6148 -122.3936 590.0 1.0
3.0 37.7879 -122.4100 612.0 2.0
3.0 37.7878 -122.4095 614.0 3.0
3.0 37.7919 -122.3940 624.0 4.0
3.0 37.8058 -122.4254 641.0 5.0
3.0 37.7947 -122.3935 651.0 6.0
3.0 37.8058 -122.4129 705.0 7.0
3.0 37.7981 -122.4049 720.0 8.0
3.0 37.8062 -122.4166 744.0 9.0
3.0 37.7964 -122.4219 750.0 10.0
3.0 37.8035 -122.4226 780.0 11.0
3.0 37.7891 -122.4027 791.0 12.0
3.0 37.7886 -122.4009 797.0 13.0
3.0 37.8016 -122.4018 805.0 14.0
3.0 37.8019 -122.4179 817.0 15.0
3.0 37.7888 -122.4106 825.0 16.0
3.0 37.7943 -122.4279 837.0 17.0
3.0 37.7884 -122.4053 852.0 18.0
3.0 37.7886 -122.4021 870.0 19.0
3.0 37.6179 -122.3854 894.0 20.0
3.0 37.6144 -122.3858 1002.0 21.0
4.0 37.7529 -122.4265 558.0 1.0
4.0 37.7551 -122.4187 588.0 2.0
4.0 37.7866 -122.3954 614.0 3.0
4.0 37.7858 -122.4059 623.0 4.0
4.0 37.7947 -122.4051 631.0 5.0
4.0 37.7908 -122.4207 660.0 6.0
4.0 37.7877 -122.4098 664.0 7.0
4.0 37.7858 -122.4049 682.0 8.0
4.0 37.7826 -122.3930 686.0 9.0
4.0 37.7840 -122.3984 693.0 10.0
4.0 37.7922 -122.4009 701.0 11.0
4.0 37.7810 -122.4120 711.0 12.0
4.0 37.7978 -122.4072 718.0 13.0
4.0 37.7867 -122.4048 730.0 14.0
4.0 37.7768 -122.3947 738.0 15.0
4.0 37.7513 -122.3951 757.0 16.0
4.0 37.7478 -122.4265 765.0 17.0
4.0 37.6151 -122.3901 851.0 18.0
4.0 37.7890 -122.4073 872.0 19.0
4.0 37.7941 -122.3968 887.0 20.0
4.0 37.8018 -122.4291 896.0 21.0
4.0 37.8058 -122.4129 912.0 22.0
4.0 37.7871 -122.4244 922.0 23.0
4.0 37.7918 -122.4039 936.0 24.0
4.0 37.7952 -122.4427 947.0 25.0
4.0 37.7984 -122.4358 951.0 26.0
4.0 37.7906 -122.4343 955.0 27.0
4.0 37.7977 -122.4381 959.0 28.0
4.0 37.7975 -122.4221 974.0 29.0
4.0 37.7659 -122.4500 992.0 30.0
4.0 37.7889 -122.4185 1009.0 31.0
4.0 37.7853 -122.4189 1012.0 32.0
4.0 37.7927 -122.4033 1019.0 33.0
5.0 37.7885 -122.4082 738.0 1.0
5.0 37.7653 -122.3968 764.0 2.0
5.0 37.7759 -122.4027 775.0 3.0
5.0 37.7532 -122.4015 781.0 4.0
5.0 37.7558 -122.4052 784.0 5.0
5.0 37.7847 -122.4195 797.0 6.0
5.0 37.7983 -122.4263 806.0 7.0
5.0 37.7854 -122.4056 816.0 8.0
5.0 37.7859 -122.4044 842.0 9.0
5.0 37.8075 -122.4136 855.0 10.0
5.0 37.8076 -122.4207 861.0 11.0
5.0 37.8004 -122.4345 868.0 12.0
5.0 37.6153 -122.3902 978.0 13.0
5.0 37.7855 -122.4091 997.0 14.0
5.0 37.7845 -122.4084 1002.0 15.0
5.0 37.7923 -122.4060 1011.0 16.0
5.0 37.8007 -122.4027 1019.0 17.0
lati longi low_tw
37.7006 -122.411 680.0
37.7978 -122.4198 943.0
37.7043 -122.4108 675.0
37.6909 -122.4635 806.0
37.8014 -122.4285 529.0
37.6963 -122.4613 541.0
37.7309 -122.4068 481.0
37.7318 -122.4056 738.0
37.6695 -122.4031 792.0
37.734 -122.4012 506.0
37.6699 -122.4056 840.0
37.6937 -122.4599 850.0
37.6962 -122.4581 852.0
37.6898 -122.4588 713.0
37.6942 -122.4593 749.0
37.7018 -122.4035 746.0
37.8036 -122.4205 619.0
37.6766 -122.3988 492.0
37.7006 -122.4076 693.0
37.7976 -122.4195 749.0
37.6979 -122.4069 849.0
37.732 -122.4046 670.0
37.7323 -122.4034 702.0
37.6873 -122.4633 666.0
37.6885 -122.4634 735.0
37.6876 -122.4596 798.0
37.6916 -122.4635 868.0
37.6918 -122.4585 648.0
37.6955 -122.4076 674.0
37.8062 -122.4228 597.0
37.73 -122.4067 702.0
37.6682 -122.4021 922.0
37.6891 -122.4598 807.0
37.6869 -122.4609 547.0
37.6961 -122.4021 875.0
37.8051 -122.4245 512.0
37.7988 -122.4189 586.0
37.7018 -122.403 620.0
37.6866 -122.4653 527.0
37.6961 -122.4089 830.0
37.8038 -122.4231 657.0
37.7033 -122.4033 658.0
37.6875 -122.4652 609.0
37.6728 -122.4063 656.0
37.6934 -122.4585 939.0
37.6948 -122.4594 697.0
37.7301 -122.4089 910.0
37.6874 -122.4574 692.0
37.7011 -122.4054 902.0
37.7032 -122.409 669.0
37.6682 -122.3996 680.0
37.7324 -122.4053 943.0
37.6693 -122.3979 675.0
37.8029 -122.4194 806.0
37.7311 -122.4069 529.0
37.8011 -122.4212 541.0
37.7024 -122.4023 481.0
37.7034 -122.4073 738.0
37.6889 -122.4627 792.0
37.696 -122.4018 506.0
37.6875 -122.4581 840.0
37.8037 -122.4286 850.0
37.7995 -122.4238 852.0
37.8011 -122.4278 713.0
37.7995 -122.4223 749.0
37.6747 -122.4049 746.0
37.73 -122.4005 619.0
37.6918 -122.4665 492.0
37.6738 -122.4061 693.0
37.7332 -122.4059 749.0
37.6682 -122.3992 849.0
37.6998 -122.4026 670.0
37.6957 -122.4045 702.0
37.8011 -122.4249 666.0
37.8023 -122.4265 735.0
37.7985 -122.4219 798.0
37.806 -122.4226 868.0
37.8044 -122.4209 648.0
37.6727 -122.4039 674.0
37.7276 -122.4042 597.0
37.6993 -122.407 702.0
37.6913 -122.4643 922.0
37.8003 -122.4284 807.0
37.8044 -122.4211 547.0
37.6693 -122.4062 875.0
37.7334 -122.4047 512.0
37.7298 -122.4008 586.0
37.6759 -122.4004 620.0
37.8051 -122.4208 527.0
37.6727 -122.3995 830.0
37.7329 -122.3994 657.0
37.6743 -122.402 658.0
37.8029 -122.4189 609.0
37.6916 -122.465 656.0
37.8037 -122.4253 939.0
37.7981 -122.4241 697.0
37.6994 -122.4029 910.0
37.7978 -122.4207 692.0
37.6709 -122.4026 902.0
37.6695 -122.3978 669.0
