cabid lati longi timestamp sequence
1.0 37.7507 -122.4011 560.0 1.0
1.0 37.7895 -122.4166 573.0 2.0
1.0 37.7870 -122.4110 632.0 3.0
1.0 37.6179 -122.3869 652.0 4.0
1.0 37.7768 -122.3956 683.0 5.0
1.0 37.7844 -122.4041 689.0 6.0
1.0 37.7915 -122.4105 738.0 7.0
1.0 37.7910 -122.3923 747.0 8.0
1.0 37.7634 -122.4588 767.0 9.0
1.0 37.7636 -122.4572 789.0 10.0
1.0 37.7766 -122.4297 799.0 11.0
1.0 37.7821 -122.4351 806.0 12.0
2.0 37.6156 -122.3977 627.0 1.0
2.0 37.8010 -122.4025 651.0 2.0
2.0 37.7969 -122.4009 653.0 3.0
2.0 37.7804 -122.4191 662.0 4.0
2.0 37.7791 -122.4190 667.0 5.0
2.0 37.7817 -122.4930 682.0 6.0
2.0 37.7815 -122.4932 698.0 7.0
2.0 37.7810 -122.4199 716.0 8.0
2.0 37.7731 -122.4166 724.0 9.0
2.0 37.7708 -122.4338 735.0 10.0
2.0 37.7859 -122.4430 746.0 11.0
2.0 37.7867 -122.4507 749.0 12.0
2.0 37.7834 -122.4580 762.0 13.0
2.0 37.7857 -122.4287 769.0 14.0
2.0 37.7922 -122.4037 783.0 15.0
2.0 37.7900 -122.4239 788.0 16.0
2.0 37.7922 -122.4035 811.0 17.0
2.0 37.7916 -122.4326 825.0 18.0
2.0 37.7917 -122.4337 829.0 19.0
2.0 37.7931 -122.4009 840.0 20.0
2.0 37.7925 -122.3973 846.0 21.0
2.0 37.7870 -122.4266 853.0 22.0
2.0 37.7529 -122.4091 913.0 23.0
2.0 37.8026 -122.4450 937.0 24.0
2.0 37.7912 -122.4310 949.0 25.0
2.0 37.7241 -122.4613 973.0 26.0
2.0 37.7554 -122.4210 989.0 27.0
2.0 37.7979 -122.4072 1007.0 28.0
2.0 37.7969 -122.4156 1014.0 29.0
3.0 37.7670 -122.4003 547.0 1.0
3.0 37.7766 -122.3954 563.0 2.0
3.0 37.7807 -122.4773 582.0 3.0
3.0 37.7848 -122.4440 604.0 4.0
3.0 37.7934 -122.3972 617.0 5.0
3.0 37.7964 -122.3969 630.0 6.0
3.0 37.7918 -122.4106 637.0 7.0
3.0 37.7872 -122.4011 657.0 8.0
3.0 37.7839 -122.3950 659.0 9.0
3.0 37.7821 -122.4039 687.0 10.0
3.0 37.7866 -122.3993 711.0 11.0
3.0 37.7755 -122.4094 716.0 12.0
3.0 37.6234 -122.4007 817.0 13.0
3.0 37.7891 -122.4048 838.0 14.0
3.0 37.8003 -122.4329 849.0 15.0
3.0 37.7998 -122.4362 856.0 16.0
3.0 37.7938 -122.4179 862.0 17.0
3.0 37.7857 -122.4138 866.0 18.0
3.0 37.7904 -122.4071 873.0 19.0
3.0 37.6161 -122.3881 1001.0 20.0
4.0 37.8049 -122.4052 546.0 1.0
4.0 37.7914 -122.3961 559.0 2.0
4.0 37.7790 -122.3975 564.0 3.0
4.0 37.7851 -122.4049 598.0 4.0
4.0 37.5920 -122.3630 725.0 5.0
4.0 37.6821 -122.3890 741.0 6.0
4.0 37.6155 -122.3880 762.0 7.0
4.0 37.6160 -122.3883 774.0 8.0
4.0 37.7809 -122.4944 802.0 9.0
4.0 37.7802 -122.4797 808.0 10.0
4.0 37.7698 -122.4492 818.0 11.0
4.0 37.7703 -122.4455 820.0 12.0
4.0 37.7925 -122.4062 834.0 13.0
4.0 37.7924 -122.4033 841.0 14.0
4.0 37.7948 -122.3966 845.0 15.0
4.0 37.7925 -122.3970 861.0 16.0
4.0 37.7905 -122.4209 870.0 17.0
4.0 37.7893 -122.4036 887.0 18.0
4.0 37.8010 -122.4414 896.0 19.0
4.0 37.7981 -122.4356 900.0 20.0
4.0 37.7971 -122.4280 904.0 21.0
4.0 37.7774 -122.4046 918.0 22.0
4.0 37.7172 -122.4418 931.0 23.0
4.0 37.7162 -122.4411 932.0 24.0
4.0 37.7080 -122.4271 937.0 25.0
5.0 37.7976 -122.4087 763.0 1.0
5.0 37.7788 -122.4148 776.0 2.0
5.0 37.7857 -122.4204 781.0 3.0
5.0 37.7838 -122.4194 784.0 4.0
5.0 37.7559 -122.4051 793.0 5.0
5.0 37.7663 -122.4014 798.0 6.0
5.0 37.7619 -122.4190 803.0 7.0
5.0 37.7637 -122.4194 805.0 8.0
5.0 37.7173 -122.4405 821.0 9.0
5.0 37.7174 -122.4405 822.0 10.0
5.0 37.7988 -122.4073 841.0 11.0
5.0 37.7915 -122.3990 853.0 12.0
5.0 37.6179 -122.3870 873.0 13.0
5.0 37.7798 -122.3919 933.0 14.0
5.0 37.7916 -122.4073 941.0 15.0
5.0 37.7922 -122.4064 942.0 16.0
5.0 37.7885 -122.4228 952.0 17.0
5.0 37.7928 -122.3975 962.0 18.0
5.0 37.7923 -122.4127 967.0 19.0
5.0 37.7901 -122.4085 970.0 20.0
5.0 37.7906 -122.3895 985.0 21.0
5.0 37.7959 -122.3945 987.0 22.0
5.0 37.7948 -122.4315 999.0 23.0
5.0 37.7974 -122.4356 1002.0 24.0
lati longi low_tw
37.7571 -122.488 860.0
37.7602 -122.4201 913.0
37.7647 -122.4804 912.0
37.7672 -122.4227 588.0
37.6653 -122.4783 933.0
37.7662 -122.4203 619.0
37.7329 -122.4324 574.0
37.7648 -122.4204 597.0
37.6669 -122.4781 717.0
37.7267 -122.4328 531.0
37.7666 -122.4226 908.0
37.759 -122.488 628.0
37.6934 -122.3812 618.0
37.6937 -122.3868 590.0
37.6887 -122.3809 551.0
37.7585 -122.4841 535.0
37.7596 -122.4241 738.0
37.6654 -122.4803 556.0
37.7632 -122.4884 595.0
37.6646 -122.4802 685.0
37.7245 -122.4298 860.0
37.6631 -122.4792 913.0
37.7255 -122.4351 912.0
37.6643 -122.4856 588.0
37.7605 -122.4867 933.0
37.6663 -122.4819 619.0
37.6968 -122.388 574.0
37.6653 -122.4846 597.0
37.765 -122.4816 717.0
37.6884 -122.3809 531.0
37.659 -122.4778 908.0
37.7332 -122.4266 628.0
37.7632 -122.4198 618.0
37.7663 -122.4253 590.0
37.7629 -122.4215 551.0
37.7268 -122.4354 535.0
37.6607 -122.481 738.0
37.7633 -122.4842 556.0
37.7314 -122.4292 595.0
37.7623 -122.4814 685.0
