cabid lati longi timestamp sequence
3.0 37.7983 -122.4010 585.0 9.0
3.0 37.7860 -122.4533 598.0 10.0
3.0 37.7921 -122.4307 610.0 11.0
3.0 37.7868 -122.4064 618.0 12.0
3.0 37.7931 -122.3946 639.0 13.0
3.0 37.7889 -122.4118 646.0 14.0
3.0 37.7916 -122.4074 655.0 15.0
3.0 37.6165 -122.3861 684.0 16.0
3.0 37.6152 -122.3902 691.0 17.0
3.0 37.6571 -122.4097 705.0 18.0
3.0 37.6147 -122.3960 721.0 19.0
3.0 37.8349 -122.2936 746.0 20.0
3.0 37.7909 -122.4021 783.0 21.0
3.0 37.7860 -122.4098 790.0 22.0
3.0 37.7877 -122.4101 793.0 23.0
3.0 37.7967 -122.4220 802.0 24.0
3.0 37.7929 -122.3976 824.0 25.0
3.0 37.7830 -122.4031 829.0 26.0
3.0 37.7858 -122.3970 840.0 27.0
3.0 37.7948 -122.4005 847.0 28.0
3.0 37.7943 -122.4001 848.0 29.0
3.0 37.7897 -122.4023 850.0 30.0
3.0 37.7894 -122.4025 851.0 31.0
3.0 37.7854 -122.4787 867.0 32.0
3.0 37.7734 -122.4652 874.0 33.0
3.0 37.7695 -122.4245 888.0 34.0
3.0 37.7806 -122.4187 896.0 35.0
3.0 37.7989 -122.4374 904.0 36.0
3.0 37.7989 -122.4359 906.0 37.0
3.0 37.8060 -122.4098 916.0 38.0
3.0 37.8061 -122.4098 917.0 39.0
3.0 37.8019 -122.4046 923.0 40.0
3.0 37.7934 -122.4000 931.0 41.0
3.0 37.7120 -122.2125 962.0 42.0
4.0 37.7635 -122.4195 747.0 1.0
4.0 37.7751 -122.4109 755.0 2.0
4.0 37.7843 -122.4076 759.0 3.0
4.0 37.7923 -122.3994 763.0 4.0
4.0 37.7829 -122.4097 768.0 5.0
4.0 37.7793 -122.4272 773.0 6.0
4.0 37.7370 -122.4316 791.0 7.0
4.0 37.7544 -122.4388 802.0 8.0
4.0 37.7608 -122.4350 805.0 9.0
4.0 37.7597 -122.4457 810.0 10.0
4.0 37.7619 -122.4185 821.0 11.0
4.0 37.7859 -122.4190 832.0 12.0
4.0 37.7829 -122.4207 835.0 13.0
4.0 37.8084 -122.4104 847.0 14.0
4.0 37.7831 -122.4473 960.0 15.0
4.0 37.7814 -122.4398 965.0 16.0
4.0 37.7855 -122.4110 981.0 17.0
4.0 37.7785 -122.4088 985.0 18.0
4.0 37.7961 -122.3963 1004.0 19.0
4.0 37.7803 -122.3902 1014.0 20.0
4.0 37.7800 -122.3898 1015.0 21.0
1.0 37.7735 -122.4493 541.0 1.0
1.0 37.7776 -122.4411 547.0 2.0
1.0 37.7805 -122.4782 556.0 3.0
1.0 37.7785 -122.4879 572.0 4.0
1.0 37.7873 -122.4472 583.0 5.0
1.0 37.7807 -122.4838 612.0 6.0
1.0 37.7807 -122.4749 615.0 7.0
1.0 37.7807 -122.4749 617.0 8.0
1.0 37.7809 -122.4656 622.0 9.0
1.0 37.7855 -122.4126 632.0 10.0
1.0 37.6235 -122.4006 765.0 11.0
1.0 37.7887 -122.4108 793.0 12.0
1.0 37.7690 -122.4201 803.0 13.0
1.0 37.7537 -122.4432 813.0 14.0
1.0 37.7334 -122.4342 834.0 15.0
1.0 37.7285 -122.4284 839.0 16.0
1.0 37.6172 -122.3874 867.0 17.0
1.0 37.6633 -122.3845 877.0 18.0
1.0 37.6178 -122.3858 896.0 19.0
2.0 37.6637 -122.3990 557.0 1.0
2.0 37.7720 -122.4180 573.0 2.0
2.0 37.7921 -122.3937 582.0 3.0
2.0 37.7919 -122.4111 591.0 4.0
2.0 37.6156 -122.3887 612.0 5.0
2.0 37.7846 -122.4072 632.0 6.0
2.0 37.7640 -122.4025 643.0 7.0
2.0 37.7664 -122.3970 646.0 8.0
2.0 37.7914 -122.4059 657.0 9.0
2.0 37.7892 -122.4158 692.0 10.0
2.0 37.7903 -122.4018 699.0 11.0
2.0 37.7842 -122.4174 711.0 12.0
2.0 37.7976 -122.4187 745.0 13.0
2.0 37.7832 -122.4193 760.0 14.0
2.0 37.7638 -122.3976 772.0 15.0
2.0 37.7649 -122.4014 774.0 16.0
2.0 37.7695 -122.4245 781.0 17.0
2.0 37.7921 -122.4090 812.0 18.0
2.0 37.7850 -122.4597 829.0 19.0
2.0 37.7829 -122.4683 836.0 20.0
2.0 37.7707 -122.4153 864.0 21.0
2.0 37.7930 -122.4012 926.0 22.0
2.0 37.7951 -122.4012 927.0 23.0
2.0 37.7945 -122.3974 953.0 24.0
2.0 37.8001 -122.4411 967.0 25.0
2.0 37.8005 -122.4387 970.0 26.0
2.0 37.8017 -122.4248 973.0 27.0
2.0 37.7973 -122.4061 982.0 28.0
2.0 37.7768 -122.4197 1003.0 29.0
2.0 37.7614 -122.4281 1014.0 30.0
3.0 37.7439 -122.4391 542.0 1.0
3.0 37.7621 -122.4419 558.0 2.0
3.0 37.7775 -122.4434 566.0 3.0
3.0 37.7706 -122.4323 576.0 4.0
3.0 37.7871 -122.3944 588.0 5.0
3.0 37.7869 -122.4048 595.0 6.0
lati longi low_tw
37.6613 -122.4777 650.0
37.7659 -122.4677 869.0
37.6602 -122.4709 547.0
37.7591 -122.4708 741.0
37.6539 -122.4732 579.0
37.655 -122.4735 736.0
37.7363 -122.4472 952.0
37.6916 -122.3849 866.0
37.6925 -122.386 605.0
37.7639 -122.4735 809.0
37.6951 -122.3925 530.0
37.664 -122.4388 536.0
37.6915 -122.3937 748.0
37.6539 -122.4729 647.0
37.7331 -122.4465 495.0
37.6618 -122.4786 699.0
37.7337 -122.4514 677.0
37.7383 -122.4434 653.0
37.6913 -122.3846 928.0
37.7411 -122.4446 589.0
37.6628 -122.4733 953.0
37.6553 -122.4771 527.0
37.6704 -122.4453 929.0
37.7591 -122.477 928.0
37.739 -122.4441 949.0
37.6575 -122.4777 858.0
37.739 -122.4475 534.0
37.7391 -122.4491 880.0
37.7412 -122.4447 783.0
37.7597 -122.4712 566.0
37.7388 -122.4474 919.0
37.6628 -122.4467 878.0
37.6595 -122.4784 744.0
37.671 -122.4459 672.0
37.665 -122.4475 853.0
37.7612 -122.4747 823.0
37.6608 -122.4768 902.0
37.7346 -122.4426 939.0
37.7367 -122.4467 519.0
37.7658 -122.4742 805.0
37.69 -122.3882 845.0
37.6915 -122.3891 501.0
37.7653 -122.4708 507.0
37.763 -122.4771 865.0
37.7663 -122.4742 838.0
37.6695 -122.4387 495.0
37.7427 -122.4487 771.0
37.7646 -122.4704 524.0
37.6579 -122.4766 581.0
37.6532 -122.4792 521.0
37.7339 -122.447 650.0
37.6982 -122.3908 869.0
37.7412 -122.4444 547.0
37.6913 -122.3845 741.0
37.7332 -122.4495 579.0
37.734 -122.4512 736.0
37.7621 -122.4716 952.0
37.6711 -122.4432 866.0
37.6622 -122.4391 605.0
37.6987 -122.3933 809.0
37.6716 -122.4431 530.0
37.6601 -122.4753 536.0
37.6659 -122.4438 748.0
37.7413 -122.4469 647.0
37.7686 -122.4741 495.0
37.7341 -122.4495 699.0
37.7676 -122.4691 677.0
37.764 -122.4732 653.0
37.6707 -122.4396 928.0
37.7636 -122.4757 589.0
37.7347 -122.4519 953.0
37.7423 -122.445 527.0
37.6573 -122.4776 929.0
37.6956 -122.3898 928.0
37.7595 -122.477 949.0
37.7353 -122.4519 858.0
37.765 -122.4693 534.0
37.7601 -122.4727 880.0
37.7652 -122.4711 783.0
37.6939 -122.3943 566.0
37.7678 -122.4747 919.0
37.6532 -122.471 878.0
37.7363 -122.4464 744.0
37.6609 -122.4782 672.0
37.6536 -122.4756 853.0
37.6971 -122.3933 823.0
37.7404 -122.449 902.0
37.7644 -122.4754 939.0
37.7653 -122.4731 519.0
37.6984 -122.3924 805.0
37.6634 -122.4428 845.0
37.662 -122.4376 501.0
37.6976 -122.3934 507.0
37.6926 -122.3864 865.0
37.6915 -122.3883 838.0
37.6594 -122.4707 495.0
37.7604 -122.468 771.0
37.6945 -122.3845 524.0
37.7368 -122.4431 581.0
37.7417 -122.4478 521.0
