cabid lati longi timestamp sequence
1.0 37.7910 -122.4330 544.0 1.0
1.0 37.7879 -122.4337 547.0 2.0
1.0 37.7517 -122.4284 560.0 3.0
1.0 37.7606 -122.4349 564.0 4.0
1.0 37.7780 -122.4218 571.0 5.0
1.0 37.7802 -122.4187 573.0 6.0
1.0 37.7813 -122.4222 576.0 7.0
1.0 37.7872 -122.4175 579.0 8.0
1.0 37.7821 -122.4686 588.0 9.0
1.0 37.7814 -122.4752 595.0 10.0
1.0 37.7835 -122.3992 621.0 11.0
1.0 37.7525 -122.3929 642.0 12.0
1.0 37.7764 -122.4021 646.0 13.0
1.0 37.7779 -122.4001 647.0 14.0
1.0 37.7914 -122.3997 654.0 15.0
1.0 37.7572 -122.4066 677.0 16.0
1.0 37.7701 -122.4454 691.0 17.0
1.0 37.7626 -122.4333 699.0 18.0
1.0 37.6153 -122.3971 721.0 19.0
1.0 37.7596 -122.4099 741.0 20.0
1.0 37.7677 -122.3936 748.0 21.0
1.0 37.7877 -122.4098 762.0 22.0
1.0 37.8084 -122.4101 773.0 23.0
1.0 37.7978 -122.4301 788.0 24.0
2.0 37.7965 -122.4219 545.0 1.0
2.0 37.7945 -122.4002 603.0 2.0
2.0 37.6293 -122.4194 623.0 3.0
2.0 37.6151 -122.3919 731.0 4.0
2.0 37.7920 -122.4072 751.0 5.0
2.0 37.7906 -122.3947 762.0 6.0
2.0 37.7836 -122.4328 774.0 7.0
2.0 37.7892 -122.4019 785.0 8.0
2.0 37.7854 -122.3965 787.0 9.0
2.0 37.7879 -122.3901 837.0 10.0
2.0 37.8011 -122.4489 867.0 11.0
2.0 37.7988 -122.4342 882.0 12.0
2.0 37.7781 -122.4356 893.0 13.0
2.0 37.7804 -122.4188 898.0 14.0
2.0 37.7925 -122.3986 908.0 15.0
2.0 37.7898 -122.3903 911.0 16.0
2.0 37.7919 -122.4038 917.0 17.0
2.0 37.7947 -122.4051 965.0 18.0
2.0 37.7801 -122.3900 977.0 19.0
2.0 37.7844 -122.3997 983.0 20.0
2.0 37.7732 -122.4219 991.0 21.0
2.0 37.7738 -122.4243 995.0 22.0
2.0 37.7485 -122.4575 1008.0 23.0
3.0 37.7895 -122.4001 546.0 1.0
3.0 37.7928 -122.3945 548.0 2.0
3.0 37.7942 -122.4064 566.0 3.0
3.0 37.7919 -122.4107 571.0 4.0
3.0 37.7922 -122.4074 572.0 5.0
3.0 37.8000 -122.4106 577.0 6.0
3.0 37.8000 -122.4107 579.0 7.0
3.0 37.8051 -122.4035 583.0 8.0
3.0 37.7983 -122.4010 585.0 9.0
3.0 37.7860 -122.4533 598.0 10.0
3.0 37.7921 -122.4307 610.0 11.0
3.0 37.7868 -122.4064 618.0 12.0
3.0 37.7931 -122.3946 639.0 13.0
3.0 37.7889 -122.4118 646.0 14.0
3.0 37.7916 -122.4074 655.0 15.0
3.0 37.6165 -122.3861 684.0 16.0
3.0 37.6152 -122.3902 691.0 17.0
3.0 37.6571 -122.4097 705.0 18.0
3.0 37.6147 -122.3960 721.0 19.0
3.0 37.8349 -122.2936 746.0 20.0
3.0 37.7909 -122.4021 783.0 21.0
3.0 37.7860 -122.4098 790.0 22.0
3.0 37.7877 -122.4101 793.0 23.0
3.0 37.7967 -122.4220 802.0 24.0
3.0 37.7929 -122.3976 824.0 25.0
3.0 37.7830 -122.4031 829.0 26.0
3.0 37.7858 -122.3970 840.0 27.0
3.0 37.7948 -122.4005 847.0 28.0
3.0 37.7943 -122.4001 848.0 29.0
3.0 37.7897 -122.4023 850.0 30.0
3.0 37.7894 -122.4025 851.0 31.0
3.0 37.7854 -122.4787 867.0 32.0
3.0 37.7734 -122.4652 874.0 33.0
3.0 37.7695 -122.4245 888.0 34.0
3.0 37.7806 -122.4187 896.0 35.0
3.0 37.7989 -122.4374 904.0 36.0
3.0 37.7989 -122.4359 906.0 37.0
3.0 37.8060 -122.4098 916.0 38.0
3.0 37.8061 -122.4098 917.0 39.0
3.0 37.8019 -122.4046 923.0 40.0
3.0 37.7934 -122.4000 931.0 41.0
3.0 37.7120 -122.2125 962.0 42.0
4.0 37.7635 -122.4195 747.0 1.0
4.0 37.7751 -122.4109 755.0 2.0
4.0 37.7843 -122.4076 759.0 3.0
4.0 37.7923 -122.3994 763.0 4.0
4.0 37.7829 -122.4097 768.0 5.0
4.0 37.7793 -122.4272 773.0 6.0
4.0 37.7370 -122.4316 791.0 7.0
4.0 37.7544 -122.4388 802.0 8.0
4.0 37.7608 -122.4350 805.0 9.0
4.0 37.7597 -122.4457 810.0 10.0
4.0 37.7619 -122.4185 821.0 11.0
4.0 37.7859 -122.4190 832.0 12.0
4.0 37.7829 -122.4207 835.0 13.0
4.0 37.8084 -122.4104 847.0 14.0
4.0 37.7831 -122.4473 960.0 15.0
4.0 37.7814 -122.4398 965.0 16.0
4.0 37.7855 -122.4110 981.0 17.0
4.0 37.7785 -122.4088 985.0 18.0
4.0 37.7961 -122.3963 1004.0 19.0
4.0 37.7803 -122.3902 1014.0 20.0
4.0 37.7800 -122.3898 1015.0 21.0
lati longi low_tw
37.7836 -122.4717 740.0
37.7364 -122.4501 855.0
37.7003 -122.3973 906.0
37.6995 -122.4023 632.0
37.7388 -122.4553 781.0
37.7849 -122.4745 775.0
37.7142 -122.4616 758.0
37.704 -122.4014 796.0
37.7048 -122.4021 567.0
37.7204 -122.4611 581.0
37.6692 -122.4351 564.0
37.6637 -122.4334 665.0
37.6662 -122.4283 631.0
37.7191 -122.4629 825.0
37.777 -122.4684 636.0
37.7145 -122.465 594.0
37.7765 -122.4679 496.0
37.7392 -122.4501 685.0
37.7396 -122.4565 879.0
37.7763 -122.466 557.0
37.7417 -122.4512 782.0
37.7357 -122.4505 882.0
37.7769 -122.4743 879.0
37.7835 -122.4708 597.0
37.6967 -122.4025 512.0
37.6994 -122.3984 678.0
37.721 -122.4585 756.0
37.7212 -122.4585 638.0
37.7144 -122.4605 805.0
37.7364 -122.4579 848.0
37.7159 -122.4652 675.0
37.6641 -122.4344 677.0
37.6698 -122.4347 636.0
37.6964 -122.4001 889.0
37.6705 -122.43 560.0
37.7024 -122.4035 502.0
37.705 -122.4039 870.0
37.7189 -122.4615 811.0
37.6703 -122.4306 614.0
37.7845 -122.4752 800.0
37.7046 -122.4003 740.0
37.7803 -122.4693 855.0
37.6663 -122.4333 906.0
37.6614 -122.4288 632.0
37.7773 -122.4675 781.0
37.7052 -122.4059 775.0
37.7356 -122.4569 758.0
37.6698 -122.4344 796.0
37.6674 -122.4315 567.0
37.7353 -122.4499 581.0
37.7179 -122.4568 564.0
37.7175 -122.4644 665.0
37.7175 -122.4585 631.0
37.7391 -122.4506 825.0
37.7018 -122.3966 636.0
37.7412 -122.4537 594.0
37.7024 -122.4035 496.0
37.7857 -122.4662 685.0
37.7834 -122.4673 879.0
37.6964 -122.3973 557.0
37.785 -122.4662 782.0
37.78 -122.4721 882.0
37.6955 -122.4048 879.0
37.6999 -122.4028 597.0
37.6623 -122.4269 512.0
37.6625 -122.4337 678.0
37.7394 -122.4563 756.0
37.7366 -122.4529 638.0
37.7413 -122.4519 805.0
37.7795 -122.4675 848.0
37.7382 -122.4514 675.0
37.7199 -122.4567 677.0
37.7136 -122.4636 636.0
37.6665 -122.4362 889.0
37.7215 -122.4645 560.0
37.6692 -122.4278 502.0
37.6695 -122.4272 870.0
37.7406 -122.4497 811.0
37.7125 -122.4652 614.0
37.6982 -122.4031 800.0
