cabid lati longi timestamp sequence
1.0 37.7507 -122.4011 560.0 1.0
1.0 37.7895 -122.4166 573.0 2.0
1.0 37.7870 -122.4110 632.0 3.0
1.0 37.6179 -122.3869 652.0 4.0
1.0 37.7768 -122.3956 683.0 5.0
1.0 37.7844 -122.4041 689.0 6.0
1.0 37.7915 -122.4105 738.0 7.0
1.0 37.7910 -122.3923 747.0 8.0
1.0 37.7634 -122.4588 767.0 9.0
1.0 37.7636 -122.4572 789.0 10.0
1.0 37.7766 -122.4297 799.0 11.0
1.0 37.7821 -122.4351 806.0 12.0
2.0 37.6156 -122.3977 627.0 1.0
2.0 37.8010 -122.4025 651.0 2.0
2.0 37.7969 -122.4009 653.0 3.0
2.0 37.7804 -122.4191 662.0 4.0
2.0 37.7791 -122.4190 667.0 5.0
2.0 37.7817 -122.4930 682.0 6.0
2.0 37.7815 -122.4932 698.0 7.0
2.0 37.7810 -122.4199 716.0 8.0
2.0 37.7731 -122.4166 724.0 9.0
2.0 37.7708 -122.4338 735.0 10.0
2.0 37.7859 -122.4430 746.0 11.0
2.0 37.7867 -122.4507 749.0 12.0
2.0 37.7834 -122.4580 762.0 13.0
2.0 37.7857 -122.4287 769.0 14.0
2.0 37.7922 -122.4037 783.0 15.0
2.0 37.7900 -122.4239 788.0 16.0
2.0 37.7922 -122.4035 811.0 17.0
2.0 37.7916 -122.4326 825.0 18.0
2.0 37.7917 -122.4337 829.0 19.0
2.0 37.7931 -122.4009 840.0 20.0
2.0 37.7925 -122.3973 846.0 21.0
2.0 37.7870 -122.4266 853.0 22.0
2.0 37.7529 -122.4091 913.0 23.0
2.0 37.8026 -122.4450 937.0 24.0
2.0 37.7912 -122.4310 949.0 25.0
2.0 37.7241 -122.4613 973.0 26.0
2.0 37.7554 -122.4210 989.0 27.0
2.0 37.7979 -122.4072 1007.0 28.0
2.0 37.7969 -122.4156 1014.0 29.0
3.0 37.7670 -122.4003 547.0 1.0
3.0 37.7766 -122.3954 563.0 2.0
3.0 37.7807 -122.4773 582.0 3.0
3.0 37.7848 -122.4440 604.0 4.0
3.0 37.7934 -122.3972 617.0 5.0
3.0 37.7964 -122.3969 630.0 6.0
3.0 37.7918 -122.4106 637.0 7.0
3.0 37.7872 -122.4011 657.0 8.0
3.0 37.7839 -122.3950 659.0 9.0
3.0 37.7821 -122.4039 687.0 10.0
3.0 37.7866 -122.3993 711.0 11.0
3.0 37.7755 -122.4094 716.0 12.0
3.0 37.6234 -122.4007 817.0 13.0
3.0 37.7891 -122.4048 838.0 14.0
3.0 37.8003 -122.4329 849.0 15.0
3.0 37.7998 -122.4362 856.0 16.0
3.0 37.7938 -122.4179 862.0 17.0
3.0 37.7857 -122.4138 866.0 18.0
3.0 37.7904 -122.4071 873.0 19.0
3.0 37.6161 -122.3881 1001.0 20.0
4.0 37.8049 -122.4052 546.0 1.0
4.0 37.7914 -122.3961 559.0 2.0
4.0 37.7790 -122.3975 564.0 3.0
4.0 37.7851 -122.4049 598.0 4.0
4.0 37.5920 -122.3630 725.0 5.0
4.0 37.6821 -122.3890 741.0 6.0
4.0 37.6155 -122.3880 762.0 7.0
4.0 37.6160 -122.3883 774.0 8.0
4.0 37.7809 -122.4944 802.0 9.0
4.0 37.7802 -122.4797 808.0 10.0
4.0 37.7698 -122.4492 818.0 11.0
4.0 37.7703 -122.4455 820.0 12.0
4.0 37.7925 -122.4062 834.0 13.0
4.0 37.7924 -122.4033 841.0 14.0
4.0 37.7948 -122.3966 845.0 15.0
4.0 37.7925 -122.3970 861.0 16.0
4.0 37.7905 -122.4209 870.0 17.0
4.0 37.7893 -122.4036 887.0 18.0
4.0 37.8010 -122.4414 896.0 19.0
4.0 37.7981 -122.4356 900.0 20.0
4.0 37.7971 -122.4280 904.0 21.0
4.0 37.7774 -122.4046 918.0 22.0
4.0 37.7172 -122.4418 931.0 23.0
4.0 37.7162 -122.4411 932.0 24.0
4.0 37.7080 -122.4271 937.0 25.0
5.0 37.7976 -122.4087 763.0 1.0
5.0 37.7788 -122.4148 776.0 2.0
5.0 37.7857 -122.4204 781.0 3.0
5.0 37.7838 -122.4194 784.0 4.0
5.0 37.7559 -122.4051 793.0 5.0
5.0 37.7663 -122.4014 798.0 6.0
5.0 37.7619 -122.4190 803.0 7.0
5.0 37.7637 -122.4194 805.0 8.0
5.0 37.7173 -122.4405 821.0 9.0
5.0 37.7174 -122.4405 822.0 10.0
5.0 37.7988 -122.4073 841.0 11.0
5.0 37.7915 -122.3990 853.0 12.0
5.0 37.6179 -122.3870 873.0 13.0
5.0 37.7798 -122.3919 933.0 14.0
5.0 37.7916 -122.4073 941.0 15.0
5.0 37.7922 -122.4064 942.0 16.0
5.0 37.7885 -122.4228 952.0 17.0
5.0 37.7928 -122.3975 962.0 18.0
5.0 37.7923 -122.4127 967.0 19.0
5.0 37.7901 -122.4085 970.0 20.0
5.0 37.7906 -122.3895 985.0 21.0
5.0 37.7959 -122.3945 987.0 22.0
5.0 37.7948 -122.4315 999.0 23.0
5.0 37.7974 -122.4356 1002.0 24.0
lati longi low_tw
37.78 -122.435 860.0
37.7578 -122.4635 913.0
37.6736 -122.4589 912.0
37.7738 -122.4354 588.0
37.7596 -122.4658 933.0
37.7058 -122.4702 619.0
37.7755 -122.4269 574.0
37.7758 -122.4325 597.0
37.7707 -122.4267 717.0
37.7053 -122.4663 531.0
37.7526 -122.4673 908.0
37.6721 -122.4611 628.0
37.71 -122.4706 618.0
37.6713 -122.4611 590.0
37.7611 -122.4695 551.0
37.6687 -122.4656 535.0
37.7036 -122.463 738.0
37.713 -122.4639 556.0
37.7529 -122.4624 595.0
37.773 -122.4295 685.0
37.7769 -122.4348 507.0
37.7091 -122.4647 900.0
37.7718 -122.4301 601.0
37.7609 -122.4622 483.0
37.6726 -122.4653 821.0
37.7528 -122.4632 918.0
37.6725 -122.4628 830.0
37.7541 -122.4681 645.0
37.7715 -122.4267 717.0
37.7737 -122.4282 680.0
37.6732 -122.4616 693.0
37.7709 -122.4311 520.0
37.7605 -122.4636 590.0
37.6708 -122.4586 501.0
37.7565 -122.467 770.0
37.711 -122.4647 829.0
37.7075 -122.4672 520.0
37.7707 -122.4271 844.0
37.76 -122.4652 716.0
37.7712 -122.4314 820.0
37.7799 -122.4303 732.0
37.7546 -122.4676 883.0
37.7062 -122.4626 952.0
37.7042 -122.472 548.0
37.7081 -122.4699 515.0
37.7778 -122.43 808.0
37.779 -122.4347 854.0
37.7739 -122.4356 720.0
37.7809 -122.4332 774.0
37.7103 -122.4625 514.0
37.7789 -122.4338 860.0
37.672 -122.4654 913.0
37.7118 -122.4638 912.0
37.7704 -122.4266 588.0
37.6657 -122.4587 933.0
37.7802 -122.4292 619.0
37.7562 -122.4629 574.0
37.7593 -122.4685 597.0
37.756 -122.4646 717.0
37.7738 -122.438 531.0
37.6674 -122.4618 908.0
37.7101 -122.4664 628.0
37.7785 -122.4318 618.0
37.7091 -122.4636 590.0
37.6725 -122.4618 551.0
37.7082 -122.4681 535.0
37.7724 -122.43 738.0
37.7783 -122.4382 556.0
37.6726 -122.4635 595.0
37.7754 -122.4298 685.0
37.7772 -122.4275 507.0
37.776 -122.4379 900.0
37.774 -122.435 601.0
37.6683 -122.4669 483.0
37.7127 -122.4669 821.0
37.6711 -122.4606 918.0
37.7091 -122.4695 830.0
37.668 -122.4625 645.0
37.7583 -122.4665 717.0
37.7589 -122.4679 680.0
37.7033 -122.4686 693.0
37.7573 -122.4653 520.0
37.6705 -122.4663 590.0
37.7109 -122.471 501.0
37.6725 -122.4669 770.0
37.7784 -122.4293 829.0
37.7799 -122.436 520.0
37.7558 -122.4622 844.0
37.6665 -122.4646 716.0
37.7617 -122.4655 820.0
37.776 -122.4267 732.0
37.6654 -122.4622 883.0
37.7784 -122.4379 952.0
37.7737 -122.4317 548.0
37.7804 -122.4357 515.0
37.7598 -122.4681 808.0
37.7791 -122.4333 854.0
37.7727 -122.4334 720.0
37.7756 -122.432 774.0
37.7742 -122.437 514.0
