cabid lati longi timestamp sequence
1.0 37.7916 -122.4074 585.0 1.0
1.0 37.7679 -122.4366 599.0 2.0
1.0 37.7721 -122.4307 612.0 3.0
2.0 37.7876 -122.4067 548.0 1.0
2.0 37.7843 -122.4330 553.0 2.0
2.0 37.7829 -122.4327 558.0 3.0
2.0 37.7814 -122.4580 566.0 4.0
2.0 37.7829 -122.4589 567.0 5.0
2.0 37.7850 -122.4195 579.0 6.0
2.0 37.7908 -122.4326 590.0 7.0
2.0 37.7883 -122.4027 603.0 8.0
2.0 37.7874 -122.4453 621.0 9.0
2.0 37.7935 -122.3973 636.0 10.0
2.0 37.7888 -122.4096 644.0 11.0
2.0 37.7958 -122.4308 651.0 12.0
2.0 37.7871 -122.4484 660.0 13.0
2.0 37.7893 -122.4071 670.0 14.0
2.0 37.7829 -122.4307 775.0 15.0
2.0 37.7841 -122.4043 783.0 16.0
2.0 37.6152 -122.3902 822.0 17.0
2.0 37.7897 -122.4115 845.0 18.0
2.0 37.7876 -122.4149 864.0 19.0
2.0 37.7892 -122.4170 870.0 20.0
2.0 37.7873 -122.4078 875.0 21.0
2.0 37.7861 -122.4185 879.0 22.0
2.0 37.7722 -122.4085 889.0 23.0
2.0 37.7923 -122.4211 901.0 24.0
2.0 37.7773 -122.4136 912.0 25.0
3.0 37.7039 -122.3938 553.0 1.0
3.0 37.7488 -122.4097 579.0 2.0
3.0 37.7868 -122.4043 592.0 3.0
3.0 37.7812 -122.4794 650.0 4.0
3.0 37.7863 -122.4540 655.0 5.0
3.0 37.7929 -122.4008 668.0 6.0
3.0 37.7893 -122.4018 674.0 7.0
3.0 37.7884 -122.4139 678.0 8.0
3.0 37.7715 -122.4675 695.0 9.0
3.0 37.7918 -122.4096 712.0 10.0
3.0 37.7879 -122.4090 716.0 11.0
3.0 37.7852 -122.4328 723.0 12.0
3.0 37.7714 -122.4677 735.0 13.0
3.0 37.7983 -122.4357 760.0 14.0
3.0 37.8003 -122.4103 770.0 15.0
3.0 37.7830 -122.4601 783.0 16.0
4.0 37.6144 -122.3962 547.0 1.0
4.0 37.7761 -122.4050 563.0 2.0
4.0 37.6160 -122.3886 605.0 3.0
4.0 37.7902 -122.4044 625.0 4.0
4.0 37.7902 -122.4044 626.0 5.0
4.0 37.7867 -122.4021 643.0 6.0
4.0 37.7834 -122.4025 650.0 7.0
4.0 37.7866 -122.4031 665.0 8.0
4.0 37.6158 -122.3901 684.0 9.0
4.0 37.6163 -122.3864 690.0 10.0
4.0 37.7747 -122.4245 708.0 11.0
4.0 37.7540 -122.4102 715.0 12.0
4.0 37.7964 -122.4052 730.0 13.0
4.0 37.7890 -122.3964 767.0 14.0
4.0 37.7633 -122.2162 801.0 15.0
4.0 37.7853 -122.3996 843.0 16.0
4.0 37.7778 -122.3914 849.0 17.0
5.0 37.7839 -122.4078 545.0 1.0
5.0 37.7934 -122.3925 551.0 2.0
5.0 37.7872 -122.4078 585.0 3.0
5.0 37.7944 -122.4032 591.0 4.0
5.0 37.7952 -122.3993 593.0 5.0
5.0 37.7844 -122.4392 604.0 6.0
5.0 37.7881 -122.4075 650.0 7.0
5.0 37.7934 -122.4418 662.0 8.0
5.0 37.7871 -122.4094 710.0 9.0
5.0 37.7814 -122.4180 714.0 10.0
5.0 37.7879 -122.4202 718.0 11.0
5.0 37.7585 -122.4191 728.0 12.0
5.0 37.7598 -122.4215 738.0 13.0
5.0 37.7742 -122.4048 749.0 14.0
5.0 37.7767 -122.3954 772.0 15.0
5.0 37.7682 -122.4290 783.0 16.0
5.0 37.7692 -122.4290 784.0 17.0
5.0 37.7900 -122.4305 795.0 18.0
5.0 37.7849 -122.4356 807.0 19.0
5.0 37.7753 -122.4224 815.0 20.0
5.0 37.7892 -122.4082 836.0 21.0
5.0 37.7937 -122.3960 843.0 22.0
5.0 37.7901 -122.4028 849.0 23.0
5.0 37.7891 -122.3951 854.0 24.0
5.0 37.7894 -122.4082 859.0 25.0
5.0 37.7908 -122.4325 867.0 26.0
5.0 37.7907 -122.4325 869.0 27.0
5.0 37.7780 -122.4232 877.0 28.0
5.0 37.7943 -122.3996 920.0 29.0
5.0 37.6161 -122.3890 948.0 30.0
5.0 37.7632 -122.3890 965.0 31.0
5.0 37.6154 -122.3927 980.0 32.0
5.0 37.7820 -122.3922 1008.0 33.0
5.0 37.7934 -122.3931 1017.0 34.0
5.0 37.7935 -122.3963 1019.0 35.0
6.0 37.6158 -122.3884 624.0 1.0
6.0 37.4856 -122.1856 645.0 2.0
6.0 37.6152 -122.3902 748.0 3.0
6.0 37.4375 -122.1233 772.0 4.0
6.0 37.6151 -122.3902 875.0 5.0
6.0 37.7944 -122.4186 899.0 6.0
6.0 37.6224 -122.4000 995.0 7.0
7.0 37.7901 -122.3912 824.0 1.0
7.0 37.7870 -122.4105 831.0 2.0
7.0 37.7927 -122.4044 837.0 3.0
7.0 37.7904 -122.3904 844.0 4.0
7.0 37.6179 -122.3868 863.0 5.0
7.0 37.6151 -122.3902 961.0 6.0
7.0 37.7843 -122.4077 979.0 7.0
lati longi low_tw
37.7046 -122.4481 500.0
37.7968 -122.4765 492.0
37.7275 -122.3896 919.0
37.729 -122.3916 543.0
37.7463 -122.4362 605.0
37.7273 -122.3851 943.0
37.7955 -122.4776 869.0
37.7495 -122.4351 878.0
37.7447 -122.4375 867.0
37.7424 -122.443 481.0
37.7091 -122.4489 772.0
37.7902 -122.4816 592.0
37.7058 -122.4466 606.0
37.7515 -122.4365 836.0
37.7434 -122.4344 946.0
37.7353 -122.3945 956.0
37.7427 -122.4381 499.0
37.6795 -122.4918 907.0
37.7901 -122.4835 790.0
37.7055 -122.4443 812.0
37.6816 -122.4864 712.0
37.7041 -122.446 919.0
37.7449 -122.4407 803.0
37.7342 -122.3894 850.0
37.7121 -122.4454 649.0
37.7473 -122.4401 678.0
37.7105 -122.4447 905.0
37.6767 -122.4883 652.0
37.7094 -122.4459 630.0
37.7471 -122.4397 513.0
37.7509 -122.4387 711.0
37.7989 -122.4853 844.0
37.7123 -122.4492 544.0
37.7931 -122.4783 593.0
37.705 -122.4454 499.0
37.7264 -122.3939 676.0
37.7308 -122.3908 651.0
37.7947 -122.4828 877.0
37.7511 -122.4397 819.0
37.7904 -122.4857 840.0
37.7987 -122.4813 582.0
37.7508 -122.4345 912.0
37.7985 -122.4798 746.0
37.7343 -122.3873 764.0
37.7929 -122.4791 884.0
37.7519 -122.4387 586.0
37.6813 -122.4838 486.0
37.7096 -122.4529 663.0
37.7272 -122.3897 551.0
37.705 -122.4507 824.0
37.7931 -122.4765 542.0
37.7092 -122.4507 771.0
37.711 -122.4451 589.0
37.7091 -122.4472 924.0
37.7117 -122.4455 544.0
37.7079 -122.4502 796.0
37.6851 -122.4895 919.0
37.7945 -122.4815 797.0
37.7996 -122.4825 552.0
37.7122 -122.4513 609.0
37.7452 -122.4386 643.0
37.7996 -122.4781 618.0
37.7275 -122.3932 865.0
37.7451 -122.4384 637.0
37.7078 -122.4479 573.0
37.7521 -122.443 949.0
37.7932 -122.4837 808.0
37.7458 -122.4379 522.0
37.7117 -122.4526 672.0
37.7491 -122.4384 753.0
37.75 -122.4385 500.0
37.6851 -122.4865 492.0
37.7914 -122.4857 919.0
37.7904 -122.4801 543.0
37.7265 -122.3912 605.0
37.7998 -122.4771 943.0
37.6848 -122.4895 869.0
37.7322 -122.39 878.0
37.7336 -122.3908 867.0
37.7281 -122.3912 481.0
37.7503 -122.4361 772.0
37.6757 -122.4832 592.0
37.7472 -122.4355 606.0
37.7287 -122.3929 836.0
37.7313 -122.3865 946.0
37.797 -122.4768 956.0
37.7302 -122.388 499.0
37.7077 -122.4462 907.0
37.683 -122.4896 790.0
37.7478 -122.4364 812.0
37.7042 -122.4446 712.0
37.7498 -122.4365 919.0
37.7279 -122.3848 803.0
37.7924 -122.4852 850.0
37.7478 -122.4424 649.0
37.7303 -122.3878 678.0
37.751 -122.4386 905.0
37.7071 -122.4533 652.0
37.7438 -122.4439 630.0
37.7329 -122.3903 513.0
37.7322 -122.3933 711.0
37.6812 -122.4832 844.0
37.7492 -122.44 544.0
37.6796 -122.4884 593.0
37.7476 -122.4405 499.0
37.7921 -122.4769 676.0
37.7958 -122.477 651.0
37.6795 -122.4878 877.0
37.7305 -122.3849 819.0
37.6829 -122.4846 840.0
37.6802 -122.4881 582.0
37.7307 -122.3875 912.0
37.6853 -122.4882 746.0
37.7993 -122.4829 764.0
37.6772 -122.4885 884.0
37.7272 -122.3876 586.0
37.7071 -122.4538 486.0
37.7499 -122.4349 663.0
37.7982 -122.486 551.0
37.745 -122.4389 824.0
37.6818 -122.4886 542.0
37.7423 -122.4378 771.0
37.7516 -122.4351 589.0
37.751 -122.4373 924.0
37.7445 -122.4424 544.0
37.7519 -122.4439 796.0
37.7121 -122.4534 919.0
37.6813 -122.4885 797.0
37.6851 -122.4856 552.0
37.7495 -122.4432 609.0
37.7322 -122.3883 643.0
37.676 -122.486 618.0
37.7903 -122.4786 865.0
37.7276 -122.3881 637.0
37.7443 -122.4395 573.0
37.7311 -122.39 949.0
37.6839 -122.4902 808.0
37.7287 -122.389 522.0
37.748 -122.4412 672.0
37.7265 -122.385 753.0
