cabid lati longi timestamp sequence
3.0 37.7983 -122.4010 585.0 9.0
3.0 37.7860 -122.4533 598.0 10.0
3.0 37.7921 -122.4307 610.0 11.0
3.0 37.7868 -122.4064 618.0 12.0
3.0 37.7931 -122.3946 639.0 13.0
3.0 37.7889 -122.4118 646.0 14.0
3.0 37.7916 -122.4074 655.0 15.0
3.0 37.6165 -122.3861 684.0 16.0
3.0 37.6152 -122.3902 691.0 17.0
3.0 37.6571 -122.4097 705.0 18.0
3.0 37.6147 -122.3960 721.0 19.0
3.0 37.8349 -122.2936 746.0 20.0
3.0 37.7909 -122.4021 783.0 21.0
3.0 37.7860 -122.4098 790.0 22.0
3.0 37.7877 -122.4101 793.0 23.0
3.0 37.7967 -122.4220 802.0 24.0
3.0 37.7929 -122.3976 824.0 25.0
3.0 37.7830 -122.4031 829.0 26.0
3.0 37.7858 -122.3970 840.0 27.0
3.0 37.7948 -122.4005 847.0 28.0
3.0 37.7943 -122.4001 848.0 29.0
3.0 37.7897 -122.4023 850.0 30.0
3.0 37.7894 -122.4025 851.0 31.0
3.0 37.7854 -122.4787 867.0 32.0
3.0 37.7734 -122.4652 874.0 33.0
3.0 37.7695 -122.4245 888.0 34.0
3.0 37.7806 -122.4187 896.0 35.0
3.0 37.7989 -122.4374 904.0 36.0
3.0 37.7989 -122.4359 906.0 37.0
3.0 37.8060 -122.4098 916.0 38.0
3.0 37.8061 -122.4098 917.0 39.0
3.0 37.8019 -122.4046 923.0 40.0
3.0 37.7934 -122.4000 931.0 41.0
3.0 37.7120 -122.2125 962.0 42.0
4.0 37.7635 -122.4195 747.0 1.0
4.0 37.7751 -122.4109 755.0 2.0
4.0 37.7843 -122.4076 759.0 3.0
4.0 37.7923 -122.3994 763.0 4.0
4.0 37.7829 -122.4097 768.0 5.0
4.0 37.7793 -122.4272 773.0 6.0
4.0 37.7370 -122.4316 791.0 7.0
4.0 37.7544 -122.4388 802.0 8.0
4.0 37.7608 -122.4350 805.0 9.0
4.0 37.7597 -122.4457 810.0 10.0
4.0 37.7619 -122.4185 821.0 11.0
4.0 37.7859 -122.4190 832.0 12.0
4.0 37.7829 -122.4207 835.0 13.0
4.0 37.8084 -122.4104 847.0 14.0
4.0 37.7831 -122.4473 960.0 15.0
4.0 37.7814 -122.4398 965.0 16.0
4.0 37.7855 -122.4110 981.0 17.0
4.0 37.7785 -122.4088 985.0 18.0
4.0 37.7961 -122.3963 1004.0 19.0
4.0 37.7803 -122.3902 1014.0 20.0
4.0 37.7800 -122.3898 1015.0 21.0
1.0 37.7735 -122.4493 541.0 1.0
1.0 37.7776 -122.4411 547.0 2.0
1.0 37.7805 -122.4782 556.0 3.0
1.0 37.7785 -122.4879 572.0 4.0
1.0 37.7873 -122.4472 583.0 5.0
1.0 37.7807 -122.4838 612.0 6.0
1.0 37.7807 -122.4749 615.0 7.0
1.0 37.7807 -122.4749 617.0 8.0
1.0 37.7809 -122.4656 622.0 9.0
1.0 37.7855 -122.4126 632.0 10.0
1.0 37.6235 -122.4006 765.0 11.0
1.0 37.7887 -122.4108 793.0 12.0
1.0 37.7690 -122.4201 803.0 13.0
1.0 37.7537 -122.4432 813.0 14.0
1.0 37.7334 -122.4342 834.0 15.0
1.0 37.7285 -122.4284 839.0 16.0
1.0 37.6172 -122.3874 867.0 17.0
1.0 37.6633 -122.3845 877.0 18.0
1.0 37.6178 -122.3858 896.0 19.0
2.0 37.6637 -122.3990 557.0 1.0
2.0 37.7720 -122.4180 573.0 2.0
2.0 37.7921 -122.3937 582.0 3.0
2.0 37.7919 -122.4111 591.0 4.0
2.0 37.6156 -122.3887 612.0 5.0
2.0 37.7846 -122.4072 632.0 6.0
2.0 37.7640 -122.4025 643.0 7.0
2.0 37.7664 -122.3970 646.0 8.0
2.0 37.7914 -122.4059 657.0 9.0
2.0 37.7892 -122.4158 692.0 10.0
2.0 37.7903 -122.4018 699.0 11.0
2.0 37.7842 -122.4174 711.0 12.0
2.0 37.7976 -122.4187 745.0 13.0
2.0 37.7832 -122.4193 760.0 14.0
2.0 37.7638 -122.3976 772.0 15.0
2.0 37.7649 -122.4014 774.0 16.0
2.0 37.7695 -122.4245 781.0 17.0
2.0 37.7921 -122.4090 812.0 18.0
2.0 37.7850 -122.4597 829.0 19.0
2.0 37.7829 -122.4683 836.0 20.0
2.0 37.7707 -122.4153 864.0 21.0
2.0 37.7930 -122.4012 926.0 22.0
2.0 37.7951 -122.4012 927.0 23.0
2.0 37.7945 -122.3974 953.0 24.0
2.0 37.8001 -122.4411 967.0 25.0
2.0 37.8005 -122.4387 970.0 26.0
2.0 37.8017 -122.4248 973.0 27.0
2.0 37.7973 -122.4061 982.0 28.0
2.0 37.7768 -122.4197 1003.0 29.0
2.0 37.7614 -122.4281 1014.0 30.0
3.0 37.7439 -122.4391 542.0 1.0
3.0 37.7621 -122.4419 558.0 2.0
3.0 37.7775 -122.4434 566.0 3.0
3.0 37.7706 -122.4323 576.0 4.0
3.0 37.7871 -122.3944 588.0 5.0
3.0 37.7869 -122.4048 595.0 6.0
lati longi low_tw
37.671 -122.3994 650.0
37.6837 -122.4524 869.0
37.6845 -122.4534 547.0
37.7586 -122.391 741.0
37.6871 -122.4599 579.0
37.7141 -122.3923 736.0
37.6835 -122.4612 952.0
37.6969 -122.4335 866.0
37.6678 -122.3987 605.0
37.7048 -122.4392 809.0
37.6684 -122.4035 530.0
37.673 -122.3955 536.0
37.6833 -122.452 748.0
37.6758 -122.3967 647.0
37.7058 -122.4339 495.0
37.6983 -122.4377 699.0
37.7206 -122.3987 677.0
37.7538 -122.3945 653.0
37.6738 -122.3962 928.0
37.7005 -122.4382 589.0
37.6737 -122.3996 953.0
37.6738 -122.4013 527.0
37.6759 -122.3968 929.0
37.7543 -122.3888 928.0
37.6736 -122.3995 949.0
37.713 -122.4002 858.0
37.7025 -122.439 534.0
37.7211 -122.3994 880.0
37.7151 -122.4009 783.0
37.7559 -122.3922 566.0
37.7038 -122.4374 919.0
37.6694 -122.3947 878.0
37.6715 -122.3988 744.0
37.7605 -122.3917 672.0
37.6821 -122.4556 853.0
37.6836 -122.4565 823.0
37.7599 -122.3884 902.0
37.7577 -122.3946 939.0
37.761 -122.3918 519.0
37.7196 -122.3922 805.0
37.6774 -122.4008 845.0
37.7592 -122.3879 501.0
37.7009 -122.4372 507.0
37.6962 -122.4398 865.0
37.7621 -122.3866 838.0
37.6857 -122.4554 495.0
37.6839 -122.4588 771.0
37.6908 -122.4558 524.0
37.7149 -122.3954 581.0
37.6692 -122.4027 521.0
37.6982 -122.4373 518.0
37.7617 -122.3912 731.0
37.7144 -122.3922 829.0
37.7031 -122.4337 861.0
37.7563 -122.3943 490.0
37.6999 -122.439 874.0
37.7179 -122.4006 605.0
37.7011 -122.435 500.0
37.7616 -122.3892 745.0
37.6968 -122.4318 753.0
37.7048 -122.4355 661.0
37.6877 -122.4585 880.0
37.7602 -122.3947 595.0
37.7571 -122.3938 534.0
37.6983 -122.4325 747.0
37.7207 -122.3994 551.0
37.7219 -122.3971 814.0
37.7625 -122.3928 942.0
37.7163 -122.3993 931.0
37.6829 -122.4578 658.0
37.7004 -122.4349 751.0
37.6869 -122.4541 830.0
37.7026 -122.4375 921.0
37.6971 -122.4352 883.0
37.762 -122.3932 872.0
37.6907 -122.4531 636.0
37.668 -122.4013 483.0
37.6964 -122.4357 791.0
37.7049 -122.4339 599.0
37.7197 -122.3951 960.0
37.7568 -122.3892 650.0
37.7212 -122.3966 869.0
37.7123 -122.3926 547.0
37.6907 -122.4607 741.0
37.7217 -122.3966 579.0
37.7031 -122.4359 736.0
37.7161 -122.3972 952.0
37.676 -122.3991 866.0
37.7633 -122.3916 605.0
37.6688 -122.4016 809.0
37.7623 -122.3866 530.0
37.7586 -122.3908 536.0
37.7208 -122.3931 748.0
37.7583 -122.3932 647.0
37.6694 -122.4041 495.0
37.6771 -122.3971 699.0
37.7003 -122.4382 677.0
37.6876 -122.4572 653.0
37.7542 -122.3945 928.0
37.67 -122.4041 589.0
37.7597 -122.3869 953.0
37.7548 -122.3902 527.0
37.7598 -122.3887 929.0
37.6859 -122.4618 928.0
37.7624 -122.3922 949.0
37.6962 -122.4316 858.0
37.6711 -122.3985 534.0
37.7039 -122.4388 880.0
37.6966 -122.4362 783.0
37.6891 -122.4607 566.0
37.6751 -122.4011 919.0
37.7591 -122.393 878.0
37.76 -122.3907 744.0
37.6905 -122.4599 672.0
37.7135 -122.3963 853.0
37.7121 -122.3911 823.0
37.6897 -122.4608 902.0
37.6847 -122.4538 939.0
37.6835 -122.4557 519.0
37.7024 -122.4312 805.0
37.7551 -122.3856 845.0
37.6866 -122.4519 501.0
37.6715 -122.3953 507.0
37.6764 -122.4 865.0
37.6871 -122.4545 838.0
37.7133 -122.3991 495.0
37.7188 -122.3934 771.0
37.7207 -122.392 524.0
37.6972 -122.4386 581.0
37.7596 -122.3864 521.0
37.6693 -122.401 518.0
37.6815 -122.461 731.0
37.6973 -122.4375 829.0
37.6747 -122.3991 861.0
37.6869 -122.4571 490.0
37.6685 -122.3978 874.0
37.7026 -122.439 605.0
37.6739 -122.3963 500.0
37.6847 -122.4594 745.0
37.6757 -122.401 753.0
37.6756 -122.4045 661.0
37.7153 -122.3957 880.0
37.6867 -122.4587 595.0
37.684 -122.4589 534.0
37.6762 -122.4015 747.0
37.6989 -122.4397 551.0
37.6979 -122.4375 814.0
37.6869 -122.4551 942.0
37.6973 -122.4345 931.0
37.7165 -122.3965 658.0
37.6681 -122.396 751.0
37.7177 -122.3989 830.0
37.671 -122.3992 921.0
37.6758 -122.4046 883.0
37.6905 -122.4604 872.0
37.7161 -122.3923 636.0
37.7565 -122.3855 483.0
37.6701 -122.4039 791.0
37.6768 -122.3976 599.0
37.6987 -122.4329 960.0
