cabid lati longi timestamp sequence
3.0 37.7943 -122.4279 837.0 17.0
3.0 37.7884 -122.4053 852.0 18.0
3.0 37.7886 -122.4021 870.0 19.0
3.0 37.6179 -122.3854 894.0 20.0
3.0 37.6144 -122.3858 1002.0 21.0
4.0 37.7529 -122.4265 558.0 1.0
4.0 37.7551 -122.4187 588.0 2.0
4.0 37.7866 -122.3954 614.0 3.0
4.0 37.7858 -122.4059 623.0 4.0
4.0 37.7947 -122.4051 631.0 5.0
4.0 37.7908 -122.4207 660.0 6.0
4.0 37.7877 -122.4098 664.0 7.0
4.0 37.7858 -122.4049 682.0 8.0
4.0 37.7826 -122.3930 686.0 9.0
4.0 37.7840 -122.3984 693.0 10.0
4.0 37.7922 -122.4009 701.0 11.0
4.0 37.7810 -122.4120 711.0 12.0
4.0 37.7978 -122.4072 718.0 13.0
4.0 37.7867 -122.4048 730.0 14.0
4.0 37.7768 -122.3947 738.0 15.0
4.0 37.7513 -122.3951 757.0 16.0
4.0 37.7478 -122.4265 765.0 17.0
4.0 37.6151 -122.3901 851.0 18.0
4.0 37.7890 -122.4073 872.0 19.0
4.0 37.7941 -122.3968 887.0 20.0
4.0 37.8018 -122.4291 896.0 21.0
4.0 37.8058 -122.4129 912.0 22.0
4.0 37.7871 -122.4244 922.0 23.0
4.0 37.7918 -122.4039 936.0 24.0
4.0 37.7952 -122.4427 947.0 25.0
4.0 37.7984 -122.4358 951.0 26.0
4.0 37.7906 -122.4343 955.0 27.0
4.0 37.7977 -122.4381 959.0 28.0
4.0 37.7975 -122.4221 974.0 29.0
4.0 37.7659 -122.4500 992.0 30.0
4.0 37.7889 -122.4185 1009.0 31.0
4.0 37.7853 -122.4189 1012.0 32.0
4.0 37.7927 -122.4033 1019.0 33.0
5.0 37.7885 -122.4082 738.0 1.0
5.0 37.7653 -122.3968 764.0 2.0
5.0 37.7759 -122.4027 775.0 3.0
5.0 37.7532 -122.4015 781.0 4.0
5.0 37.7558 -122.4052 784.0 5.0
5.0 37.7847 -122.4195 797.0 6.0
5.0 37.7983 -122.4263 806.0 7.0
5.0 37.7854 -122.4056 816.0 8.0
5.0 37.7859 -122.4044 842.0 9.0
5.0 37.8075 -122.4136 855.0 10.0
5.0 37.8076 -122.4207 861.0 11.0
5.0 37.8004 -122.4345 868.0 12.0
5.0 37.6153 -122.3902 978.0 13.0
5.0 37.7855 -122.4091 997.0 14.0
5.0 37.7845 -122.4084 1002.0 15.0
5.0 37.7923 -122.4060 1011.0 16.0
5.0 37.8007 -122.4027 1019.0 17.0
1.0 37.7916 -122.4074 585.0 1.0
1.0 37.7679 -122.4366 599.0 2.0
1.0 37.7721 -122.4307 612.0 3.0
2.0 37.7876 -122.4067 548.0 1.0
2.0 37.7843 -122.4330 553.0 2.0
2.0 37.7829 -122.4327 558.0 3.0
2.0 37.7814 -122.4580 566.0 4.0
2.0 37.7829 -122.4589 567.0 5.0
2.0 37.7850 -122.4195 579.0 6.0
2.0 37.7908 -122.4326 590.0 7.0
2.0 37.7883 -122.4027 603.0 8.0
2.0 37.7874 -122.4453 621.0 9.0
2.0 37.7935 -122.3973 636.0 10.0
2.0 37.7888 -122.4096 644.0 11.0
2.0 37.7958 -122.4308 651.0 12.0
2.0 37.7871 -122.4484 660.0 13.0
2.0 37.7893 -122.4071 670.0 14.0
2.0 37.7829 -122.4307 775.0 15.0
2.0 37.7841 -122.4043 783.0 16.0
2.0 37.6152 -122.3902 822.0 17.0
2.0 37.7897 -122.4115 845.0 18.0
2.0 37.7876 -122.4149 864.0 19.0
2.0 37.7892 -122.4170 870.0 20.0
2.0 37.7873 -122.4078 875.0 21.0
2.0 37.7861 -122.4185 879.0 22.0
2.0 37.7722 -122.4085 889.0 23.0
2.0 37.7923 -122.4211 901.0 24.0
2.0 37.7773 -122.4136 912.0 25.0
3.0 37.7039 -122.3938 553.0 1.0
3.0 37.7488 -122.4097 579.0 2.0
3.0 37.7868 -122.4043 592.0 3.0
3.0 37.7812 -122.4794 650.0 4.0
3.0 37.7863 -122.4540 655.0 5.0
3.0 37.7929 -122.4008 668.0 6.0
3.0 37.7893 -122.4018 674.0 7.0
3.0 37.7884 -122.4139 678.0 8.0
3.0 37.7715 -122.4675 695.0 9.0
3.0 37.7918 -122.4096 712.0 10.0
3.0 37.7879 -122.4090 716.0 11.0
3.0 37.7852 -122.4328 723.0 12.0
3.0 37.7714 -122.4677 735.0 13.0
3.0 37.7983 -122.4357 760.0 14.0
3.0 37.8003 -122.4103 770.0 15.0
3.0 37.7830 -122.4601 783.0 16.0
4.0 37.6144 -122.3962 547.0 1.0
4.0 37.7761 -122.4050 563.0 2.0
4.0 37.6160 -122.3886 605.0 3.0
4.0 37.7902 -122.4044 625.0 4.0
4.0 37.7902 -122.4044 626.0 5.0
4.0 37.7867 -122.4021 643.0 6.0
4.0 37.7834 -122.4025 650.0 7.0
4.0 37.7866 -122.4031 665.0 8.0
4.0 37.6158 -122.3901 684.0 9.0
4.0 37.6163 -122.3864 690.0 10.0
4.0 37.7747 -122.4245 708.0 11.0
lati longi low_tw
37.7515 -122.4964 590.0
37.7907 -122.454 957.0
37.7373 -122.4902 797.0
37.7385 -122.4856 914.0
37.7375 -122.4929 807.0
37.7388 -122.4852 502.0
37.7334 -122.4887 675.0
37.7597 -122.4861 808.0
37.7491 -122.4966 830.0
37.7891 -122.4572 733.0
37.7646 -122.4828 806.0
37.796 -122.4606 721.0
37.7577 -122.4816 489.0
37.7886 -122.4859 534.0
37.7377 -122.4868 607.0
37.7535 -122.4898 851.0
37.7593 -122.489 799.0
37.797 -122.4594 939.0
37.732 -122.4895 742.0
37.7644 -122.4825 780.0
37.7666 -122.4842 541.0
37.7905 -122.4909 794.0
37.7569 -122.4959 753.0
37.7363 -122.4918 518.0
37.7926 -122.4608 692.0
37.7648 -122.4893 498.0
37.7581 -122.4836 647.0
37.7887 -122.4525 890.0
37.7939 -122.4909 652.0
37.7506 -122.4941 795.0
37.7625 -122.4819 946.0
37.7328 -122.4909 643.0
37.7301 -122.4864 916.0
37.7875 -122.4537 810.0
37.7887 -122.4568 687.0
37.7637 -122.4827 834.0
37.7905 -122.484 618.0
37.7308 -122.4927 748.0
37.7391 -122.4904 913.0
37.7373 -122.4931 835.0
37.7902 -122.4601 620.0
37.7959 -122.4582 785.0
37.7901 -122.4904 917.0
37.7391 -122.4851 710.0
37.7921 -122.4553 671.0
37.7616 -122.4804 642.0
37.7312 -122.4877 938.0
37.7943 -122.4531 917.0
37.7356 -122.4906 487.0
37.7299 -122.4901 506.0
37.7948 -122.4542 538.0
37.7592 -122.4849 903.0
37.7908 -122.4541 898.0
37.7332 -122.4917 504.0
37.7971 -122.4594 811.0
37.7661 -122.4881 807.0
37.7929 -122.4923 532.0
37.7905 -122.4576 686.0
37.7354 -122.4846 511.0
37.7666 -122.4835 630.0
37.7531 -122.4954 714.0
37.7973 -122.4608 930.0
37.7607 -122.4818 689.0
37.7894 -122.461 828.0
37.7887 -122.4583 941.0
37.7935 -122.458 686.0
37.7483 -122.4989 672.0
37.7899 -122.4882 719.0
37.7371 -122.4935 709.0
37.7306 -122.487 945.0
37.7884 -122.4582 590.0
37.7912 -122.4868 957.0
37.7526 -122.4995 797.0
37.7526 -122.4992 914.0
37.7548 -122.4955 807.0
37.7536 -122.49 502.0
37.7532 -122.4933 675.0
37.7361 -122.4863 808.0
37.788 -122.4527 830.0
37.7878 -122.4916 733.0
37.7346 -122.4864 806.0
37.7932 -122.488 721.0
37.7332 -122.4852 489.0
37.7669 -122.4832 534.0
37.7544 -122.4901 607.0
37.7942 -122.4607 851.0
37.7322 -122.4867 799.0
37.7843 -122.4904 939.0
37.7523 -122.4994 742.0
37.7392 -122.4879 780.0
37.7379 -122.4928 541.0
37.7672 -122.487 794.0
37.7934 -122.4541 753.0
37.7531 -122.4949 518.0
37.7898 -122.4914 692.0
37.737 -122.488 498.0
37.7308 -122.4886 647.0
37.7939 -122.4919 890.0
37.7651 -122.484 652.0
37.7951 -122.4611 795.0
37.7338 -122.4878 946.0
37.7542 -122.4927 643.0
37.758 -122.4984 916.0
37.7857 -122.4884 810.0
37.7911 -122.4929 687.0
37.7381 -122.4852 834.0
37.7584 -122.4849 618.0
37.7488 -122.4896 748.0
37.7538 -122.4898 913.0
37.7494 -122.4943 835.0
37.7901 -122.4846 620.0
37.7926 -122.4878 785.0
37.7648 -122.4827 917.0
37.7483 -122.4937 710.0
37.792 -122.4845 671.0
37.7364 -122.4857 642.0
37.7572 -122.497 938.0
37.7923 -122.4856 917.0
37.7561 -122.4938 487.0
37.7546 -122.491 506.0
37.7842 -122.4914 538.0
37.7358 -122.4842 903.0
37.7896 -122.4926 898.0
37.7557 -122.4964 504.0
37.7849 -122.4875 811.0
37.7342 -122.4898 807.0
37.7652 -122.4797 532.0
37.7894 -122.4877 686.0
37.7516 -122.4975 511.0
37.7391 -122.4931 630.0
37.7911 -122.455 714.0
37.7916 -122.4904 930.0
37.7335 -122.4841 689.0
37.7924 -122.4932 828.0
37.7882 -122.4908 941.0
37.7896 -122.4852 686.0
37.7931 -122.4537 672.0
37.7665 -122.4817 719.0
37.7575 -122.4923 709.0
37.75 -122.4904 945.0
