cabid lati longi timestamp sequence
3.0 37.7943 -122.4279 837.0 17.0
3.0 37.7884 -122.4053 852.0 18.0
3.0 37.7886 -122.4021 870.0 19.0
3.0 37.6179 -122.3854 894.0 20.0
3.0 37.6144 -122.3858 1002.0 21.0
4.0 37.7529 -122.4265 558.0 1.0
4.0 37.7551 -122.4187 588.0 2.0
4.0 37.7866 -122.3954 614.0 3.0
4.0 37.7858 -122.4059 623.0 4.0
4.0 37.7947 -122.4051 631.0 5.0
4.0 37.7908 -122.4207 660.0 6.0
4.0 37.7877 -122.4098 664.0 7.0
4.0 37.7858 -122.4049 682.0 8.0
4.0 37.7826 -122.3930 686.0 9.0
4.0 37.7840 -122.3984 693.0 10.0
4.0 37.7922 -122.4009 701.0 11.0
4.0 37.7810 -122.4120 711.0 12.0
4.0 37.7978 -122.4072 718.0 13.0
4.0 37.7867 -122.4048 730.0 14.0
4.0 37.7768 -122.3947 738.0 15.0
4.0 37.7513 -122.3951 757.0 16.0
4.0 37.7478 -122.4265 765.0 17.0
4.0 37.6151 -122.3901 851.0 18.0
4.0 37.7890 -122.4073 872.0 19.0
4.0 37.7941 -122.3968 887.0 20.0
4.0 37.8018 -122.4291 896.0 21.0
4.0 37.8058 -122.4129 912.0 22.0
4.0 37.7871 -122.4244 922.0 23.0
4.0 37.7918 -122.4039 936.0 24.0
4.0 37.7952 -122.4427 947.0 25.0
4.0 37.7984 -122.4358 951.0 26.0
4.0 37.7906 -122.4343 955.0 27.0
4.0 37.7977 -122.4381 959.0 28.0
4.0 37.7975 -122.4221 974.0 29.0
4.0 37.7659 -122.4500 992.0 30.0
4.0 37.7889 -122.4185 1009.0 31.0
4.0 37.7853 -122.4189 1012.0 32.0
4.0 37.7927 -122.4033 1019.0 33.0
5.0 37.7885 -122.4082 738.0 1.0
5.0 37.7653 -122.3968 764.0 2.0
5.0 37.7759 -122.4027 775.0 3.0
5.0 37.7532 -122.4015 781.0 4.0
5.0 37.7558 -122.4052 784.0 5.0
5.0 37.7847 -122.4195 797.0 6.0
5.0 37.7983 -122.4263 806.0 7.0
5.0 37.7854 -122.4056 816.0 8.0
5.0 37.7859 -122.4044 842.0 9.0
5.0 37.8075 -122.4136 855.0 10.0
5.0 37.8076 -122.4207 861.0 11.0
5.0 37.8004 -122.4345 868.0 12.0
5.0 37.6153 -122.3902 978.0 13.0
5.0 37.7855 -122.4091 997.0 14.0
5.0 37.7845 -122.4084 1002.0 15.0
5.0 37.7923 -122.4060 1011.0 16.0
5.0 37.8007 -122.4027 1019.0 17.0
1.0 37.7916 -122.4074 585.0 1.0
1.0 37.7679 -122.4366 599.0 2.0
1.0 37.7721 -122.4307 612.0 3.0
2.0 37.7876 -122.4067 548.0 1.0
2.0 37.7843 -122.4330 553.0 2.0
2.0 37.7829 -122.4327 558.0 3.0
2.0 37.7814 -122.4580 566.0 4.0
2.0 37.7829 -122.4589 567.0 5.0
2.0 37.7850 -122.4195 579.0 6.0
2.0 37.7908 -122.4326 590.0 7.0
2.0 37.7883 -122.4027 603.0 8.0
2.0 37.7874 -122.4453 621.0 9.0
2.0 37.7935 -122.3973 636.0 10.0
2.0 37.7888 -122.4096 644.0 11.0
2.0 37.7958 -122.4308 651.0 12.0
2.0 37.7871 -122.4484 660.0 13.0
2.0 37.7893 -122.4071 670.0 14.0
2.0 37.7829 -122.4307 775.0 15.0
2.0 37.7841 -122.4043 783.0 16.0
2.0 37.6152 -122.3902 822.0 17.0
2.0 37.7897 -122.4115 845.0 18.0
2.0 37.7876 -122.4149 864.0 19.0
2.0 37.7892 -122.4170 870.0 20.0
2.0 37.7873 -122.4078 875.0 21.0
2.0 37.7861 -122.4185 879.0 22.0
2.0 37.7722 -122.4085 889.0 23.0
2.0 37.7923 -122.4211 901.0 24.0
2.0 37.7773 -122.4136 912.0 25.0
3.0 37.7039 -122.3938 553.0 1.0
3.0 37.7488 -122.4097 579.0 2.0
3.0 37.7868 -122.4043 592.0 3.0
3.0 37.7812 -122.4794 650.0 4.0
3.0 37.7863 -122.4540 655.0 5.0
3.0 37.7929 -122.4008 668.0 6.0
3.0 37.7893 -122.4018 674.0 7.0
3.0 37.7884 -122.4139 678.0 8.0
3.0 37.7715 -122.4675 695.0 9.0
3.0 37.7918 -122.4096 712.0 10.0
3.0 37.7879 -122.4090 716.0 11.0
3.0 37.7852 -122.4328 723.0 12.0
3.0 37.7714 -122.4677 735.0 13.0
3.0 37.7983 -122.4357 760.0 14.0
3.0 37.8003 -122.4103 770.0 15.0
3.0 37.7830 -122.4601 783.0 16.0
4.0 37.6144 -122.3962 547.0 1.0
4.0 37.7761 -122.4050 563.0 2.0
4.0 37.6160 -122.3886 605.0 3.0
4.0 37.7902 -122.4044 625.0 4.0
4.0 37.7902 -122.4044 626.0 5.0
4.0 37.7867 -122.4021 643.0 6.0
4.0 37.7834 -122.4025 650.0 7.0
4.0 37.7866 -122.4031 665.0 8.0
4.0 37.6158 -122.3901 684.0 9.0
4.0 37.6163 -122.3864 690.0 10.0
4.0 37.7747 -122.4245 708.0 11.0
lati longi low_tw
37.7023 -122.4511 590.0
37.7941 -122.4858 957.0
37.719 -122.4226 797.0
37.7137 -122.4219 914.0
37.803 -122.4829 807.0
37.7983 -122.4806 502.0
37.697 -122.4566 675.0
37.7129 -122.4189 808.0
37.8011 -122.4865 830.0
37.8024 -122.482 733.0
37.8013 -122.4892 806.0
37.8026 -122.4815 721.0
37.7973 -122.485 489.0
37.7887 -122.4393 534.0
37.6946 -122.4568 607.0
37.7114 -122.422 851.0
37.7937 -122.4361 799.0
37.7183 -122.4254 939.0
37.7867 -122.4348 742.0
37.6563 -122.3881 780.0
37.8016 -122.4832 541.0
37.699 -122.45 794.0
37.7883 -122.4422 753.0
37.7193 -122.4242 518.0
37.7958 -122.4858 692.0
37.7934 -122.4358 498.0
37.7956 -122.4375 647.0
37.6582 -122.3931 890.0
37.7024 -122.4561 652.0
37.8001 -122.4881 795.0
37.7149 -122.4256 946.0
37.7938 -122.4426 643.0
37.7871 -122.4369 916.0
37.7109 -122.4173 810.0
37.6617 -122.3931 687.0
37.6961 -122.4543 834.0
37.7915 -122.4351 618.0
37.7967 -122.4873 748.0
37.794 -122.4827 913.0
37.7098 -122.4185 835.0
37.7102 -122.42 590.0
37.6942 -122.4567 957.0
37.6592 -122.3863 797.0
37.6567 -122.3862 914.0
37.7026 -122.4506 807.0
37.7025 -122.4503 502.0
37.7107 -122.423 675.0
37.659 -122.389 808.0
37.698 -122.4597 830.0
37.6981 -122.4594 733.0
37.7003 -122.4557 806.0
37.6991 -122.4502 721.0
37.6987 -122.4535 489.0
37.8 -122.4827 534.0
37.7102 -122.4175 607.0
37.6555 -122.3937 851.0
37.7985 -122.4827 799.0
37.6609 -122.3902 939.0
37.7971 -122.4815 742.0
37.7959 -122.4364 780.0
37.6999 -122.4503 541.0
37.7164 -122.4255 794.0
37.7961 -122.483 753.0
37.6521 -122.3925 518.0
37.6978 -122.4596 692.0
37.803 -122.4842 498.0
37.8017 -122.4892 647.0
37.7962 -122.4403 890.0
37.7156 -122.4189 652.0
37.6986 -122.4551 795.0
37.6576 -122.3935 946.0
37.8009 -122.4843 643.0
37.7947 -122.485 916.0
37.6616 -122.3941 810.0
37.7941 -122.4372 687.0
37.7173 -122.4259 834.0
37.7976 -122.4842 618.0
37.6997 -122.4529 748.0
37.7035 -122.4586 913.0
37.6534 -122.3905 835.0
