cabid lati longi timestamp sequence
1.0 37.7439 -122.4391 542.0 1.0
1.0 37.7621 -122.4419 558.0 2.0
1.0 37.7775 -122.4434 566.0 3.0
1.0 37.7706 -122.4323 576.0 4.0
1.0 37.7871 -122.3944 588.0 5.0
1.0 37.7869 -122.4048 595.0 6.0
1.0 37.7793 -122.3934 605.0 7.0
1.0 37.7780 -122.4083 625.0 8.0
1.0 37.6155 -122.3845 642.0 9.0
1.0 37.6177 -122.3867 737.0 10.0
1.0 37.7601 -122.4449 763.0 11.0
1.0 37.7627 -122.4477 774.0 12.0
1.0 37.7977 -122.4389 863.0 13.0
1.0 37.7652 -122.4196 929.0 14.0
1.0 37.7849 -122.4177 937.0 15.0
1.0 37.7799 -122.4168 953.0 16.0
1.0 37.7848 -122.4088 959.0 17.0
1.0 37.7924 -122.4032 972.0 18.0
1.0 37.7706 -122.4248 984.0 19.0
1.0 37.7822 -122.4046 1000.0 20.0
2.0 37.7898 -122.4323 554.0 1.0
2.0 37.7785 -122.4267 559.0 2.0
2.0 37.7567 -122.4302 573.0 3.0
2.0 37.6179 -122.3857 593.0 4.0
2.0 37.7441 -122.4312 618.0 5.0
2.0 37.7852 -122.4065 633.0 6.0
2.0 37.7855 -122.4001 653.0 7.0
2.0 37.7819 -122.4191 662.0 8.0
2.0 37.7924 -122.4108 689.0 9.0
2.0 37.7826 -122.4038 697.0 10.0
2.0 37.7854 -122.4051 736.0 11.0
2.0 37.7787 -122.3908 742.0 12.0
2.0 37.7799 -122.3898 744.0 13.0
2.0 37.6178 -122.3867 761.0 14.0
2.0 37.7717 -122.4406 818.0 15.0
2.0 37.7517 -122.4283 827.0 16.0
2.0 37.7452 -122.4284 835.0 17.0
2.0 37.7881 -122.4178 849.0 18.0
2.0 37.7902 -122.4082 853.0 19.0
2.0 37.7803 -122.4169 860.0 20.0
3.0 37.7702 -122.4379 614.0 1.0
3.0 37.7592 -122.4355 620.0 2.0
3.0 37.7673 -122.4291 626.0 3.0
3.0 37.7692 -122.4529 635.0 4.0
3.0 37.7705 -122.4437 637.0 5.0
3.0 37.7905 -122.3983 649.0 6.0
3.0 37.7593 -122.4352 663.0 7.0
3.0 37.7703 -122.4378 668.0 8.0
3.0 37.7750 -122.4452 674.0 9.0
3.0 37.7760 -122.4454 676.0 10.0
3.0 37.7852 -122.4397 680.0 11.0
3.0 37.7761 -122.4379 683.0 12.0
3.0 37.7860 -122.4333 691.0 13.0
3.0 37.7625 -122.4217 700.0 14.0
3.0 37.7906 -122.4071 718.0 15.0
3.0 37.7898 -122.4168 722.0 16.0
3.0 37.7791 -122.4142 737.0 17.0
3.0 37.7982 -122.4036 747.0 18.0
3.0 37.7896 -122.4018 763.0 19.0
3.0 37.7894 -122.4075 764.0 20.0
3.0 37.7975 -122.4036 785.0 21.0
3.0 37.7961 -122.4016 787.0 22.0
3.0 37.7727 -122.4250 798.0 23.0
3.0 37.7861 -122.4263 804.0 24.0
3.0 37.7846 -122.4077 850.0 25.0
3.0 37.7870 -122.3888 856.0 26.0
3.0 37.7935 -122.4011 873.0 27.0
3.0 37.7889 -122.4105 879.0 28.0
3.0 37.7876 -122.4132 880.0 29.0
3.0 37.7831 -122.3969 886.0 30.0
3.0 37.7852 -122.4007 888.0 31.0
3.0 37.7854 -122.4164 893.0 32.0
3.0 37.7867 -122.4063 898.0 33.0
3.0 37.7928 -122.4013 903.0 34.0
3.0 37.7928 -122.3969 904.0 35.0
3.0 37.7999 -122.4435 917.0 36.0
3.0 37.8003 -122.4404 919.0 37.0
3.0 37.7904 -122.4024 931.0 38.0
3.0 37.7896 -122.4027 932.0 39.0
3.0 37.7648 -122.4405 944.0 40.0
3.0 37.7774 -122.4165 951.0 41.0
3.0 37.7827 -122.4676 965.0 42.0
3.0 37.7692 -122.4532 974.0 43.0
3.0 37.7979 -122.4062 990.0 44.0
3.0 37.7968 -122.4011 992.0 45.0
3.0 37.7661 -122.4025 1008.0 46.0
3.0 37.7715 -122.4021 1011.0 47.0
4.0 37.7883 -122.4050 546.0 1.0
4.0 37.7858 -122.4015 562.0 2.0
4.0 37.8043 -122.4483 576.0 3.0
4.0 37.7919 -122.4094 592.0 4.0
4.0 37.7846 -122.4051 599.0 5.0
4.0 37.5865 -122.3382 627.0 6.0
4.0 37.5317 -122.2708 638.0 7.0
4.0 37.7907 -122.3895 765.0 8.0
4.0 37.7894 -122.4034 772.0 9.0
4.0 37.7957 -122.3944 787.0 10.0
4.0 37.8084 -122.4101 792.0 11.0
4.0 37.8071 -122.4070 795.0 12.0
4.0 37.7977 -122.4079 804.0 13.0
4.0 37.6177 -122.3859 930.0 14.0
4.0 37.7923 -122.3924 952.0 15.0
4.0 37.7920 -122.3914 954.0 16.0
4.0 37.6152 -122.3903 973.0 17.0
5.0 37.7870 -122.4488 651.0 1.0
5.0 37.7842 -122.4592 674.0 2.0
5.0 37.7854 -122.4386 681.0 3.0
5.0 37.7854 -122.4387 682.0 4.0
5.0 37.7795 -122.4320 685.0 5.0
5.0 37.7899 -122.4167 700.0 6.0
5.0 37.7918 -122.3948 707.0 7.0
5.0 37.7927 -122.4010 728.0 8.0
5.0 37.7877 -122.4022 735.0 9.0
5.0 37.7935 -122.4030 741.0 10.0
5.0 37.7834 -122.3937 746.0 11.0
5.0 37.7952 -122.4033 781.0 12.0
5.0 37.6139 -122.3878 803.0 13.0
5.0 37.7771 -122.3983 821.0 14.0
5.0 37.7894 -122.4120 827.0 15.0
5.0 37.7933 -122.3974 833.0 16.0
5.0 37.7880 -122.4083 837.0 17.0
5.0 37.7912 -122.4018 850.0 18.0
5.0 37.7770 -122.3946 858.0 19.0
5.0 37.7527 -122.4100 931.0 20.0
5.0 37.7909 -122.4333 950.0 21.0
5.0 37.7929 -122.4034 963.0 22.0
5.0 37.7938 -122.4314 972.0 23.0
5.0 37.7936 -122.3987 985.0 24.0
5.0 37.7915 -122.4426 998.0 25.0
5.0 37.7925 -122.4037 1012.0 26.0
lati longi low_tw
37.7951 -122.4076 560.0
37.7892 -122.46 884.0
37.716 -122.4162 669.0
37.7927 -122.4118 850.0
37.7682 -122.4881 857.0
37.8018 -122.409 697.0
37.7154 -122.4268 666.0
37.7086 -122.4304 937.0
37.7174 -122.4227 642.0
37.7133 -122.4239 556.0
37.7153 -122.4257 496.0
37.7736 -122.4898 887.0
37.8015 -122.409 865.0
37.7994 -122.4099 948.0
37.7739 -122.4883 834.0
37.7992 -122.4101 804.0
37.7704 -122.4897 857.0
37.8014 -122.4111 621.0
37.8018 -122.4101 497.0
37.7082 -122.4275 621.0
37.7704 -122.4935 644.0
37.7923 -122.4056 651.0
37.7972 -122.4118 500.0
37.7854 -122.4573 780.0
37.7221 -122.4147 906.0
37.7989 -122.4133 558.0
37.798 -122.4137 793.0
37.7198 -122.414 641.0
37.7954 -122.405 761.0
37.7925 -122.4581 764.0
37.7227 -122.4152 560.0
37.7698 -122.4867 884.0
37.7144 -122.4277 669.0
37.7199 -122.4118 850.0
37.7991 -122.4067 857.0
37.7222 -122.4074 697.0
37.7878 -122.4572 666.0
37.7878 -122.4557 937.0
37.7898 -122.4607 642.0
37.7864 -122.465 556.0
37.7826 -122.4591 496.0
37.7972 -122.4142 887.0
37.7183 -122.4094 865.0
37.7177 -122.4162 948.0
37.796 -122.4132 834.0
37.7207 -122.4152 804.0
37.7939 -122.4065 857.0
37.7212 -122.4104 621.0
37.7158 -122.4131 497.0
37.7852 -122.4587 621.0
37.8015 -122.4063 644.0
37.7226 -122.4076 651.0
37.722 -122.4106 500.0
37.7713 -122.4842 780.0
37.7114 -122.4323 906.0
37.7182 -122.4152 558.0
37.7212 -122.4116 793.0
37.71 -122.4258 641.0
37.7171 -122.4083 761.0
37.7667 -122.4882 764.0
