cabid lati longi timestamp sequence
3.0 37.7870 -122.3888 856.0 26.0
3.0 37.7935 -122.4011 873.0 27.0
3.0 37.7889 -122.4105 879.0 28.0
3.0 37.7876 -122.4132 880.0 29.0
3.0 37.7831 -122.3969 886.0 30.0
3.0 37.7852 -122.4007 888.0 31.0
3.0 37.7854 -122.4164 893.0 32.0
3.0 37.7867 -122.4063 898.0 33.0
3.0 37.7928 -122.4013 903.0 34.0
3.0 37.7928 -122.3969 904.0 35.0
3.0 37.7999 -122.4435 917.0 36.0
3.0 37.8003 -122.4404 919.0 37.0
3.0 37.7904 -122.4024 931.0 38.0
3.0 37.7896 -122.4027 932.0 39.0
3.0 37.7648 -122.4405 944.0 40.0
3.0 37.7774 -122.4165 951.0 41.0
3.0 37.7827 -122.4676 965.0 42.0
3.0 37.7692 -122.4532 974.0 43.0
3.0 37.7979 -122.4062 990.0 44.0
3.0 37.7968 -122.4011 992.0 45.0
3.0 37.7661 -122.4025 1008.0 46.0
3.0 37.7715 -122.4021 1011.0 47.0
4.0 37.7883 -122.4050 546.0 1.0
4.0 37.7858 -122.4015 562.0 2.0
4.0 37.8043 -122.4483 576.0 3.0
4.0 37.7919 -122.4094 592.0 4.0
4.0 37.7846 -122.4051 599.0 5.0
4.0 37.5865 -122.3382 627.0 6.0
4.0 37.5317 -122.2708 638.0 7.0
4.0 37.7907 -122.3895 765.0 8.0
4.0 37.7894 -122.4034 772.0 9.0
4.0 37.7957 -122.3944 787.0 10.0
4.0 37.8084 -122.4101 792.0 11.0
4.0 37.8071 -122.4070 795.0 12.0
4.0 37.7977 -122.4079 804.0 13.0
4.0 37.6177 -122.3859 930.0 14.0
4.0 37.7923 -122.3924 952.0 15.0
4.0 37.7920 -122.3914 954.0 16.0
4.0 37.6152 -122.3903 973.0 17.0
5.0 37.7870 -122.4488 651.0 1.0
5.0 37.7842 -122.4592 674.0 2.0
5.0 37.7854 -122.4386 681.0 3.0
5.0 37.7854 -122.4387 682.0 4.0
5.0 37.7795 -122.4320 685.0 5.0
5.0 37.7899 -122.4167 700.0 6.0
5.0 37.7918 -122.3948 707.0 7.0
5.0 37.7927 -122.4010 728.0 8.0
5.0 37.7877 -122.4022 735.0 9.0
5.0 37.7935 -122.4030 741.0 10.0
5.0 37.7834 -122.3937 746.0 11.0
5.0 37.7952 -122.4033 781.0 12.0
5.0 37.6139 -122.3878 803.0 13.0
5.0 37.7771 -122.3983 821.0 14.0
5.0 37.7894 -122.4120 827.0 15.0
5.0 37.7933 -122.3974 833.0 16.0
5.0 37.7880 -122.4083 837.0 17.0
5.0 37.7912 -122.4018 850.0 18.0
5.0 37.7770 -122.3946 858.0 19.0
5.0 37.7527 -122.4100 931.0 20.0
5.0 37.7909 -122.4333 950.0 21.0
5.0 37.7929 -122.4034 963.0 22.0
5.0 37.7938 -122.4314 972.0 23.0
5.0 37.7936 -122.3987 985.0 24.0
5.0 37.7915 -122.4426 998.0 25.0
5.0 37.7925 -122.4037 1012.0 26.0
1.0 37.7977 -122.4080 542.0 1.0
1.0 37.7950 -122.4183 560.0 2.0
1.0 37.7957 -122.3970 567.0 3.0
1.0 37.8013 -122.4019 642.0 4.0
1.0 37.7623 -122.4112 657.0 5.0
2.0 37.7721 -122.4019 567.0 1.0
2.0 37.7809 -122.4151 571.0 2.0
2.0 37.7875 -122.4183 577.0 3.0
2.0 37.7880 -122.4183 582.0 4.0
2.0 37.7900 -122.4218 597.0 5.0
2.0 37.8084 -122.4101 608.0 6.0
2.0 37.7787 -122.4146 626.0 7.0
2.0 37.7859 -122.4195 720.0 8.0
2.0 37.7844 -122.4339 765.0 9.0
2.0 37.7826 -122.4359 800.0 10.0
2.0 37.7917 -122.4406 808.0 11.0
2.0 37.7901 -122.4341 967.0 12.0
2.0 37.7731 -122.4526 977.0 13.0
2.0 37.7764 -122.4586 1014.0 14.0
3.0 37.7333 -122.4910 548.0 1.0
3.0 37.7496 -122.4741 560.0 2.0
3.0 37.7872 -122.4028 582.0 3.0
3.0 37.7867 -122.4109 603.0 4.0
3.0 37.8022 -122.4029 612.0 5.0
3.0 37.8019 -122.4017 615.0 6.0
3.0 37.7795 -122.4185 625.0 7.0
3.0 37.7795 -122.4185 627.0 8.0
3.0 37.7821 -122.4276 631.0 9.0
3.0 37.7925 -122.4038 663.0 10.0
3.0 37.7910 -122.3989 668.0 11.0
3.0 37.7931 -122.3975 672.0 12.0
3.0 37.7780 -122.4139 681.0 13.0
3.0 37.7772 -122.4071 698.0 14.0
3.0 37.7818 -122.4015 704.0 15.0
3.0 37.8021 -122.4030 714.0 16.0
3.0 37.8015 -122.4008 720.0 17.0
3.0 37.7928 -122.3981 724.0 18.0
3.0 37.7842 -122.3905 730.0 19.0
3.0 37.7796 -122.3917 733.0 20.0
3.0 37.7908 -122.4324 747.0 21.0
3.0 37.7908 -122.4324 748.0 22.0
3.0 37.7848 -122.4050 761.0 23.0
3.0 37.7769 -122.3948 766.0 24.0
3.0 37.7773 -122.3914 768.0 25.0
3.0 37.7843 -122.4806 791.0 26.0
3.0 37.7834 -122.4407 836.0 27.0
3.0 37.7965 -122.4260 843.0 28.0
3.0 37.7936 -122.3973 858.0 29.0
3.0 37.7908 -122.4325 869.0 30.0
3.0 37.7767 -122.4173 878.0 31.0
3.0 37.7754 -122.4191 883.0 32.0
3.0 37.7849 -122.4667 895.0 33.0
3.0 37.7860 -122.4574 904.0 34.0
3.0 37.7504 -122.4338 920.0 35.0
3.0 37.7481 -122.4345 924.0 36.0
3.0 37.7728 -122.4221 935.0 37.0
4.0 37.7507 -122.4011 560.0 1.0
4.0 37.7895 -122.4166 573.0 2.0
4.0 37.7870 -122.4110 632.0 3.0
4.0 37.6179 -122.3869 652.0 4.0
4.0 37.7768 -122.3956 683.0 5.0
4.0 37.7844 -122.4041 689.0 6.0
4.0 37.7915 -122.4105 738.0 7.0
4.0 37.7910 -122.3923 747.0 8.0
4.0 37.7634 -122.4588 767.0 9.0
lati longi low_tw
37.8048 -122.3927 950.0
37.6594 -122.4436 899.0
37.7997 -122.4587 791.0
37.661 -122.4389 959.0
37.7953 -122.4534 655.0
37.6529 -122.443 658.0
37.6584 -122.4425 860.0
37.654 -122.4365 527.0
37.8075 -122.3938 680.0
37.8082 -122.3957 784.0
37.6539 -122.4359 942.0
37.6539 -122.4349 758.0
37.8043 -122.3935 502.0
37.7998 -122.4577 769.0
37.7989 -122.4534 692.0
37.8012 -122.3959 910.0
37.6577 -122.4358 557.0
37.761 -122.457 588.0
37.6615 -122.4411 546.0
37.6524 -122.4362 653.0
37.6576 -122.4443 816.0
37.8042 -122.3873 776.0
37.66 -122.4384 550.0
37.7604 -122.4581 631.0
37.8062 -122.3881 864.0
37.6517 -122.4349 738.0
37.6536 -122.4348 572.0
37.7555 -122.4609 883.0
37.6508 -122.4437 739.0
37.6554 -122.4418 482.0
37.7534 -122.4604 950.0
37.7947 -122.459 899.0
37.8045 -122.387 791.0
37.7972 -122.4583 959.0
37.8022 -122.3959 655.0
37.6601 -122.4382 658.0
37.6542 -122.4354 860.0
37.7979 -122.4533 527.0
37.7571 -122.46 680.0
37.7596 -122.4568 784.0
37.7969 -122.4559 942.0
37.791 -122.4568 758.0
37.7623 -122.4598 502.0
37.8075 -122.3954 769.0
37.8073 -122.3878 692.0
37.7602 -122.4577 910.0
37.7996 -122.4608 557.0
37.6571 -122.4366 588.0
37.7949 -122.4585 546.0
37.6561 -122.4433 653.0
37.6526 -122.4356 816.0
37.7562 -122.4619 776.0
37.798 -122.458 550.0
37.6556 -122.4362 631.0
37.7587 -122.4573 864.0
37.662 -122.4378 738.0
37.6532 -122.4356 572.0
37.6581 -122.436 883.0
37.6588 -122.4367 739.0
37.6605 -122.4427 482.0
