cabid lati longi timestamp sequence
3.0 37.7939 -122.4313 736.0 9.0
3.0 37.7944 -122.4019 750.0 10.0
3.0 37.7921 -122.4069 755.0 11.0
3.0 37.7998 -122.4157 760.0 12.0
3.0 37.7899 -122.4257 768.0 13.0
3.0 37.7955 -122.3990 788.0 14.0
3.0 37.7946 -122.3995 790.0 15.0
3.0 37.7879 -122.4014 797.0 16.0
3.0 37.7873 -122.4004 798.0 17.0
3.0 37.7740 -122.3990 805.0 18.0
3.0 37.7740 -122.3990 809.0 19.0
3.0 37.7884 -122.4087 817.0 20.0
3.0 37.7892 -122.4088 818.0 21.0
3.0 37.7998 -122.4375 827.0 22.0
3.0 37.7970 -122.4364 838.0 23.0
3.0 37.7875 -122.4404 843.0 24.0
3.0 37.7733 -122.4376 849.0 25.0
3.0 37.7791 -122.4519 911.0 26.0
3.0 37.8083 -122.4099 927.0 27.0
3.0 37.8066 -122.4206 931.0 28.0
3.0 37.7880 -122.4109 940.0 29.0
3.0 37.7903 -122.3936 956.0 30.0
3.0 37.8012 -122.4229 966.0 31.0
3.0 37.7971 -122.4280 970.0 32.0
3.0 37.7982 -122.4073 978.0 33.0
3.0 37.7966 -122.4006 982.0 34.0
3.0 37.7868 -122.4109 990.0 35.0
3.0 37.7867 -122.4047 993.0 36.0
3.0 37.7959 -122.3943 1001.0 37.0
3.0 37.7959 -122.3943 1002.0 38.0
3.0 37.8057 -122.4223 1010.0 39.0
3.0 37.8005 -122.4104 1014.0 40.0
3.0 37.7979 -122.4220 1017.0 41.0
4.0 37.7709 -122.4204 906.0 1.0
4.0 37.7855 -122.4225 915.0 2.0
4.0 37.7852 -122.4326 917.0 3.0
4.0 37.7677 -122.4534 925.0 4.0
4.0 37.7635 -122.4583 928.0 5.0
4.0 37.7892 -122.4340 959.0 6.0
4.0 37.7924 -122.4033 968.0 7.0
4.0 37.7931 -122.3996 971.0 8.0
4.0 37.7812 -122.4333 986.0 9.0
4.0 37.7922 -122.4436 996.0 10.0
4.0 37.7874 -122.4008 1011.0 11.0
4.0 37.7903 -122.3970 1013.0 12.0
1.0 37.7831 -122.4677 542.0 1.0
1.0 37.7810 -122.4650 543.0 2.0
1.0 37.7811 -122.4601 544.0 3.0
1.0 37.7954 -122.4081 559.0 4.0
1.0 37.7767 -122.3954 601.0 5.0
1.0 37.7786 -122.3932 602.0 6.0
1.0 37.7786 -122.3932 603.0 7.0
1.0 37.7855 -122.4078 610.0 8.0
1.0 37.7839 -122.4176 618.0 9.0
1.0 37.7840 -122.4191 619.0 10.0
1.0 37.7733 -122.4185 624.0 11.0
1.0 37.7724 -122.4190 625.0 12.0
1.0 37.7724 -122.4190 626.0 13.0
1.0 37.7928 -122.3933 636.0 14.0
1.0 37.7833 -122.3935 640.0 15.0
1.0 37.7870 -122.3886 641.0 16.0
1.0 37.7948 -122.3934 645.0 17.0
1.0 37.7846 -122.4089 655.0 18.0
1.0 37.7846 -122.4091 660.0 19.0
1.0 37.7848 -122.4094 661.0 20.0
1.0 37.7855 -122.4214 667.0 21.0
1.0 37.8067 -122.4106 695.0 22.0
1.0 37.8038 -122.4098 696.0 23.0
1.0 37.7999 -122.4090 697.0 24.0
1.0 37.8084 -122.4101 718.0 25.0
1.0 37.8080 -122.4125 719.0 26.0
1.0 37.7889 -122.4084 730.0 27.0
1.0 37.7767 -122.3955 744.0 28.0
1.0 37.7764 -122.3986 745.0 29.0
1.0 37.7877 -122.4117 751.0 30.0
1.0 37.7945 -122.4069 767.0 31.0
1.0 37.7933 -122.4067 768.0 32.0
1.0 37.7540 -122.4498 789.0 33.0
1.0 37.7299 -122.4449 800.0 34.0
1.0 37.7304 -122.4443 801.0 35.0
1.0 37.7423 -122.4225 805.0 36.0
1.0 37.7402 -122.4220 816.0 37.0
1.0 37.7420 -122.4222 817.0 38.0
1.0 37.7388 -122.4368 822.0 39.0
1.0 37.7419 -122.4702 830.0 40.0
1.0 37.7302 -122.4763 837.0 41.0
1.0 37.7300 -122.4774 839.0 42.0
1.0 37.7841 -122.4801 852.0 43.0
1.0 37.7805 -122.4735 858.0 44.0
1.0 37.7613 -122.4297 873.0 45.0
lati longi low_tw
37.7683 -122.4278 830.0
37.7643 -122.4469 840.0
37.6594 -122.476 784.0
37.6643 -122.4756 523.0
37.6609 -122.4721 503.0
37.7636 -122.4491 814.0
37.766 -122.4281 565.0
37.6907 -122.4531 726.0
37.7674 -122.4442 530.0
37.6771 -122.3875 834.0
37.6564 -122.4756 598.0
37.7593 -122.4282 794.0
37.7665 -122.4497 514.0
37.7674 -122.4442 524.0
37.66 -122.4729 777.0
37.7667 -122.4233 489.0
37.6553 -122.4787 796.0
37.7602 -122.4437 717.0
37.7626 -122.4238 830.0
37.7646 -122.4478 526.0
37.656 -122.4479 830.0
37.6881 -122.4923 840.0
37.7139 -122.4646 784.0
37.7097 -122.5 523.0
37.7626 -122.4153 503.0
37.6697 -122.414 814.0
37.7145 -122.4072 565.0
37.797 -122.4453 726.0
37.6509 -122.415 530.0
37.6698 -122.4082 834.0
37.6941 -122.4298 598.0
37.7145 -122.4038 794.0
37.6558 -122.4586 514.0
37.6824 -122.4684 524.0
37.7575 -122.3958 777.0
37.7276 -122.4986 489.0
37.6997 -122.4851 796.0
37.7274 -122.4086 717.0
37.7108 -122.4401 830.0
37.6514 -122.4273 526.0
