cabid lati longi timestamp sequence
1.0 37.7860 -122.4090 607.0 1.0
1.0 37.6156 -122.3885 682.0 2.0
1.0 37.5880 -122.3573 728.0 3.0
1.0 37.5538 -122.3006 734.0 4.0
1.0 37.6298 -122.4024 764.0 5.0
1.0 37.6510 -122.3837 770.0 6.0
1.0 37.6465 -122.4063 801.0 7.0
1.0 37.7851 -122.4049 817.0 8.0
1.0 37.7892 -122.4032 827.0 9.0
1.0 37.7877 -122.4437 835.0 10.0
1.0 37.7797 -122.4185 848.0 11.0
1.0 37.7846 -122.4039 854.0 12.0
1.0 37.7685 -122.4164 888.0 13.0
1.0 37.7453 -122.4176 896.0 14.0
1.0 37.7624 -122.4194 903.0 15.0
1.0 37.7538 -122.3988 914.0 16.0
1.0 37.7727 -122.4028 919.0 17.0
1.0 37.7788 -122.4149 923.0 18.0
1.0 37.7953 -122.4033 951.0 19.0
1.0 37.7783 -122.4403 960.0 20.0
1.0 37.7795 -122.4387 962.0 21.0
1.0 37.7839 -122.4438 965.0 22.0
1.0 37.7874 -122.4527 970.0 23.0
1.0 37.7460 -122.4158 992.0 24.0
2.0 37.7828 -122.4122 543.0 1.0
2.0 37.7760 -122.4027 546.0 2.0
2.0 37.7645 -122.4186 557.0 3.0
2.0 37.7584 -122.4188 560.0 4.0
2.0 37.7574 -122.4190 562.0 5.0
2.0 37.7642 -122.4653 576.0 6.0
2.0 37.7663 -122.4540 580.0 7.0
2.0 37.7699 -122.4537 582.0 8.0
2.0 37.7727 -122.4410 584.0 9.0
2.0 37.7551 -122.4041 829.0 10.0
2.0 37.7966 -122.4243 847.0 11.0
2.0 37.7847 -122.4089 885.0 12.0
2.0 37.7880 -122.4187 891.0 13.0
2.0 37.7909 -122.4176 894.0 14.0
2.0 37.7641 -122.4570 910.0 15.0
2.0 37.7638 -122.4572 911.0 16.0
2.0 37.7824 -122.4022 927.0 17.0
2.0 37.7847 -122.4090 933.0 18.0
2.0 37.7804 -122.3899 941.0 19.0
2.0 37.8008 -122.4014 957.0 20.0
2.0 37.7917 -122.4097 963.0 21.0
2.0 37.7922 -122.3947 983.0 22.0
2.0 37.7799 -122.4321 1003.0 23.0
2.0 37.7781 -122.4351 1014.0 24.0
3.0 37.6159 -122.3888 644.0 1.0
3.0 37.7898 -122.4034 665.0 2.0
3.0 37.7925 -122.3981 714.0 3.0
3.0 37.7904 -122.4274 720.0 4.0
3.0 37.7855 -122.4003 772.0 5.0
3.0 37.7850 -122.4093 777.0 6.0
3.0 37.7926 -122.4036 801.0 7.0
3.0 37.7891 -122.4081 805.0 8.0
3.0 37.7931 -122.3973 820.0 9.0
3.0 37.7883 -122.4466 833.0 10.0
3.0 37.7919 -122.4096 843.0 11.0
3.0 37.6164 -122.3884 870.0 12.0
3.0 37.7917 -122.4074 980.0 13.0
3.0 37.8077 -122.4190 989.0 14.0
3.0 37.8077 -122.4190 990.0 15.0
3.0 37.7919 -122.4125 998.0 16.0
3.0 37.7918 -122.4073 1003.0 17.0
3.0 37.7968 -122.3994 1010.0 18.0
4.0 37.7695 -122.4442 628.0 1.0
4.0 37.7541 -122.4394 636.0 2.0
4.0 37.7742 -122.4408 651.0 3.0
4.0 37.7637 -122.4572 657.0 4.0
4.0 37.7638 -122.4580 663.0 5.0
4.0 37.6179 -122.3868 714.0 6.0
4.0 37.6162 -122.3882 801.0 7.0
4.0 37.7514 -122.3943 819.0 8.0
4.0 37.7546 -122.4050 830.0 9.0
4.0 37.7523 -122.4181 839.0 10.0
4.0 37.7573 -122.4188 842.0 11.0
4.0 37.7959 -122.4293 858.0 12.0
4.0 37.7913 -122.3989 869.0 13.0
4.0 37.7689 -122.4277 879.0 14.0
4.0 37.7804 -122.4128 888.0 15.0
4.0 37.7732 -122.4031 894.0 16.0
4.0 37.7828 -122.3952 905.0 17.0
4.0 37.6157 -122.3915 924.0 18.0
4.0 37.7882 -122.4047 977.0 19.0
4.0 37.8000 -122.4075 984.0 20.0
4.0 37.7996 -122.4361 993.0 21.0
4.0 37.7813 -122.4609 1003.0 22.0
4.0 37.7875 -122.4624 1009.0 23.0
5.0 37.7947 -122.4255 1014.0 1.0
lati longi low_tw
37.7982 -122.4253 681.0
37.7477 -122.4849 708.0
37.7988 -122.4305 650.0
37.6935 -122.393 503.0
37.6919 -122.4082 881.0
37.7976 -122.4254 685.0
37.7527 -122.4818 740.0
37.6854 -122.414 574.0
37.6661 -122.4484 672.0
37.7473 -122.4835 706.0
37.795 -122.4229 904.0
37.8009 -122.4286 516.0
37.6624 -122.4491 902.0
37.6605 -122.4492 693.0
37.6928 -122.3946 608.0
37.7525 -122.4795 501.0
37.6607 -122.4565 612.0
37.7478 -122.4868 528.0
37.7486 -122.4863 870.0
37.7516 -122.486 719.0
37.6627 -122.4494 509.0
37.6647 -122.4502 597.0
37.795 -122.4322 854.0
37.7527 -122.4844 640.0
37.6606 -122.4532 941.0
37.6656 -122.4518 798.0
37.6851 -122.4097 568.0
37.7495 -122.486 621.0
37.6611 -122.454 545.0
37.7968 -122.4324 786.0
37.6924 -122.4092 631.0
37.6672 -122.4478 588.0
37.7934 -122.4266 510.0
37.7542 -122.4797 659.0
37.7516 -122.4798 517.0
37.7998 -122.4259 644.0
37.7468 -122.4829 543.0
37.7522 -122.4846 490.0
37.6921 -122.3948 597.0
37.6843 -122.4 751.0
37.6665 -122.4484 778.0
37.6603 -122.4516 540.0
37.7466 -122.4807 955.0
37.69 -122.397 750.0
37.6574 -122.4484 904.0
37.7451 -122.4796 626.0
37.7467 -122.4794 943.0
37.6617 -122.4471 922.0
37.8018 -122.428 833.0
37.8019 -122.4257 867.0
37.687 -122.3983 482.0
37.7513 -122.4799 737.0
37.7451 -122.4852 863.0
37.7949 -122.4319 557.0
37.8033 -122.4313 541.0
37.8018 -122.4296 515.0
37.7482 -122.4869 659.0
37.685 -122.4123 719.0
37.8019 -122.4297 776.0
37.689 -122.4158 500.0
37.7448 -122.4841 484.0
37.667 -122.4539 948.0
37.6637 -122.454 583.0
37.7457 -122.4796 714.0
37.7489 -122.4839 951.0
37.8017 -122.4231 542.0
37.751 -122.4793 754.0
37.8018 -122.4274 710.0
37.7451 -122.4811 859.0
37.754 -122.48 850.0
37.7598 -122.3961 681.0
37.7707 -122.4162 708.0
37.6869 -122.4223 650.0
37.7369 -122.4141 503.0
37.7355 -122.4536 881.0
37.7918 -122.4328 685.0
37.7599 -122.3926 740.0
37.7209 -122.4838 574.0
37.7762 -122.399 672.0
37.7546 -122.4672 706.0
37.7705 -122.4467 904.0
37.7344 -122.454 516.0
37.7164 -122.4574 902.0
37.6678 -122.4296 693.0
37.7598 -122.3932 608.0
37.7239 -122.4131 501.0
37.7196 -122.4421 612.0
37.7358 -122.4589 528.0
37.6522 -122.3961 870.0
37.7942 -122.4575 719.0
37.6898 -122.4996 509.0
37.6918 -122.3928 597.0
37.6941 -122.4317 854.0
37.7474 -122.453 640.0
37.7724 -122.4249 941.0
37.7047 -122.4465 798.0
37.7227 -122.4813 568.0
37.7502 -122.4656 621.0
37.7813 -122.4095 545.0
37.7699 -122.3915 786.0
37.6836 -122.472 631.0
37.7454 -122.4368 588.0
37.6869 -122.4034 510.0
37.671 -122.395 659.0
37.7397 -122.4468 517.0
37.6644 -122.4071 644.0
37.6576 -122.4432 543.0
37.7385 -122.3926 490.0
37.7583 -122.4618 597.0
37.6969 -122.4646 751.0
37.6668 -122.4851 778.0
37.7625 -122.4904 540.0
37.7376 -122.401 955.0
37.7675 -122.4104 750.0
37.7478 -122.4384 904.0
37.747 -122.4067 626.0
37.6516 -122.4738 943.0
37.6859 -122.4298 922.0
37.6916 -122.4019 833.0
37.6941 -122.4712 867.0
37.7269 -122.4927 482.0
37.708 -122.4085 737.0
37.7904 -122.41 863.0
37.7593 -122.4188 557.0
37.7687 -122.3966 541.0
37.6952 -122.4033 515.0
37.7291 -122.4717 659.0
37.7281 -122.4975 719.0
37.6793 -122.4154 776.0
37.7842 -122.4761 500.0
37.7215 -122.4954 484.0
37.728 -122.4712 948.0
37.7552 -122.4185 583.0
37.6909 -122.4368 714.0
37.7267 -122.4459 951.0
37.6525 -122.4475 542.0
37.6805 -122.4248 754.0
37.6587 -122.4743 710.0
37.7865 -122.4102 859.0
37.7055 -122.4163 850.0
