cabid lati longi timestamp sequence
1.0 37.7699 -122.4333 545.0 1.0
1.0 37.7872 -122.4085 555.0 2.0
1.0 37.7866 -122.4529 614.0 3.0
1.0 37.6605 -122.4773 639.0 4.0
1.0 37.7749 -122.4531 667.0 5.0
1.0 37.7591 -122.4374 676.0 6.0
1.0 37.7576 -122.4355 679.0 7.0
1.0 37.7761 -122.4215 689.0 8.0
1.0 37.7993 -122.4088 709.0 9.0
1.0 37.7935 -122.4125 713.0 10.0
1.0 37.7880 -122.4189 720.0 11.0
2.0 37.7791 -122.3973 777.0 1.0
2.0 37.7909 -122.4340 793.0 2.0
2.0 37.7879 -122.4080 822.0 3.0
2.0 37.8007 -122.4446 833.0 4.0
2.0 37.8049 -122.4351 846.0 5.0
2.0 37.6154 -122.3846 873.0 6.0
2.0 37.6646 -122.3978 907.0 7.0
2.0 37.8063 -122.4157 967.0 8.0
2.0 37.8077 -122.4202 972.0 9.0
2.0 37.7860 -122.4221 983.0 10.0
2.0 37.7876 -122.4083 994.0 11.0
2.0 37.8090 -122.4180 1004.0 12.0
2.0 37.8061 -122.4183 1011.0 13.0
3.0 37.6178 -122.3865 645.0 1.0
3.0 37.7845 -122.4094 663.0 2.0
3.0 37.7299 -122.4450 677.0 3.0
3.0 37.7489 -122.4182 690.0 4.0
3.0 37.7489 -122.4206 692.0 5.0
3.0 37.7464 -122.4125 697.0 6.0
3.0 37.7936 -122.4013 713.0 7.0
3.0 37.8057 -122.4055 718.0 8.0
3.0 37.7925 -122.4036 730.0 9.0
3.0 37.7976 -122.4137 735.0 10.0
3.0 37.7888 -122.3985 771.0 11.0
3.0 37.7980 -122.4359 785.0 12.0
3.0 37.7921 -122.4261 789.0 13.0
3.0 37.7867 -122.4255 790.0 14.0
3.0 37.7578 -122.4019 835.0 15.0
3.0 37.7883 -122.4035 844.0 16.0
3.0 37.7919 -122.4030 853.0 17.0
3.0 37.8007 -122.4210 859.0 18.0
3.0 37.8010 -122.4228 885.0 19.0
3.0 37.6180 -122.3867 916.0 20.0
3.0 37.7659 -122.4068 970.0 21.0
3.0 37.7865 -122.4115 982.0 22.0
3.0 37.7933 -122.4003 997.0 23.0
3.0 37.7842 -122.4224 1008.0 24.0
3.0 37.7883 -122.4090 1013.0 25.0
3.0 37.7874 -122.4035 1019.0 26.0
4.0 37.6162 -122.3883 545.0 1.0
4.0 37.7864 -122.4046 565.0 2.0
4.0 37.7716 -122.3987 586.0 3.0
4.0 37.7858 -122.4382 604.0 4.0
4.0 37.7830 -122.4275 613.0 5.0
4.0 37.7834 -122.4406 616.0 6.0
4.0 37.7816 -122.4462 630.0 7.0
4.0 37.7814 -122.4461 631.0 8.0
4.0 37.7850 -122.4420 638.0 9.0
4.0 37.7810 -122.4638 645.0 10.0
4.0 37.7215 -122.4562 667.0 11.0
4.0 37.7235 -122.4562 675.0 12.0
4.0 37.7544 -122.5023 690.0 13.0
4.0 37.7729 -122.4799 705.0 14.0
4.0 37.7875 -122.4058 723.0 15.0
4.0 37.7924 -122.3951 760.0 16.0
4.0 37.7794 -122.4185 767.0 17.0
4.0 37.7792 -122.4184 768.0 18.0
4.0 37.7902 -122.4036 776.0 19.0
4.0 37.7917 -122.3984 830.0 20.0
4.0 37.7895 -122.4082 838.0 21.0
4.0 37.7979 -122.4144 845.0 22.0
4.0 37.7992 -122.4088 851.0 23.0
4.0 37.8014 -122.4022 854.0 24.0
4.0 37.7899 -122.3999 858.0 25.0
4.0 37.7899 -122.4000 859.0 26.0
4.0 37.7885 -122.4102 862.0 27.0
4.0 37.7898 -122.3997 869.0 28.0
4.0 37.6149 -122.3853 890.0 29.0
4.0 37.7767 -122.3954 991.0 30.0
4.0 37.7905 -122.4085 1000.0 31.0
4.0 37.7882 -122.4068 1004.0 32.0
4.0 37.7848 -122.4001 1013.0 33.0
4.0 37.7872 -122.4031 1015.0 34.0
5.0 37.7255 -122.4341 825.0 1.0
5.0 37.6507 -122.4068 862.0 2.0
5.0 37.7947 -122.4006 878.0 3.0
5.0 37.6019 -122.3795 937.0 4.0
5.0 37.6004 -122.3840 954.0 5.0
5.0 37.6039 -122.3825 970.0 6.0
lati longi low_tw
37.7643 -122.4185 801.0
37.6574 -122.4242 767.0
37.7763 -122.4164 656.0
37.7794 -122.4211 939.0
37.6989 -122.4572 553.0
37.6646 -122.418 529.0
37.6923 -122.4516 556.0
37.7646 -122.4242 855.0
37.6584 -122.4192 822.0
37.7668 -122.4192 656.0
37.7624 -122.4194 768.0
37.6931 -122.458 960.0
37.7732 -122.4203 890.0
37.7657 -122.4202 938.0
37.7607 -122.4158 523.0
37.7671 -122.4162 922.0
37.7767 -122.419 854.0
37.7645 -122.4219 879.0
37.7596 -122.4225 586.0
37.7585 -122.4913 846.0
37.7633 -122.4242 714.0
37.7779 -122.4172 615.0
37.7655 -122.422 576.0
37.7744 -122.4152 527.0
37.7684 -122.4195 769.0
37.7602 -122.4192 558.0
37.6641 -122.42 643.0
37.761 -122.4231 628.0
37.7729 -122.4173 937.0
37.76 -122.4963 619.0
37.7658 -122.4236 648.0
37.6907 -122.4531 912.0
37.7664 -122.4168 944.0
37.7721 -122.4147 751.0
37.769 -122.4179 726.0
37.6931 -122.4588 491.0
37.6973 -122.4542 674.0
37.7667 -122.4174 522.0
37.7605 -122.4916 700.0
37.7648 -122.4207 771.0
37.7636 -122.423 628.0
37.6991 -122.46 569.0
37.759 -122.492 749.0
37.7644 -122.4181 487.0
37.6622 -122.4242 793.0
37.6603 -122.4177 884.0
37.7691 -122.4223 575.0
37.7642 -122.4199 865.0
37.7675 -122.4187 611.0
37.6575 -122.4235 698.0
37.7655 -122.4224 495.0
37.7625 -122.4206 692.0
37.7538 -122.4913 589.0
37.696 -122.4553 799.0
37.7775 -122.4198 915.0
37.6592 -122.4206 951.0
37.764 -122.4177 770.0
37.7685 -122.417 683.0
37.6906 -122.4599 939.0
37.7658 -122.4194 898.0
37.6604 -122.4177 679.0
37.7728 -122.4234 662.0
37.7693 -122.4241 805.0
37.7694 -122.4183 910.0
37.7525 -122.4901 920.0
37.6635 -122.4185 632.0
37.7613 -122.4205 819.0
37.753 -122.4949 881.0
37.6602 -122.4243 711.0
37.7616 -122.4178 562.0
37.6637 -122.4168 781.0
37.6614 -122.4233 680.0
37.7582 -122.492 715.0
37.7774 -122.4236 527.0
37.7673 -122.4196 815.0
37.7727 -122.4226 851.0
37.6612 -122.4191 671.0
37.6581 -122.4208 866.0
37.6576 -122.419 636.0
37.6941 -122.458 512.0
37.7317 -122.4217 801.0
37.6658 -122.4569 767.0
37.7981 -122.4535 656.0
37.7483 -122.398 939.0
37.6786 -122.396 553.0
37.75 -122.4549 529.0
37.7692 -122.435 556.0
37.7749 -122.4279 855.0
37.7909 -122.3972 822.0
37.6892 -122.4445 656.0
37.7712 -122.4518 768.0
37.7856 -122.3952 960.0
37.7179 -122.4561 890.0
37.7845 -122.3908 938.0
37.7187 -122.3983 523.0
37.7751 -122.4516 922.0
37.7669 -122.4182 854.0
37.7872 -122.4067 879.0
37.6994 -122.4824 586.0
37.7396 -122.495 846.0
37.7429 -122.4143 714.0
37.7508 -122.4307 615.0
37.742 -122.4885 576.0
37.6573 -122.4856 527.0
37.7335 -122.4545 769.0
37.663 -122.4224 558.0
37.7366 -122.3988 643.0
37.7817 -122.4672 628.0
37.6812 -122.493 937.0
37.7365 -122.3963 619.0
37.7607 -122.4508 648.0
37.7828 -122.4541 912.0
37.6856 -122.472 944.0
37.6613 -122.402 751.0
37.7168 -122.4353 726.0
37.724 -122.4746 491.0
37.7149 -122.4953 674.0
37.6761 -122.4455 522.0
37.7555 -122.4005 700.0
37.6569 -122.4067 771.0
37.6897 -122.4066 628.0
37.7032 -122.4863 569.0
37.707 -122.4428 749.0
37.7102 -122.4661 487.0
37.6876 -122.4592 793.0
37.775 -122.3963 884.0
37.7447 -122.4799 575.0
37.6999 -122.4487 865.0
37.6623 -122.481 611.0
37.664 -122.4337 698.0
37.7594 -122.4122 495.0
37.742 -122.4597 692.0
37.7895 -122.4309 589.0
37.744 -122.4565 799.0
37.6552 -122.4778 915.0
37.7174 -122.4399 951.0
37.66 -122.4258 770.0
37.7234 -122.4789 683.0
37.6852 -122.4621 939.0
37.7943 -122.4606 898.0
37.7284 -122.4444 679.0
37.6742 -122.484 662.0
37.6969 -122.4806 805.0
37.7422 -122.409 910.0
37.7347 -122.4802 920.0
37.7475 -122.4697 632.0
37.7481 -122.4734 819.0
37.7094 -122.4245 881.0
37.7479 -122.4545 711.0
37.738 -122.4806 562.0
37.7301 -122.4933 781.0
37.6795 -122.4869 680.0
37.7659 -122.4354 715.0
37.6799 -122.4843 527.0
37.6948 -122.3971 815.0
37.6639 -122.4283 851.0
37.7892 -122.4397 671.0
37.7624 -122.3962 866.0
37.7182 -122.465 636.0
37.7694 -122.4625 512.0
