cabid lati longi timestamp sequence
4.0 37.7740 -122.4410 658.0 4.0
4.0 37.7848 -122.4381 664.0 5.0
4.0 37.7872 -122.4098 680.0 6.0
4.0 37.7804 -122.3898 689.0 7.0
4.0 37.7875 -122.4072 697.0 8.0
4.0 37.7899 -122.4052 703.0 9.0
4.0 37.7948 -122.4005 707.0 10.0
4.0 37.7952 -122.4207 716.0 11.0
4.0 37.7915 -122.4021 746.0 12.0
4.0 37.7669 -122.4028 758.0 13.0
4.0 37.7821 -122.4093 766.0 14.0
4.0 37.7923 -122.4040 776.0 15.0
4.0 37.7887 -122.4052 784.0 16.0
4.0 37.7799 -122.4599 799.0 17.0
4.0 37.7866 -122.4521 806.0 18.0
4.0 37.7861 -122.4108 821.0 19.0
4.0 37.8016 -122.4120 860.0 20.0
4.0 37.7941 -122.4214 865.0 21.0
5.0 37.6152 -122.3903 601.0 1.0
5.0 37.7851 -122.4005 616.0 2.0
5.0 37.6177 -122.3861 639.0 3.0
5.0 37.7944 -122.4018 660.0 4.0
5.0 37.6153 -122.3899 769.0 5.0
5.0 37.7641 -122.4362 787.0 6.0
5.0 37.6177 -122.3859 851.0 7.0
5.0 37.7846 -122.4045 915.0 8.0
5.0 37.6152 -122.3902 998.0 9.0
6.0 37.7891 -122.4029 750.0 1.0
6.0 37.7991 -122.4085 762.0 2.0
6.0 37.7698 -122.4133 779.0 3.0
6.0 37.7643 -122.4131 783.0 4.0
6.0 37.7618 -122.4193 785.0 5.0
6.0 37.7702 -122.4692 807.0 6.0
6.0 37.7691 -122.4682 808.0 7.0
6.0 37.7874 -122.4039 828.0 8.0
6.0 37.7876 -122.4004 831.0 9.0
6.0 37.7803 -122.4168 837.0 10.0
6.0 37.7819 -122.4177 845.0 11.0
6.0 37.7816 -122.4157 846.0 12.0
6.0 37.6149 -122.3852 864.0 13.0
6.0 37.7702 -122.4041 993.0 14.0
6.0 37.7714 -122.4087 994.0 15.0
6.0 37.7900 -122.4221 1005.0 16.0
6.0 37.7905 -122.4208 1006.0 17.0
6.0 37.7899 -122.4032 1012.0 18.0
1.0 37.7699 -122.4333 545.0 1.0
1.0 37.7872 -122.4085 555.0 2.0
1.0 37.7866 -122.4529 614.0 3.0
1.0 37.6605 -122.4773 639.0 4.0
1.0 37.7749 -122.4531 667.0 5.0
1.0 37.7591 -122.4374 676.0 6.0
1.0 37.7576 -122.4355 679.0 7.0
1.0 37.7761 -122.4215 689.0 8.0
1.0 37.7993 -122.4088 709.0 9.0
1.0 37.7935 -122.4125 713.0 10.0
1.0 37.7880 -122.4189 720.0 11.0
2.0 37.7791 -122.3973 777.0 1.0
2.0 37.7909 -122.4340 793.0 2.0
2.0 37.7879 -122.4080 822.0 3.0
2.0 37.8007 -122.4446 833.0 4.0
2.0 37.8049 -122.4351 846.0 5.0
2.0 37.6154 -122.3846 873.0 6.0
2.0 37.6646 -122.3978 907.0 7.0
2.0 37.8063 -122.4157 967.0 8.0
2.0 37.8077 -122.4202 972.0 9.0
2.0 37.7860 -122.4221 983.0 10.0
2.0 37.7876 -122.4083 994.0 11.0
2.0 37.8090 -122.4180 1004.0 12.0
2.0 37.8061 -122.4183 1011.0 13.0
3.0 37.6178 -122.3865 645.0 1.0
3.0 37.7845 -122.4094 663.0 2.0
3.0 37.7299 -122.4450 677.0 3.0
3.0 37.7489 -122.4182 690.0 4.0
3.0 37.7489 -122.4206 692.0 5.0
3.0 37.7464 -122.4125 697.0 6.0
3.0 37.7936 -122.4013 713.0 7.0
3.0 37.8057 -122.4055 718.0 8.0
3.0 37.7925 -122.4036 730.0 9.0
3.0 37.7976 -122.4137 735.0 10.0
3.0 37.7888 -122.3985 771.0 11.0
3.0 37.7980 -122.4359 785.0 12.0
3.0 37.7921 -122.4261 789.0 13.0
3.0 37.7867 -122.4255 790.0 14.0
3.0 37.7578 -122.4019 835.0 15.0
3.0 37.7883 -122.4035 844.0 16.0
3.0 37.7919 -122.4030 853.0 17.0
3.0 37.8007 -122.4210 859.0 18.0
3.0 37.8010 -122.4228 885.0 19.0
3.0 37.6180 -122.3867 916.0 20.0
3.0 37.7659 -122.4068 970.0 21.0
lati longi low_tw
37.7748 -122.471 891.0
37.6785 -122.3888 752.0
37.6722 -122.4281 535.0
37.7576 -122.4674 830.0
37.8086 -122.4842 755.0
37.801 -122.483 568.0
37.6719 -122.4344 842.0
37.7787 -122.4705 784.0
37.7537 -122.4686 785.0
37.6727 -122.4255 909.0
37.754 -122.4735 802.0
37.6708 -122.4269 609.0
37.7562 -122.471 773.0
37.7615 -122.4729 637.0
37.7742 -122.4716 664.0
37.7568 -122.474 817.0
37.6702 -122.3865 673.0
37.6748 -122.3859 911.0
37.7732 -122.4746 537.0
37.6794 -122.3851 815.0
37.699 -122.3972 891.0
37.7143 -122.4767 752.0
37.7985 -122.4687 535.0
37.762 -122.4054 830.0
37.6833 -122.4587 755.0
37.6624 -122.4736 568.0
37.6779 -122.4466 842.0
37.7119 -122.4004 784.0
37.7313 -122.4731 785.0
37.7348 -122.4251 909.0
37.6839 -122.4521 802.0
37.6682 -122.4537 609.0
37.7773 -122.4416 773.0
37.6818 -122.4176 637.0
37.7598 -122.4764 664.0
37.6595 -122.4064 817.0
37.666 -122.4144 673.0
37.7926 -122.399 911.0
37.6998 -122.4648 537.0
37.7247 -122.4646 815.0
