cabid lati longi timestamp sequence
1.0 37.7905 -122.4058 540.0 1.0
2.0 37.6247 -122.4011 613.0 1.0
2.0 37.8067 -122.4106 633.0 2.0
2.0 37.8060 -122.4179 639.0 3.0
2.0 37.7965 -122.4022 646.0 4.0
2.0 37.7929 -122.3961 659.0 5.0
2.0 37.7989 -122.4083 668.0 6.0
2.0 37.7945 -122.3998 683.0 7.0
2.0 37.8012 -122.4018 688.0 8.0
2.0 37.7947 -122.3977 709.0 9.0
2.0 37.7953 -122.2695 726.0 10.0
2.0 37.7949 -122.3976 759.0 11.0
2.0 37.7892 -122.4106 766.0 12.0
2.0 37.7885 -122.4056 769.0 13.0
2.0 37.7914 -122.3943 775.0 14.0
2.0 37.7909 -122.4041 789.0 15.0
2.0 37.7897 -122.4137 792.0 16.0
2.0 37.7885 -122.4047 795.0 17.0
2.0 37.7725 -122.4041 805.0 18.0
2.0 37.7854 -122.3965 817.0 19.0
2.0 37.8000 -122.4411 832.0 20.0
2.0 37.8004 -122.4396 833.0 21.0
2.0 37.7965 -122.4252 837.0 22.0
2.0 37.7959 -122.4215 842.0 23.0
2.0 37.7947 -122.4007 847.0 24.0
2.0 37.6088 -122.3903 904.0 25.0
2.0 37.5577 -122.2869 927.0 26.0
2.0 37.6177 -122.3864 999.0 27.0
3.0 37.7575 -122.4090 577.0 1.0
3.0 37.6820 -122.3888 619.0 2.0
3.0 37.7833 -122.4404 712.0 3.0
3.0 37.7239 -122.4359 740.0 4.0
3.0 37.7577 -122.4191 755.0 5.0
3.0 37.7927 -122.4334 768.0 6.0
3.0 37.7859 -122.4333 772.0 7.0
3.0 37.7408 -122.4310 790.0 8.0
3.0 37.7422 -122.4252 803.0 9.0
3.0 37.7226 -122.4442 809.0 10.0
3.0 37.7209 -122.4355 821.0 11.0
3.0 37.7613 -122.4277 833.0 12.0
3.0 37.7926 -122.4031 994.0 13.0
3.0 37.7858 -122.4249 1002.0 14.0
3.0 37.7854 -122.4164 1006.0 15.0
3.0 37.7671 -122.4002 1015.0 16.0
4.0 37.6132 -122.3842 616.0 1.0
4.0 37.7449 -122.4400 642.0 2.0
4.0 37.7882 -122.4034 662.0 3.0
4.0 37.7910 -122.3994 664.0 4.0
4.0 37.6150 -122.3851 683.0 5.0
4.0 37.6172 -122.3875 773.0 6.0
4.0 37.7831 -122.4178 790.0 7.0
4.0 37.7873 -122.4168 794.0 8.0
4.0 37.7764 -122.4179 799.0 9.0
4.0 37.7882 -122.4030 811.0 10.0
4.0 37.7869 -122.3881 820.0 11.0
4.0 37.7831 -122.3892 825.0 12.0
4.0 37.6180 -122.3865 842.0 13.0
4.0 37.7886 -122.4056 999.0 14.0
4.0 37.7858 -122.4211 1003.0 15.0
4.0 37.7721 -122.4141 1018.0 16.0
5.0 37.7767 -122.3955 542.0 1.0
5.0 37.7923 -122.4061 552.0 2.0
5.0 37.7610 -122.4306 586.0 3.0
5.0 37.7882 -122.4166 601.0 4.0
5.0 37.7926 -122.4335 615.0 5.0
5.0 37.7576 -122.4189 625.0 6.0
5.0 37.7624 -122.4351 638.0 7.0
5.0 37.7945 -122.4029 654.0 8.0
5.0 37.7929 -122.4009 656.0 9.0
5.0 37.7890 -122.4117 661.0 10.0
5.0 37.7848 -122.4001 694.0 11.0
5.0 37.7742 -122.4294 700.0 12.0
5.0 37.7738 -122.4396 710.0 13.0
5.0 37.8057 -122.4130 727.0 14.0
5.0 37.8054 -122.4119 728.0 15.0
5.0 37.7968 -122.4049 734.0 16.0
5.0 37.7930 -122.3928 760.0 17.0
5.0 37.6548 -122.3817 779.0 18.0
5.0 37.7900 -122.4040 823.0 19.0
5.0 37.7855 -122.4380 832.0 20.0
5.0 37.7912 -122.4020 875.0 21.0
5.0 37.7802 -122.3899 881.0 22.0
5.0 37.7484 -122.3968 916.0 23.0
5.0 37.7484 -122.3968 918.0 24.0
5.0 37.7036 -122.3941 937.0 25.0
6.0 37.8030 -122.4201 902.0 1.0
6.0 37.7867 -122.3980 996.0 2.0
6.0 37.7906 -122.4024 1005.0 3.0
6.0 37.8069 -122.4105 1016.0 4.0
6.0 37.8035 -122.4150 1019.0 5.0
lati longi low_tw
37.7186 -122.458 621.0
37.7177 -122.4644 796.0
37.7891 -122.4603 899.0
37.7169 -122.4255 677.0
37.7095 -122.4612 629.0
37.7039 -122.4533 931.0
37.7181 -122.4638 943.0
37.7716 -122.4361 515.0
37.7743 -122.4375 897.0
37.7761 -122.4354 631.0
37.7213 -122.4642 700.0
37.7131 -122.4242 702.0
37.7213 -122.4639 643.0
37.7876 -122.4672 580.0
37.7173 -122.4206 721.0
37.7116 -122.4257 653.0
37.715 -122.421 734.0
37.7147 -122.4263 814.0
37.7225 -122.465 684.0
37.788 -122.4629 910.0
37.7247 -122.4607 577.0
37.7883 -122.4624 864.0
37.7173 -122.4275 677.0
37.7866 -122.4636 710.0
37.7182 -122.4629 684.0
37.7205 -122.4289 918.0
37.7168 -122.4215 681.0
37.71 -122.4554 631.0
37.7254 -122.4569 893.0
37.7247 -122.4611 535.0
37.7017 -122.4603 657.0
37.719 -122.425 833.0
37.7227 -122.4633 681.0
37.7165 -122.4231 797.0
37.7184 -122.4567 831.0
37.7181 -122.4224 654.0
37.7121 -122.4289 739.0
37.7125 -122.4238 779.0
37.7742 -122.4428 511.0
37.7203 -122.425 781.0
37.7245 -122.4584 553.0
37.7017 -122.4542 824.0
37.7901 -122.4645 885.0
37.714 -122.4299 595.0
37.7143 -122.4286 737.0
37.7236 -122.4598 773.0
37.7216 -122.4635 631.0
37.7113 -122.4214 836.0
37.7188 -122.4604 739.0
37.7834 -122.4621 853.0
37.7048 -122.4567 502.0
37.71 -122.4538 909.0
37.7169 -122.4644 932.0
37.7204 -122.4586 680.0
37.773 -122.4444 862.0
37.7711 -122.4411 929.0
37.7078 -122.4562 585.0
37.7175 -122.4234 905.0
37.7693 -122.4377 541.0
37.7042 -122.4584 856.0
37.7172 -122.4655 537.0
37.7034 -122.4572 518.0
37.711 -122.4605 677.0
37.7019 -122.4555 528.0
37.724 -122.4577 665.0
37.7178 -122.4209 678.0
37.7051 -122.4562 612.0
37.7232 -122.4582 487.0
37.7776 -122.4444 637.0
37.7111 -122.4287 658.0
37.7869 -122.4695 635.0
37.7154 -122.4251 722.0
37.7102 -122.4579 842.0
37.7853 -122.4614 697.0
37.7099 -122.4535 831.0
37.714 -122.4243 584.0
37.7174 -122.427 754.0
37.7155 -122.4245 913.0
37.7189 -122.4295 900.0
37.723 -122.4606 503.0
37.7527 -122.4377 621.0
37.7278 -122.4889 796.0
37.7001 -122.4644 899.0
37.7488 -122.4806 677.0
37.7816 -122.4365 629.0
37.6977 -122.459 931.0
37.7925 -122.4119 943.0
37.7123 -122.4091 515.0
37.7208 -122.391 897.0
37.7239 -122.416 631.0
37.7401 -122.4417 700.0
37.6557 -122.4294 702.0
37.7334 -122.4824 643.0
37.6913 -122.4437 580.0
37.7081 -122.429 721.0
37.7554 -122.4738 653.0
37.6715 -122.4607 734.0
37.6616 -122.4138 814.0
37.7449 -122.4927 684.0
37.761 -122.4552 910.0
37.781 -122.4888 577.0
37.745 -122.4558 864.0
37.7442 -122.4772 677.0
37.6772 -122.4131 710.0
37.6513 -122.4626 684.0
37.696 -122.4852 918.0
37.7791 -122.4713 681.0
37.7547 -122.4308 631.0
37.6761 -122.4285 893.0
37.6827 -122.4688 535.0
37.7026 -122.4299 657.0
37.7452 -122.4768 833.0
37.7832 -122.3931 681.0
37.6872 -122.3936 797.0
37.6908 -122.4546 831.0
37.7384 -122.4553 654.0
37.7828 -122.4521 739.0
37.7252 -122.4195 779.0
37.7186 -122.448 511.0
37.6683 -122.427 781.0
37.6738 -122.4722 553.0
37.7659 -122.4388 824.0
37.6829 -122.4 885.0
37.7949 -122.4808 595.0
37.6681 -122.4108 737.0
37.7613 -122.4257 773.0
37.7768 -122.3975 631.0
37.7205 -122.4359 836.0
37.6753 -122.4614 739.0
37.7933 -122.4424 853.0
37.7075 -122.4195 502.0
37.7443 -122.444 909.0
37.6901 -122.4087 932.0
37.7476 -122.4817 680.0
37.7162 -122.4196 862.0
37.7836 -122.4239 929.0
37.7246 -122.449 585.0
37.761 -122.4284 905.0
37.6795 -122.4972 541.0
37.7564 -122.4784 856.0
37.7108 -122.4499 537.0
37.7235 -122.4996 518.0
37.7927 -122.4254 677.0
37.7421 -122.4519 528.0
37.7461 -122.4075 665.0
37.6657 -122.4573 678.0
37.6846 -122.4329 612.0
37.7844 -122.451 487.0
37.6763 -122.4164 637.0
37.6666 -122.4506 658.0
37.6608 -122.4967 635.0
37.7285 -122.4837 722.0
37.7943 -122.4828 842.0
37.6732 -122.4258 697.0
37.6714 -122.4602 831.0
37.6766 -122.3984 584.0
37.7781 -122.4076 754.0
37.675 -122.4449 913.0
37.7103 -122.4463 900.0
37.6614 -122.4661 503.0
