cabid lati longi timestamp sequence
4.0 37.7449 -122.4400 642.0 2.0
4.0 37.7882 -122.4034 662.0 3.0
4.0 37.7910 -122.3994 664.0 4.0
4.0 37.6150 -122.3851 683.0 5.0
4.0 37.6172 -122.3875 773.0 6.0
4.0 37.7831 -122.4178 790.0 7.0
4.0 37.7873 -122.4168 794.0 8.0
4.0 37.7764 -122.4179 799.0 9.0
4.0 37.7882 -122.4030 811.0 10.0
4.0 37.7869 -122.3881 820.0 11.0
4.0 37.7831 -122.3892 825.0 12.0
4.0 37.6180 -122.3865 842.0 13.0
4.0 37.7886 -122.4056 999.0 14.0
4.0 37.7858 -122.4211 1003.0 15.0
4.0 37.7721 -122.4141 1018.0 16.0
5.0 37.7767 -122.3955 542.0 1.0
5.0 37.7923 -122.4061 552.0 2.0
5.0 37.7610 -122.4306 586.0 3.0
5.0 37.7882 -122.4166 601.0 4.0
5.0 37.7926 -122.4335 615.0 5.0
5.0 37.7576 -122.4189 625.0 6.0
5.0 37.7624 -122.4351 638.0 7.0
5.0 37.7945 -122.4029 654.0 8.0
5.0 37.7929 -122.4009 656.0 9.0
5.0 37.7890 -122.4117 661.0 10.0
5.0 37.7848 -122.4001 694.0 11.0
5.0 37.7742 -122.4294 700.0 12.0
5.0 37.7738 -122.4396 710.0 13.0
5.0 37.8057 -122.4130 727.0 14.0
5.0 37.8054 -122.4119 728.0 15.0
5.0 37.7968 -122.4049 734.0 16.0
5.0 37.7930 -122.3928 760.0 17.0
5.0 37.6548 -122.3817 779.0 18.0
5.0 37.7900 -122.4040 823.0 19.0
5.0 37.7855 -122.4380 832.0 20.0
5.0 37.7912 -122.4020 875.0 21.0
5.0 37.7802 -122.3899 881.0 22.0
5.0 37.7484 -122.3968 916.0 23.0
5.0 37.7484 -122.3968 918.0 24.0
5.0 37.7036 -122.3941 937.0 25.0
6.0 37.8030 -122.4201 902.0 1.0
6.0 37.7867 -122.3980 996.0 2.0
6.0 37.7906 -122.4024 1005.0 3.0
6.0 37.8069 -122.4105 1016.0 4.0
6.0 37.8035 -122.4150 1019.0 5.0
1.0 37.7822 -122.4073 541.0 1.0
1.0 37.6157 -122.3878 561.0 2.0
1.0 37.6161 -122.3882 602.0 3.0
1.0 37.8063 -122.4162 629.0 4.0
2.0 37.7899 -122.3994 552.0 1.0
2.0 37.7874 -122.4083 582.0 2.0
2.0 37.7934 -122.3981 591.0 3.0
2.0 37.8006 -122.4373 620.0 4.0
2.0 37.7893 -122.4019 633.0 5.0
2.0 37.7905 -122.3977 636.0 6.0
2.0 37.7838 -122.3992 642.0 7.0
2.0 37.7874 -122.4082 655.0 8.0
2.0 37.7924 -122.4108 659.0 9.0
2.0 37.7869 -122.4093 665.0 10.0
2.0 37.7751 -122.4039 673.0 11.0
2.0 37.7932 -122.4208 687.0 12.0
2.0 37.7932 -122.4139 690.0 13.0
2.0 37.7679 -122.4290 713.0 14.0
2.0 37.7668 -122.3999 725.0 15.0
2.0 37.7626 -122.3961 732.0 16.0
2.0 37.7514 -122.3943 739.0 17.0
2.0 37.6152 -122.3902 785.0 18.0
2.0 37.7851 -122.4005 800.0 19.0
2.0 37.6161 -122.3883 821.0 20.0
2.0 37.6583 -122.4848 842.0 21.0
2.0 37.6153 -122.3902 857.0 22.0
2.0 37.5313 -122.2650 878.0 23.0
2.0 37.7560 -122.4052 920.0 24.0
2.0 37.7523 -122.4183 926.0 25.0
2.0 37.7523 -122.4187 931.0 26.0
2.0 37.7483 -122.4203 933.0 27.0
2.0 37.7554 -122.4210 942.0 28.0
2.0 37.7656 -122.4221 945.0 29.0
2.0 37.7774 -122.4132 960.0 30.0
2.0 37.7862 -122.4111 964.0 31.0
2.0 37.7856 -122.4098 972.0 32.0
2.0 37.6155 -122.3844 994.0 33.0
3.0 37.6150 -122.3924 633.0 1.0
3.0 37.7918 -122.4105 654.0 2.0
3.0 37.7904 -122.4207 668.0 3.0
3.0 37.7871 -122.4487 675.0 4.0
3.0 37.7886 -122.4501 678.0 5.0
3.0 37.7840 -122.4079 693.0 6.0
3.0 37.7922 -122.4083 713.0 7.0
3.0 37.8062 -122.4240 724.0 8.0
lati longi low_tw
37.6782 -122.388 530.0
37.7139 -122.4003 811.0
37.7575 -122.4389 541.0
37.7635 -122.4311 786.0
37.6777 -122.3913 907.0
37.7537 -122.439 892.0
37.7625 -122.4337 657.0
37.6757 -122.4476 585.0
37.6825 -122.4452 935.0
37.6783 -122.4482 859.0
37.6731 -122.3875 666.0
37.7144 -122.4018 572.0
37.7136 -122.397 760.0
37.7522 -122.4324 882.0
37.7654 -122.4316 580.0
37.7557 -122.4375 758.0
37.7092 -122.4009 915.0
37.7103 -122.3951 782.0
37.678 -122.4479 733.0
37.7547 -122.4316 942.0
37.716 -122.4008 748.0
37.7702 -122.4329 509.0
37.7622 -122.4294 727.0
37.7161 -122.4024 562.0
37.7491 -122.436 641.0
37.7488 -122.4327 618.0
37.7165 -122.3965 939.0
37.7664 -122.4337 873.0
37.7175 -122.3999 871.0
37.6813 -122.3938 733.0
37.7714 -122.4307 902.0
37.6762 -122.4421 554.0
37.7715 -122.4335 790.0
37.7488 -122.4318 580.0
37.7705 -122.4316 643.0
37.6756 -122.392 496.0
37.6849 -122.4479 772.0
37.6816 -122.441 907.0
37.7165 -122.3951 897.0
37.6773 -122.4424 786.0
37.6727 -122.3852 515.0
37.7573 -122.4307 951.0
37.6722 -122.3875 714.0
37.7571 -122.4332 649.0
37.7082 -122.4032 949.0
37.7089 -122.4027 717.0
37.6793 -122.443 659.0
37.7495 -122.432 581.0
37.7532 -122.4393 804.0
37.7703 -122.4291 690.0
37.7573 -122.4311 505.0
37.7115 -122.4034 777.0
37.6847 -122.4407 624.0
37.6843 -122.4478 620.0
37.7715 -122.4364 596.0
37.7583 -122.4385 918.0
37.7683 -122.4344 493.0
37.6751 -122.3915 536.0
37.7139 -122.397 582.0
37.7554 -122.4318 836.0
37.7531 -122.4388 946.0
37.7127 -122.4041 686.0
37.6804 -122.4439 852.0
37.6799 -122.3936 817.0
37.7089 -122.4022 777.0
37.7127 -122.3942 940.0
37.6787 -122.3929 748.0
37.7085 -122.397 770.0
37.7689 -122.431 600.0
37.7707 -122.4331 946.0
37.7034 -122.4915 530.0
37.6626 -122.3996 811.0
37.7658 -122.4052 541.0
37.7891 -122.4173 786.0
37.7902 -122.493 907.0
37.7923 -122.4102 892.0
37.6686 -122.4787 657.0
37.7929 -122.4052 585.0
37.767 -122.4492 935.0
37.6503 -122.4911 859.0
37.7133 -122.4195 666.0
37.7456 -122.437 572.0
37.7581 -122.4031 760.0
37.7026 -122.4799 882.0
37.7032 -122.4741 580.0
37.7466 -122.4002 758.0
37.7456 -122.4572 915.0
37.7802 -122.4089 782.0
37.691 -122.4747 733.0
37.7045 -122.4169 942.0
37.7632 -122.3908 748.0
37.7588 -122.4499 509.0
37.7261 -122.4699 727.0
37.674 -122.4668 562.0
37.6832 -122.4018 641.0
37.6715 -122.4061 618.0
37.6541 -122.4553 939.0
37.681 -122.4547 873.0
37.7607 -122.4429 871.0
37.7413 -122.4568 733.0
37.7245 -122.4367 902.0
37.7407 -122.4465 554.0
37.6661 -122.4956 790.0
37.7946 -122.4702 580.0
37.7779 -122.4994 643.0
37.7456 -122.4849 496.0
37.6988 -122.482 772.0
37.6737 -122.4173 907.0
37.7677 -122.4979 897.0
37.7717 -122.4353 786.0
37.725 -122.4161 515.0
37.667 -122.4134 951.0
37.6702 -122.4716 714.0
37.6872 -122.4869 649.0
37.7603 -122.4666 949.0
37.7875 -122.4616 717.0
37.6503 -122.3976 659.0
37.7411 -122.4127 581.0
37.6735 -122.3963 804.0
37.7308 -122.395 690.0
37.6735 -122.4195 505.0
37.6514 -122.4332 777.0
37.757 -122.4086 624.0
37.7002 -122.4444 620.0
37.7528 -122.4093 596.0
37.6707 -122.3906 918.0
37.6667 -122.4305 493.0
37.7497 -122.4615 536.0
37.7751 -122.4168 582.0
37.674 -122.4922 836.0
37.7408 -122.395 946.0
37.7972 -122.4701 686.0
37.7458 -122.4885 852.0
37.7622 -122.4881 817.0
37.7333 -122.4967 777.0
37.6794 -122.4404 940.0
37.7929 -122.4662 748.0
37.6558 -122.4295 770.0
37.7567 -122.4516 600.0
37.7829 -122.4468 946.0
