cabid lati longi timestamp sequence
4.0 37.6165 -122.3879 598.0 3.0
4.0 37.7902 -122.4032 617.0 4.0
4.0 37.6160 -122.3883 734.0 5.0
4.0 37.5076 -122.2514 748.0 6.0
4.0 37.6154 -122.3902 776.0 7.0
4.0 37.8033 -122.4104 802.0 8.0
4.0 37.8084 -122.4101 811.0 9.0
4.0 37.7850 -122.4349 827.0 10.0
4.0 37.7843 -122.4402 833.0 11.0
4.0 37.7797 -122.4385 841.0 12.0
4.0 37.7849 -122.4207 848.0 13.0
4.0 37.7918 -122.3942 863.0 14.0
4.0 37.7398 -122.4240 914.0 15.0
4.0 37.7409 -122.4229 915.0 16.0
4.0 37.7608 -122.4259 925.0 17.0
4.0 37.7866 -122.3978 937.0 18.0
4.0 37.7899 -122.4052 941.0 19.0
4.0 37.6177 -122.3872 971.0 20.0
4.0 37.7112 -122.3920 988.0 21.0
4.0 37.8064 -122.4151 1013.0 22.0
5.0 37.7483 -122.4250 543.0 1.0
5.0 37.7838 -122.4192 556.0 2.0
5.0 37.7856 -122.4097 593.0 3.0
5.0 37.6647 -122.3853 723.0 4.0
5.0 37.6657 -122.3854 724.0 5.0
5.0 37.6648 -122.3855 725.0 6.0
5.0 37.6611 -122.4031 746.0 7.0
5.0 37.7859 -122.4019 759.0 8.0
5.0 37.7857 -122.4096 778.0 9.0
5.0 37.8082 -122.4166 790.0 10.0
5.0 37.7943 -122.4034 797.0 11.0
5.0 37.7893 -122.3917 807.0 12.0
5.0 37.7858 -122.4098 833.0 13.0
5.0 37.7853 -122.3982 840.0 14.0
5.0 37.7875 -122.4032 844.0 15.0
5.0 37.7687 -122.4131 854.0 16.0
5.0 37.7963 -122.4122 866.0 17.0
5.0 37.7855 -122.4096 887.0 18.0
5.0 37.6878 -122.3903 914.0 19.0
6.0 37.7899 -122.3910 665.0 1.0
6.0 37.7959 -122.3971 695.0 2.0
6.0 37.8028 -122.4019 698.0 3.0
6.0 37.7675 -122.3936 900.0 4.0
6.0 37.7892 -122.4070 909.0 5.0
6.0 37.7852 -122.4327 918.0 6.0
6.0 37.7911 -122.4160 923.0 7.0
6.0 37.7911 -122.4038 927.0 8.0
6.0 37.7941 -122.3976 931.0 9.0
6.0 37.7850 -122.4215 938.0 10.0
6.0 37.7848 -122.4087 954.0 11.0
6.0 37.7891 -122.4115 955.0 12.0
6.0 37.7941 -122.3976 978.0 13.0
6.0 37.7903 -122.4090 983.0 14.0
6.0 37.7877 -122.4084 990.0 15.0
6.0 37.7602 -122.4372 1006.0 16.0
1.0 37.7575 -122.4090 577.0 1.0
1.0 37.6820 -122.3888 619.0 2.0
1.0 37.7833 -122.4404 712.0 3.0
1.0 37.7239 -122.4359 740.0 4.0
2.0 37.6132 -122.3842 616.0 1.0
2.0 37.7449 -122.4400 642.0 2.0
2.0 37.7882 -122.4034 662.0 3.0
2.0 37.7910 -122.3994 664.0 4.0
2.0 37.6150 -122.3851 683.0 5.0
2.0 37.6172 -122.3875 773.0 6.0
2.0 37.7831 -122.4178 790.0 7.0
2.0 37.7873 -122.4168 794.0 8.0
2.0 37.7764 -122.4179 799.0 9.0
2.0 37.7882 -122.4030 811.0 10.0
2.0 37.7869 -122.3881 820.0 11.0
2.0 37.7831 -122.3892 825.0 12.0
2.0 37.6180 -122.3865 842.0 13.0
2.0 37.7886 -122.4056 999.0 14.0
2.0 37.7858 -122.4211 1003.0 15.0
2.0 37.7721 -122.4141 1018.0 16.0
3.0 37.7767 -122.3955 542.0 1.0
3.0 37.7923 -122.4061 552.0 2.0
3.0 37.7610 -122.4306 586.0 3.0
3.0 37.7882 -122.4166 601.0 4.0
3.0 37.7926 -122.4335 615.0 5.0
3.0 37.7576 -122.4189 625.0 6.0
3.0 37.7624 -122.4351 638.0 7.0
3.0 37.7945 -122.4029 654.0 8.0
3.0 37.7929 -122.4009 656.0 9.0
3.0 37.7890 -122.4117 661.0 10.0
3.0 37.7848 -122.4001 694.0 11.0
3.0 37.7742 -122.4294 700.0 12.0
3.0 37.7738 -122.4396 710.0 13.0
3.0 37.8057 -122.4130 727.0 14.0
3.0 37.8054 -122.4119 728.0 15.0
3.0 37.7968 -122.4049 734.0 16.0
3.0 37.7930 -122.3928 760.0 17.0
3.0 37.6548 -122.3817 779.0 18.0
3.0 37.7900 -122.4040 823.0 19.0
3.0 37.7855 -122.4380 832.0 20.0
3.0 37.7912 -122.4020 875.0 21.0
3.0 37.7802 -122.3899 881.0 22.0
3.0 37.7484 -122.3968 916.0 23.0
3.0 37.7484 -122.3968 918.0 24.0
3.0 37.7036 -122.3941 937.0 25.0
4.0 37.6161 -122.3842 541.0 1.0
4.0 37.6152 -122.3901 664.0 2.0
4.0 37.6142 -122.3945 691.0 3.0
4.0 37.6152 -122.3902 701.0 4.0
4.0 37.7949 -122.4005 728.0 5.0
4.0 37.8010 -122.4047 747.0 6.0
4.0 37.7921 -122.4075 754.0 7.0
4.0 37.7916 -122.4106 760.0 8.0
4.0 37.7926 -122.3976 766.0 9.0
4.0 37.7914 -122.3917 772.0 10.0
lati longi low_tw
37.731 -122.428 711.0
37.742 -122.3927 781.0
37.726 -122.4353 778.0
37.7594 -122.4905 568.0
37.7242 -122.4273 831.0
37.7288 -122.4277 490.0
37.7654 -122.4917 749.0
37.7458 -122.3922 925.0
37.6771 -122.4748 860.0
37.744 -122.3935 884.0
37.7654 -122.4905 734.0
37.7596 -122.4909 831.0
37.6722 -122.4679 526.0
37.6703 -122.4708 759.0
37.7302 -122.4206 862.0
37.7574 -122.49 547.0
37.6771 -122.47 554.0
37.6736 -122.4713 846.0
37.7456 -122.387 635.0
37.6717 -122.4748 878.0
37.724 -122.4242 885.0
37.676 -122.4667 739.0
37.723 -122.4281 626.0
37.6763 -122.4687 859.0
37.6695 -122.4688 727.0
37.7236 -122.4224 738.0
37.67 -122.4664 902.0
37.7255 -122.4279 870.0
37.7593 -122.4942 915.0
37.6771 -122.4734 817.0
37.6726 -122.475 893.0
37.7619 -122.4981 632.0
37.6719 -122.4716 573.0
37.6739 -122.4717 534.0
37.6704 -122.4654 539.0
37.671 -122.4732 813.0
37.766 -122.4906 706.0
37.6746 -122.469 650.0
37.7252 -122.4231 605.0
37.7643 -122.4948 776.0
37.7587 -122.495 590.0
37.7324 -122.4267 696.0
37.7592 -122.497 577.0
37.765 -122.4979 541.0
37.763 -122.4992 525.0
37.7579 -122.4975 828.0
37.7272 -122.4315 603.0
37.6686 -122.4656 610.0
37.7239 -122.4229 675.0
37.7307 -122.4259 535.0
37.7239 -122.4261 498.0
37.7255 -122.4231 560.0
37.7235 -122.4401 761.0
37.7624 -122.4946 739.0
37.745 -122.3902 649.0
37.6717 -122.4736 940.0
37.7481 -122.3904 678.0
37.7289 -122.4229 794.0
37.7248 -122.4213 500.0
37.7401 -122.3906 877.0
37.7287 -122.4258 608.0
37.6729 -122.4743 830.0
37.7668 -122.4897 501.0
37.7456 -122.3936 719.0
37.7416 -122.3937 553.0
37.7225 -122.4189 895.0
37.7233 -122.4283 955.0
37.6723 -122.4657 684.0
37.6731 -122.4682 674.0
37.6726 -122.4723 850.0
37.6552 -122.4328 711.0
37.7149 -122.4515 781.0
37.679 -122.4572 778.0
37.6671 -122.4478 568.0
37.6674 -122.4346 831.0
37.685 -122.4481 490.0
37.6518 -122.3913 749.0
37.7938 -122.4905 925.0
37.7482 -122.4192 860.0
37.6587 -122.4057 884.0
37.7939 -122.443 734.0
37.6567 -122.4262 831.0
37.6819 -122.4815 526.0
37.6927 -122.4341 759.0
37.7194 -122.451 862.0
37.6544 -122.4981 547.0
37.6953 -122.4529 554.0
37.789 -122.4389 846.0
37.7871 -122.4837 635.0
37.6658 -122.4913 878.0
37.7422 -122.4847 885.0
37.6968 -122.4179 739.0
37.6741 -122.459 626.0
37.6735 -122.4943 859.0
37.7301 -122.4712 727.0
37.7239 -122.402 738.0
37.7809 -122.4785 902.0
37.7436 -122.4735 870.0
37.6808 -122.4491 915.0
37.7066 -122.4853 817.0
37.7557 -122.4468 893.0
37.7206 -122.4123 632.0
37.6506 -122.4692 573.0
37.7379 -122.4173 534.0
37.7884 -122.4687 539.0
37.7652 -122.4627 813.0
37.7942 -122.4395 706.0
37.7994 -122.4103 650.0
37.7221 -122.4876 605.0
37.7503 -122.4751 776.0
37.6869 -122.4515 590.0
37.6729 -122.4982 696.0
37.6681 -122.4829 577.0
37.6673 -122.4494 541.0
37.6924 -122.4585 525.0
37.7545 -122.3988 828.0
37.7578 -122.4351 603.0
37.7682 -122.449 610.0
37.6787 -122.4608 675.0
37.7846 -122.4325 535.0
37.7316 -122.4404 498.0
37.689 -122.4104 560.0
37.6594 -122.4876 761.0
37.6743 -122.4528 739.0
37.7788 -122.4999 649.0
37.6562 -122.41 940.0
37.7489 -122.4737 678.0
37.7007 -122.4875 794.0
37.6621 -122.4792 500.0
37.6626 -122.4719 877.0
37.7567 -122.4394 608.0
37.7345 -122.4075 830.0
37.7699 -122.4214 501.0
37.6775 -122.4735 719.0
37.7529 -122.435 553.0
37.6931 -122.411 895.0
37.7608 -122.4387 955.0
37.7852 -122.4423 684.0
37.7438 -122.4712 674.0
37.6537 -122.4381 850.0
