cabid lati longi timestamp sequence
2.0 37.7880 -122.4109 940.0 29.0
2.0 37.7903 -122.3936 956.0 30.0
2.0 37.8012 -122.4229 966.0 31.0
2.0 37.7971 -122.4280 970.0 32.0
2.0 37.7982 -122.4073 978.0 33.0
2.0 37.7966 -122.4006 982.0 34.0
2.0 37.7868 -122.4109 990.0 35.0
2.0 37.7867 -122.4047 993.0 36.0
2.0 37.7959 -122.3943 1001.0 37.0
2.0 37.7959 -122.3943 1002.0 38.0
2.0 37.8057 -122.4223 1010.0 39.0
2.0 37.8005 -122.4104 1014.0 40.0
2.0 37.7979 -122.4220 1017.0 41.0
3.0 37.7905 -122.4065 548.0 1.0
3.0 37.7901 -122.3955 553.0 2.0
3.0 37.7888 -122.4116 610.0 3.0
3.0 37.7868 -122.4277 615.0 4.0
3.0 37.7871 -122.4177 618.0 5.0
3.0 37.7881 -122.4089 622.0 6.0
3.0 37.8084 -122.4141 636.0 7.0
3.0 37.8082 -122.4142 637.0 8.0
3.0 37.7843 -122.4043 649.0 9.0
3.0 37.7891 -122.4167 666.0 10.0
3.0 37.7733 -122.4375 680.0 11.0
3.0 37.7731 -122.4380 683.0 12.0
3.0 37.7871 -122.4009 693.0 13.0
3.0 37.7817 -122.4038 696.0 14.0
3.0 37.7875 -122.4080 702.0 15.0
3.0 37.7862 -122.4059 711.0 16.0
3.0 37.7845 -122.4195 718.0 17.0
3.0 37.7875 -122.4141 721.0 18.0
3.0 37.7800 -122.4134 726.0 19.0
3.0 37.7883 -122.4084 732.0 20.0
3.0 37.7920 -122.4096 737.0 21.0
3.0 37.7870 -122.4184 745.0 22.0
3.0 37.7807 -122.4084 751.0 23.0
3.0 37.7778 -122.4097 756.0 24.0
3.0 37.7847 -122.4066 762.0 25.0
3.0 37.7891 -122.4090 796.0 26.0
3.0 37.7739 -122.4611 818.0 27.0
3.0 37.7767 -122.3954 882.0 28.0
3.0 37.7627 -122.4327 893.0 29.0
3.0 37.7709 -122.4204 906.0 30.0
3.0 37.7855 -122.4225 915.0 31.0
3.0 37.7852 -122.4326 917.0 32.0
3.0 37.7677 -122.4534 925.0 33.0
3.0 37.7635 -122.4583 928.0 34.0
3.0 37.7892 -122.4340 959.0 35.0
3.0 37.7924 -122.4033 968.0 36.0
3.0 37.7931 -122.3996 971.0 37.0
3.0 37.7812 -122.4333 986.0 38.0
3.0 37.7922 -122.4436 996.0 39.0
3.0 37.7874 -122.4008 1011.0 40.0
3.0 37.7903 -122.3970 1013.0 41.0
4.0 37.3336 -122.0745 991.0 1.0
1.0 37.7818 -122.3963 577.0 1.0
1.0 37.7891 -122.4168 584.0 2.0
1.0 37.7897 -122.4139 592.0 3.0
1.0 37.7865 -122.4183 598.0 4.0
1.0 37.7873 -122.4167 599.0 5.0
1.0 37.7920 -122.4008 605.0 6.0
1.0 37.7963 -122.4161 626.0 7.0
1.0 37.6621 -122.4015 657.0 8.0
1.0 37.7885 -122.4000 770.0 9.0
1.0 37.7879 -122.4093 773.0 10.0
1.0 37.7880 -122.4073 782.0 11.0
1.0 37.7790 -122.3910 789.0 12.0
1.0 37.7885 -122.4017 818.0 13.0
1.0 37.7497 -122.3923 849.0 14.0
1.0 37.7518 -122.4049 879.0 15.0
2.0 37.7868 -122.4467 542.0 1.0
2.0 37.7865 -122.4604 549.0 2.0
2.0 37.7881 -122.4408 555.0 3.0
2.0 37.7761 -122.3933 572.0 4.0
2.0 37.7835 -122.4076 591.0 5.0
2.0 37.7771 -122.4039 596.0 6.0
2.0 37.7932 -122.4211 606.0 7.0
2.0 37.7841 -122.3986 619.0 8.0
2.0 37.7855 -122.3974 621.0 9.0
2.0 37.7922 -122.4066 631.0 10.0
2.0 37.7927 -122.4050 642.0 11.0
2.0 37.7873 -122.4066 647.0 12.0
2.0 37.7916 -122.4033 878.0 13.0
2.0 37.7932 -122.4314 890.0 14.0
2.0 37.7905 -122.4325 895.0 15.0
2.0 37.7889 -122.4103 903.0 16.0
2.0 37.7920 -122.4032 915.0 17.0
2.0 37.7877 -122.4105 920.0 18.0
2.0 37.7909 -122.4041 923.0 19.0
2.0 37.8050 -122.4135 929.0 20.0
2.0 37.8048 -122.4136 930.0 21.0
2.0 37.7973 -122.4154 935.0 22.0
2.0 37.7922 -122.4038 944.0 23.0
2.0 37.7914 -122.4260 952.0 24.0
2.0 37.7924 -122.4210 955.0 25.0
2.0 37.7954 -122.3974 962.0 26.0
2.0 37.7960 -122.3975 974.0 27.0
2.0 37.7806 -122.4206 990.0 28.0
2.0 37.7717 -122.4673 1007.0 29.0
2.0 37.7717 -122.4673 1008.0 30.0
3.0 37.7831 -122.4677 542.0 1.0
3.0 37.7810 -122.4650 543.0 2.0
3.0 37.7811 -122.4601 544.0 3.0
3.0 37.7954 -122.4081 559.0 4.0
3.0 37.7767 -122.3954 601.0 5.0
3.0 37.7786 -122.3932 602.0 6.0
3.0 37.7786 -122.3932 603.0 7.0
3.0 37.7855 -122.4078 610.0 8.0
3.0 37.7839 -122.4176 618.0 9.0
3.0 37.7840 -122.4191 619.0 10.0
lati longi low_tw
37.6858 -122.4261 830.0
37.7423 -122.4139 840.0
37.8019 -122.429 784.0
37.674 -122.464 523.0
37.7935 -122.4267 503.0
37.7919 -122.4343 814.0
37.6743 -122.4632 565.0
37.677 -122.4649 726.0
37.6867 -122.4265 530.0
37.7319 -122.4192 834.0
37.8018 -122.4332 598.0
37.7299 -122.418 794.0
37.7964 -122.4364 514.0
37.6739 -122.4648 524.0
37.7424 -122.4188 777.0
37.7437 -122.4159 489.0
37.7302 -122.4143 796.0
37.7941 -122.4297 717.0
37.7269 -122.4139 830.0
37.7449 -122.4173 526.0
37.7319 -122.4155 610.0
37.7387 -122.4123 758.0
37.7454 -122.4167 828.0
37.7986 -122.434 745.0
37.8001 -122.4348 555.0
37.7281 -122.4133 498.0
37.747 -122.4127 497.0
37.7968 -122.4288 876.0
37.73 -122.4118 827.0
37.7976 -122.4356 650.0
37.7938 -122.4303 911.0
37.7954 -122.4292 956.0
37.7941 -122.4298 527.0
37.6867 -122.42 626.0
37.7946 -122.4319 748.0
37.7946 -122.4293 660.0
37.726 -122.4155 837.0
37.7414 -122.4143 683.0
37.7304 -122.4146 708.0
37.7256 -122.4115 795.0
37.7392 -122.4123 920.0
37.7937 -122.4349 726.0
37.6816 -122.4282 850.0
37.6785 -122.4641 757.0
37.6782 -122.4597 894.0
37.7294 -122.4161 606.0
37.7302 -122.4104 715.0
37.7961 -122.4306 552.0
37.7979 -122.4348 932.0
37.8009 -122.4306 846.0
37.6729 -122.4577 512.0
37.6803 -122.4632 514.0
37.7924 -122.4365 486.0
37.7937 -122.435 501.0
37.7475 -122.4121 543.0
37.745 -122.4154 896.0
37.6825 -122.4584 789.0
37.6811 -122.4644 758.0
37.8013 -122.4301 664.0
37.6838 -122.4188 795.0
37.7464 -122.4164 803.0
37.7396 -122.4124 543.0
37.7381 -122.4193 724.0
37.6748 -122.4607 915.0
37.7297 -122.4145 522.0
37.7322 -122.4126 505.0
37.6799 -122.4594 541.0
37.7992 -122.4304 856.0
37.6793 -122.4588 525.0
37.7456 -122.416 562.0
37.7331 -122.4173 897.0
37.8014 -122.4329 787.0
37.7462 -122.4112 794.0
37.7336 -122.4191 713.0
37.6779 -122.4639 856.0
37.7961 -122.4342 904.0
37.6824 -122.4636 880.0
37.6824 -122.4597 744.0
37.7337 -122.4134 815.0
37.731 -122.414 489.0
37.7842 -122.4068 830.0
37.6708 -122.482 840.0
37.7781 -122.4808 784.0
37.6744 -122.4394 523.0
37.7863 -122.4423 503.0
37.7692 -122.4103 814.0
37.6774 -122.4322 565.0
37.7684 -122.4359 726.0
37.6905 -122.4367 530.0
37.7759 -122.4283 834.0
37.6933 -122.4266 598.0
37.7608 -122.4807 794.0
37.6816 -122.4119 514.0
37.7014 -122.4131 524.0
37.7674 -122.4201 777.0
37.7259 -122.3971 489.0
37.7534 -122.4145 796.0
37.6981 -122.4244 717.0
37.6632 -122.3982 830.0
37.7931 -122.3955 526.0
37.7631 -122.4907 610.0
37.6612 -122.4385 758.0
37.6724 -122.4603 828.0
37.7071 -122.4145 745.0
37.6781 -122.4746 555.0
37.6705 -122.4145 498.0
37.6928 -122.4701 497.0
37.714 -122.4864 876.0
37.6683 -122.4419 827.0
37.6769 -122.4675 650.0
37.7654 -122.3986 911.0
37.7638 -122.456 956.0
37.7046 -122.4396 527.0
37.7262 -122.436 626.0
37.7269 -122.4286 748.0
37.6851 -122.4813 660.0
37.7346 -122.4973 837.0
37.7987 -122.4355 683.0
37.7382 -122.4643 708.0
37.6853 -122.4025 795.0
37.7249 -122.4606 920.0
37.7098 -122.4226 726.0
37.7217 -122.4457 850.0
37.6968 -122.3928 757.0
37.7137 -122.4483 894.0
37.6657 -122.4698 606.0
37.675 -122.4938 715.0
37.6764 -122.4167 552.0
37.7696 -122.432 932.0
37.7622 -122.4555 846.0
37.7046 -122.4305 512.0
37.6728 -122.4206 514.0
37.691 -122.4854 486.0
37.6779 -122.4096 501.0
37.6577 -122.4973 543.0
37.6579 -122.4548 896.0
37.6715 -122.4837 789.0
37.7424 -122.4076 758.0
37.746 -122.44 664.0
37.7747 -122.3952 795.0
37.7594 -122.4582 803.0
37.7974 -122.4131 543.0
37.7864 -122.3975 724.0
37.6671 -122.4063 915.0
37.7631 -122.4634 522.0
37.768 -122.4937 505.0
37.7392 -122.4272 541.0
37.7469 -122.4357 856.0
37.7189 -122.4143 525.0
37.7845 -122.4056 562.0
37.7069 -122.3919 897.0
37.6521 -122.4241 787.0
37.762 -122.4988 794.0
37.6632 -122.393 713.0
37.7113 -122.445 856.0
37.6956 -122.4086 904.0
37.7614 -122.4144 880.0
37.6939 -122.4631 744.0
37.7736 -122.4733 815.0
37.7996 -122.4714 489.0
