cabid lati longi timestamp sequence
1.0 37.7760 -122.4211 682.0 1.0
2.0 37.7296 -122.4032 552.0 1.0
2.0 37.8021 -122.4019 566.0 2.0
2.0 37.7917 -122.4027 587.0 3.0
2.0 37.6179 -122.3871 614.0 4.0
2.0 37.6119 -122.3955 721.0 5.0
2.0 37.4257 -122.0977 743.0 6.0
2.0 37.7894 -122.4023 815.0 7.0
2.0 37.7906 -122.4324 829.0 8.0
2.0 37.7902 -122.4207 837.0 9.0
2.0 37.7886 -122.3928 846.0 10.0
2.0 37.7766 -122.3956 972.0 11.0
2.0 37.7766 -122.3958 974.0 12.0
2.0 37.7717 -122.4019 977.0 13.0
2.0 37.7874 -122.4111 985.0 14.0
2.0 37.7995 -122.4093 991.0 15.0
2.0 37.7948 -122.4002 996.0 16.0
2.0 37.7848 -122.3899 1001.0 17.0
2.0 37.7821 -122.3925 1007.0 18.0
2.0 37.7797 -122.3949 1013.0 19.0
3.0 37.7877 -122.3998 550.0 1.0
3.0 37.7847 -122.4093 555.0 2.0
3.0 37.7860 -122.4121 559.0 3.0
3.0 37.7876 -122.4117 566.0 4.0
3.0 37.8030 -122.4021 573.0 5.0
3.0 37.7906 -122.4208 609.0 6.0
3.0 37.7864 -122.4078 617.0 7.0
3.0 37.7652 -122.4194 627.0 8.0
3.0 37.7836 -122.4082 636.0 9.0
3.0 37.7869 -122.4189 645.0 10.0
3.0 37.7773 -122.4087 653.0 11.0
3.0 37.7782 -122.4099 655.0 12.0
3.0 37.7866 -122.4052 663.0 13.0
3.0 37.7874 -122.4104 666.0 14.0
3.0 37.7839 -122.4377 671.0 15.0
3.0 37.7830 -122.4321 678.0 16.0
3.0 37.7781 -122.4279 683.0 17.0
3.0 37.7820 -122.4279 693.0 18.0
3.0 37.7799 -122.4152 698.0 19.0
3.0 37.7845 -122.4068 708.0 20.0
3.0 37.7918 -122.4072 717.0 21.0
3.0 37.7951 -122.4013 744.0 22.0
3.0 37.7901 -122.4058 751.0 23.0
3.0 37.7936 -122.4017 756.0 24.0
3.0 37.7904 -122.4225 762.0 25.0
3.0 37.8027 -122.4295 783.0 26.0
3.0 37.6179 -122.3857 810.0 27.0
3.0 37.7460 -122.3873 847.0 28.0
3.0 37.7815 -122.4654 866.0 29.0
3.0 37.7860 -122.4572 870.0 30.0
3.0 37.8025 -122.4306 887.0 31.0
3.0 37.7860 -122.4197 922.0 32.0
3.0 37.7637 -122.3977 932.0 33.0
4.0 37.6165 -122.3880 540.0 1.0
4.0 37.6426 -122.4663 554.0 2.0
4.0 37.6165 -122.3879 598.0 3.0
4.0 37.7902 -122.4032 617.0 4.0
4.0 37.6160 -122.3883 734.0 5.0
4.0 37.5076 -122.2514 748.0 6.0
4.0 37.6154 -122.3902 776.0 7.0
4.0 37.8033 -122.4104 802.0 8.0
4.0 37.8084 -122.4101 811.0 9.0
4.0 37.7850 -122.4349 827.0 10.0
4.0 37.7843 -122.4402 833.0 11.0
4.0 37.7797 -122.4385 841.0 12.0
4.0 37.7849 -122.4207 848.0 13.0
4.0 37.7918 -122.3942 863.0 14.0
4.0 37.7398 -122.4240 914.0 15.0
4.0 37.7409 -122.4229 915.0 16.0
4.0 37.7608 -122.4259 925.0 17.0
4.0 37.7866 -122.3978 937.0 18.0
4.0 37.7899 -122.4052 941.0 19.0
4.0 37.6177 -122.3872 971.0 20.0
4.0 37.7112 -122.3920 988.0 21.0
4.0 37.8064 -122.4151 1013.0 22.0
5.0 37.7483 -122.4250 543.0 1.0
5.0 37.7838 -122.4192 556.0 2.0
5.0 37.7856 -122.4097 593.0 3.0
5.0 37.6647 -122.3853 723.0 4.0
5.0 37.6657 -122.3854 724.0 5.0
5.0 37.6648 -122.3855 725.0 6.0
5.0 37.6611 -122.4031 746.0 7.0
5.0 37.7859 -122.4019 759.0 8.0
5.0 37.7857 -122.4096 778.0 9.0
5.0 37.8082 -122.4166 790.0 10.0
5.0 37.7943 -122.4034 797.0 11.0
5.0 37.7893 -122.3917 807.0 12.0
5.0 37.7858 -122.4098 833.0 13.0
5.0 37.7853 -122.3982 840.0 14.0
5.0 37.7875 -122.4032 844.0 15.0
5.0 37.7687 -122.4131 854.0 16.0
5.0 37.7963 -122.4122 866.0 17.0
5.0 37.7855 -122.4096 887.0 18.0
5.0 37.6878 -122.3903 914.0 19.0
6.0 37.7899 -122.3910 665.0 1.0
6.0 37.7959 -122.3971 695.0 2.0
6.0 37.8028 -122.4019 698.0 3.0
6.0 37.7675 -122.3936 900.0 4.0
6.0 37.7892 -122.4070 909.0 5.0
6.0 37.7852 -122.4327 918.0 6.0
6.0 37.7911 -122.4160 923.0 7.0
6.0 37.7911 -122.4038 927.0 8.0
6.0 37.7941 -122.3976 931.0 9.0
6.0 37.7850 -122.4215 938.0 10.0
6.0 37.7848 -122.4087 954.0 11.0
6.0 37.7891 -122.4115 955.0 12.0
6.0 37.7941 -122.3976 978.0 13.0
6.0 37.7903 -122.4090 983.0 14.0
6.0 37.7877 -122.4084 990.0 15.0
6.0 37.7602 -122.4372 1006.0 16.0
lati longi low_tw
37.7643 -122.4185 801.0
37.6574 -122.4242 767.0
37.7763 -122.4164 656.0
37.7794 -122.4211 939.0
37.6989 -122.4572 553.0
37.6646 -122.418 529.0
37.6923 -122.4516 556.0
37.7646 -122.4242 855.0
37.6584 -122.4192 822.0
37.7668 -122.4192 656.0
37.7624 -122.4194 768.0
37.6931 -122.458 960.0
37.7732 -122.4203 890.0
37.7657 -122.4202 938.0
37.7607 -122.4158 523.0
37.7671 -122.4162 922.0
37.7767 -122.419 854.0
37.7645 -122.4219 879.0
37.7596 -122.4225 586.0
37.7585 -122.4913 846.0
37.7633 -122.4242 714.0
37.7779 -122.4172 615.0
37.7655 -122.422 576.0
37.7744 -122.4152 527.0
37.7684 -122.4195 769.0
37.7602 -122.4192 558.0
37.6641 -122.42 643.0
37.761 -122.4231 628.0
37.7729 -122.4173 937.0
37.76 -122.4963 619.0
37.7658 -122.4236 648.0
37.6907 -122.4531 912.0
37.7664 -122.4168 944.0
37.7721 -122.4147 751.0
37.769 -122.4179 726.0
37.6931 -122.4588 491.0
37.6973 -122.4542 674.0
37.7667 -122.4174 522.0
37.7605 -122.4916 700.0
37.7648 -122.4207 771.0
37.7636 -122.423 628.0
37.6991 -122.46 569.0
37.759 -122.492 749.0
37.7644 -122.4181 487.0
37.6622 -122.4242 793.0
37.6603 -122.4177 884.0
37.7691 -122.4223 575.0
37.7642 -122.4199 865.0
37.7675 -122.4187 611.0
37.6575 -122.4235 698.0
37.7655 -122.4224 495.0
37.7625 -122.4206 692.0
37.7538 -122.4913 589.0
37.696 -122.4553 799.0
37.7775 -122.4198 915.0
37.6592 -122.4206 951.0
37.764 -122.4177 770.0
37.7685 -122.417 683.0
37.6906 -122.4599 939.0
37.7658 -122.4194 898.0
37.6604 -122.4177 679.0
37.7728 -122.4234 662.0
37.7693 -122.4241 805.0
37.7694 -122.4183 910.0
37.7525 -122.4901 920.0
37.6635 -122.4185 632.0
37.7613 -122.4205 819.0
37.753 -122.4949 881.0
37.6602 -122.4243 711.0
37.7616 -122.4178 562.0
37.6637 -122.4168 781.0
37.6614 -122.4233 680.0
37.7582 -122.492 715.0
37.7774 -122.4236 527.0
37.7673 -122.4196 815.0
37.7727 -122.4226 851.0
37.6612 -122.4191 671.0
37.6581 -122.4208 866.0
37.6576 -122.419 636.0
37.6941 -122.458 512.0
37.7317 -122.4217 801.0
37.6658 -122.4569 767.0
37.7981 -122.4535 656.0
37.7483 -122.398 939.0
37.6786 -122.396 553.0
37.75 -122.4549 529.0
37.7692 -122.435 556.0
37.7749 -122.4279 855.0
37.7909 -122.3972 822.0
37.6892 -122.4445 656.0
37.7712 -122.4518 768.0
37.7856 -122.3952 960.0
37.7179 -122.4561 890.0
37.7845 -122.3908 938.0
37.7187 -122.3983 523.0
37.7751 -122.4516 922.0
37.7669 -122.4182 854.0
37.7872 -122.4067 879.0
37.6994 -122.4824 586.0
37.7396 -122.495 846.0
37.7429 -122.4143 714.0
37.7508 -122.4307 615.0
37.742 -122.4885 576.0
37.6573 -122.4856 527.0
37.7335 -122.4545 769.0
37.663 -122.4224 558.0
37.7366 -122.3988 643.0
37.7817 -122.4672 628.0
37.6812 -122.493 937.0
37.7365 -122.3963 619.0
37.7607 -122.4508 648.0
37.7828 -122.4541 912.0
37.6856 -122.472 944.0
37.6613 -122.402 751.0
37.7168 -122.4353 726.0
37.724 -122.4746 491.0
37.7149 -122.4953 674.0
37.6761 -122.4455 522.0
37.7555 -122.4005 700.0
37.6569 -122.4067 771.0
37.6897 -122.4066 628.0
37.7032 -122.4863 569.0
37.707 -122.4428 749.0
37.7102 -122.4661 487.0
37.6876 -122.4592 793.0
37.775 -122.3963 884.0
37.7447 -122.4799 575.0
37.6999 -122.4487 865.0
37.6623 -122.481 611.0
37.664 -122.4337 698.0
37.7594 -122.4122 495.0
37.742 -122.4597 692.0
37.7895 -122.4309 589.0
37.744 -122.4565 799.0
37.6552 -122.4778 915.0
37.7174 -122.4399 951.0
37.66 -122.4258 770.0
37.7234 -122.4789 683.0
37.6852 -122.4621 939.0
37.7943 -122.4606 898.0
37.7284 -122.4444 679.0
37.6742 -122.484 662.0
37.6969 -122.4806 805.0
37.7422 -122.409 910.0
37.7347 -122.4802 920.0
37.7475 -122.4697 632.0
37.7481 -122.4734 819.0
37.7094 -122.4245 881.0
37.7479 -122.4545 711.0
37.738 -122.4806 562.0
37.7301 -122.4933 781.0
37.6795 -122.4869 680.0
37.7659 -122.4354 715.0
37.6799 -122.4843 527.0
37.6948 -122.3971 815.0
37.6639 -122.4283 851.0
37.7892 -122.4397 671.0
37.7624 -122.3962 866.0
37.7182 -122.465 636.0
37.7694 -122.4625 512.0
