cabid lati longi timestamp sequence
1.0 37.7860 -122.4090 607.0 1.0
1.0 37.6156 -122.3885 682.0 2.0
1.0 37.5880 -122.3573 728.0 3.0
1.0 37.5538 -122.3006 734.0 4.0
2.0 37.7828 -122.4122 543.0 1.0
2.0 37.7760 -122.4027 546.0 2.0
2.0 37.7645 -122.4186 557.0 3.0
2.0 37.7584 -122.4188 560.0 4.0
2.0 37.7574 -122.4190 562.0 5.0
2.0 37.7642 -122.4653 576.0 6.0
2.0 37.7663 -122.4540 580.0 7.0
2.0 37.7699 -122.4537 582.0 8.0
2.0 37.7727 -122.4410 584.0 9.0
2.0 37.7551 -122.4041 829.0 10.0
2.0 37.7966 -122.4243 847.0 11.0
2.0 37.7847 -122.4089 885.0 12.0
2.0 37.7880 -122.4187 891.0 13.0
2.0 37.7909 -122.4176 894.0 14.0
2.0 37.7641 -122.4570 910.0 15.0
2.0 37.7638 -122.4572 911.0 16.0
2.0 37.7824 -122.4022 927.0 17.0
2.0 37.7847 -122.4090 933.0 18.0
2.0 37.7804 -122.3899 941.0 19.0
2.0 37.8008 -122.4014 957.0 20.0
2.0 37.7917 -122.4097 963.0 21.0
2.0 37.7922 -122.3947 983.0 22.0
2.0 37.7799 -122.4321 1003.0 23.0
2.0 37.7781 -122.4351 1014.0 24.0
3.0 37.6159 -122.3888 644.0 1.0
3.0 37.7898 -122.4034 665.0 2.0
3.0 37.7925 -122.3981 714.0 3.0
3.0 37.7904 -122.4274 720.0 4.0
3.0 37.7855 -122.4003 772.0 5.0
3.0 37.7850 -122.4093 777.0 6.0
3.0 37.7926 -122.4036 801.0 7.0
3.0 37.7891 -122.4081 805.0 8.0
3.0 37.7931 -122.3973 820.0 9.0
3.0 37.7883 -122.4466 833.0 10.0
3.0 37.7919 -122.4096 843.0 11.0
3.0 37.6164 -122.3884 870.0 12.0
3.0 37.7917 -122.4074 980.0 13.0
3.0 37.8077 -122.4190 989.0 14.0
3.0 37.8077 -122.4190 990.0 15.0
3.0 37.7919 -122.4125 998.0 16.0
3.0 37.7918 -122.4073 1003.0 17.0
3.0 37.7968 -122.3994 1010.0 18.0
4.0 37.7695 -122.4442 628.0 1.0
4.0 37.7541 -122.4394 636.0 2.0
4.0 37.7742 -122.4408 651.0 3.0
4.0 37.7637 -122.4572 657.0 4.0
4.0 37.7638 -122.4580 663.0 5.0
4.0 37.6179 -122.3868 714.0 6.0
4.0 37.6162 -122.3882 801.0 7.0
4.0 37.7514 -122.3943 819.0 8.0
4.0 37.7546 -122.4050 830.0 9.0
4.0 37.7523 -122.4181 839.0 10.0
4.0 37.7573 -122.4188 842.0 11.0
4.0 37.7959 -122.4293 858.0 12.0
4.0 37.7913 -122.3989 869.0 13.0
4.0 37.7689 -122.4277 879.0 14.0
4.0 37.7804 -122.4128 888.0 15.0
4.0 37.7732 -122.4031 894.0 16.0
4.0 37.7828 -122.3952 905.0 17.0
4.0 37.6157 -122.3915 924.0 18.0
4.0 37.7882 -122.4047 977.0 19.0
4.0 37.8000 -122.4075 984.0 20.0
4.0 37.7996 -122.4361 993.0 21.0
4.0 37.7813 -122.4609 1003.0 22.0
4.0 37.7875 -122.4624 1009.0 23.0
5.0 37.7942 -122.4232 542.0 1.0
5.0 37.7877 -122.4121 547.0 2.0
5.0 37.7772 -122.3948 555.0 3.0
5.0 37.7925 -122.3977 578.0 4.0
5.0 37.7806 -122.4188 588.0 5.0
5.0 37.7848 -122.4051 593.0 6.0
5.0 37.7872 -122.4013 610.0 7.0
5.0 37.7811 -122.4204 616.0 8.0
5.0 37.7817 -122.4227 622.0 9.0
5.0 37.7824 -122.4400 629.0 10.0
5.0 37.7845 -122.4397 631.0 11.0
5.0 37.7884 -122.4089 637.0 12.0
5.0 37.7858 -122.4049 690.0 13.0
5.0 37.6180 -122.3863 710.0 14.0
5.0 37.7484 -122.4119 944.0 15.0
5.0 37.7520 -122.4184 946.0 16.0
5.0 37.7520 -122.4184 947.0 17.0
5.0 37.7979 -122.4297 961.0 18.0
5.0 37.7972 -122.4355 964.0 19.0
5.0 37.7901 -122.4028 977.0 20.0
5.0 37.7903 -122.4016 978.0 21.0
5.0 37.7709 -122.4170 985.0 22.0
5.0 37.7855 -122.4001 1001.0 23.0
5.0 37.7947 -122.4255 1014.0 24.0
6.0 37.6165 -122.3879 791.0 1.0
6.0 37.7872 -122.4091 812.0 2.0
6.0 37.7910 -122.4041 815.0 3.0
6.0 37.8083 -122.4161 824.0 4.0
6.0 37.7904 -122.3999 840.0 5.0
6.0 37.8026 -122.4415 857.0 6.0
6.0 37.7977 -122.4074 870.0 7.0
6.0 37.7968 -122.4187 883.0 8.0
6.0 37.7817 -122.4156 890.0 9.0
6.0 37.7746 -122.4012 895.0 10.0
6.0 37.7848 -122.4086 947.0 11.0
6.0 37.7901 -122.4169 951.0 12.0
6.0 37.7859 -122.4107 963.0 13.0
6.0 37.7805 -122.3906 989.0 14.0
6.0 37.7765 -122.3957 996.0 15.0
6.0 37.7863 -122.4150 1006.0 16.0
6.0 37.7879 -122.4116 1009.0 17.0
lati longi low_tw
37.7689 -122.426 681.0
37.7674 -122.4233 708.0
37.7668 -122.4242 650.0
37.8001 -122.4616 503.0
37.6758 -122.4513 881.0
37.7763 -122.4174 685.0
37.6855 -122.4222 740.0
37.8019 -122.4612 574.0
37.7674 -122.4229 672.0
37.8001 -122.4624 706.0
37.6686 -122.4145 904.0
37.8037 -122.4616 516.0
37.7987 -122.4549 902.0
37.6798 -122.4199 693.0
37.6741 -122.4538 608.0
37.6707 -122.4541 501.0
37.7677 -122.424 612.0
37.8011 -122.4567 528.0
37.7692 -122.4235 870.0
37.7959 -122.4535 719.0
37.7956 -122.4818 681.0
37.6524 -122.4689 708.0
37.7658 -122.4158 650.0
37.7131 -122.4682 503.0
37.7187 -122.4805 881.0
37.7337 -122.3935 685.0
37.6597 -122.4114 740.0
37.7443 -122.4879 574.0
37.7715 -122.4471 672.0
37.6924 -122.4336 706.0
37.6788 -122.4083 904.0
37.795 -122.4237 516.0
37.7631 -122.4331 902.0
37.7566 -122.4472 693.0
37.7609 -122.4618 608.0
37.7004 -122.4703 501.0
37.7991 -122.4891 612.0
37.7502 -122.4492 528.0
37.7694 -122.4771 870.0
37.7613 -122.4283 719.0
