cabid lati longi timestamp sequence
4.0 37.7740 -122.4410 658.0 4.0
4.0 37.7848 -122.4381 664.0 5.0
4.0 37.7872 -122.4098 680.0 6.0
4.0 37.7804 -122.3898 689.0 7.0
4.0 37.7875 -122.4072 697.0 8.0
4.0 37.7899 -122.4052 703.0 9.0
4.0 37.7948 -122.4005 707.0 10.0
4.0 37.7952 -122.4207 716.0 11.0
4.0 37.7915 -122.4021 746.0 12.0
4.0 37.7669 -122.4028 758.0 13.0
4.0 37.7821 -122.4093 766.0 14.0
4.0 37.7923 -122.4040 776.0 15.0
4.0 37.7887 -122.4052 784.0 16.0
4.0 37.7799 -122.4599 799.0 17.0
4.0 37.7866 -122.4521 806.0 18.0
4.0 37.7861 -122.4108 821.0 19.0
4.0 37.8016 -122.4120 860.0 20.0
4.0 37.7941 -122.4214 865.0 21.0
5.0 37.6152 -122.3903 601.0 1.0
5.0 37.7851 -122.4005 616.0 2.0
5.0 37.6177 -122.3861 639.0 3.0
5.0 37.7944 -122.4018 660.0 4.0
5.0 37.6153 -122.3899 769.0 5.0
5.0 37.7641 -122.4362 787.0 6.0
5.0 37.6177 -122.3859 851.0 7.0
5.0 37.7846 -122.4045 915.0 8.0
5.0 37.6152 -122.3902 998.0 9.0
6.0 37.7765 -122.5081 543.0 1.0
6.0 37.7728 -122.5079 544.0 2.0
6.0 37.7711 -122.5026 545.0 3.0
6.0 37.7315 -122.4729 562.0 4.0
6.0 37.7638 -122.4976 572.0 5.0
6.0 37.7651 -122.4847 575.0 6.0
6.0 37.7871 -122.4166 599.0 7.0
6.0 37.7991 -122.3979 674.0 8.0
6.0 37.8064 -122.4048 676.0 9.0
6.0 37.7838 -122.4363 709.0 10.0
6.0 37.7840 -122.4348 710.0 11.0
6.0 37.8014 -122.4019 728.0 12.0
6.0 37.8086 -122.4130 733.0 13.0
6.0 37.8085 -122.4141 735.0 14.0
6.0 37.7889 -122.4021 749.0 15.0
6.0 37.7891 -122.4029 750.0 16.0
6.0 37.7991 -122.4085 762.0 17.0
6.0 37.7698 -122.4133 779.0 18.0
6.0 37.7643 -122.4131 783.0 19.0
6.0 37.7618 -122.4193 785.0 20.0
6.0 37.7702 -122.4692 807.0 21.0
6.0 37.7691 -122.4682 808.0 22.0
6.0 37.7874 -122.4039 828.0 23.0
6.0 37.7876 -122.4004 831.0 24.0
6.0 37.7803 -122.4168 837.0 25.0
6.0 37.7819 -122.4177 845.0 26.0
6.0 37.7816 -122.4157 846.0 27.0
6.0 37.6149 -122.3852 864.0 28.0
6.0 37.7702 -122.4041 993.0 29.0
6.0 37.7714 -122.4087 994.0 30.0
6.0 37.7900 -122.4221 1005.0 31.0
6.0 37.7905 -122.4208 1006.0 32.0
6.0 37.7899 -122.4032 1012.0 33.0
7.0 37.7234 -122.4375 770.0 1.0
7.0 37.7516 -122.4298 784.0 2.0
7.0 37.7865 -122.4019 1005.0 3.0
7.0 37.7909 -122.4157 1011.0 4.0
7.0 37.7923 -122.4109 1016.0 5.0
1.0 37.6162 -122.3883 545.0 1.0
1.0 37.7864 -122.4046 565.0 2.0
1.0 37.7716 -122.3987 586.0 3.0
1.0 37.7858 -122.4382 604.0 4.0
1.0 37.7830 -122.4275 613.0 5.0
1.0 37.7834 -122.4406 616.0 6.0
1.0 37.7816 -122.4462 630.0 7.0
1.0 37.7814 -122.4461 631.0 8.0
1.0 37.7850 -122.4420 638.0 9.0
1.0 37.7810 -122.4638 645.0 10.0
1.0 37.7215 -122.4562 667.0 11.0
1.0 37.7235 -122.4562 675.0 12.0
1.0 37.7544 -122.5023 690.0 13.0
1.0 37.7729 -122.4799 705.0 14.0
1.0 37.7875 -122.4058 723.0 15.0
1.0 37.7924 -122.3951 760.0 16.0
1.0 37.7794 -122.4185 767.0 17.0
1.0 37.7792 -122.4184 768.0 18.0
1.0 37.7902 -122.4036 776.0 19.0
1.0 37.7917 -122.3984 830.0 20.0
1.0 37.7895 -122.4082 838.0 21.0
1.0 37.7979 -122.4144 845.0 22.0
1.0 37.7992 -122.4088 851.0 23.0
1.0 37.8014 -122.4022 854.0 24.0
2.0 37.7760 -122.4211 682.0 1.0
2.0 37.8082 -122.4161 698.0 2.0
2.0 37.7996 -122.4093 702.0 3.0
2.0 37.7863 -122.4130 709.0 4.0
2.0 37.7934 -122.3988 724.0 5.0
2.0 37.7887 -122.4101 729.0 6.0
2.0 37.6793 -122.3884 770.0 7.0
2.0 37.7952 -122.4049 787.0 8.0
2.0 37.7955 -122.4033 788.0 9.0
2.0 37.7836 -122.4406 801.0 10.0
2.0 37.7795 -122.4320 806.0 11.0
2.0 37.7255 -122.4341 825.0 12.0
2.0 37.6507 -122.4068 862.0 13.0
2.0 37.7947 -122.4006 878.0 14.0
2.0 37.6019 -122.3795 937.0 15.0
2.0 37.6004 -122.3840 954.0 16.0
2.0 37.6039 -122.3825 970.0 17.0
3.0 37.7296 -122.4032 552.0 1.0
3.0 37.8021 -122.4019 566.0 2.0
3.0 37.7917 -122.4027 587.0 3.0
3.0 37.6179 -122.3871 614.0 4.0
3.0 37.6119 -122.3955 721.0 5.0
3.0 37.4257 -122.0977 743.0 6.0
3.0 37.7894 -122.4023 815.0 7.0
3.0 37.7906 -122.4324 829.0 8.0
3.0 37.7902 -122.4207 837.0 9.0
3.0 37.7886 -122.3928 846.0 10.0
3.0 37.7766 -122.3956 972.0 11.0
3.0 37.7766 -122.3958 974.0 12.0
3.0 37.7717 -122.4019 977.0 13.0
3.0 37.7874 -122.4111 985.0 14.0
3.0 37.7995 -122.4093 991.0 15.0
3.0 37.7948 -122.4002 996.0 16.0
3.0 37.7848 -122.3899 1001.0 17.0
3.0 37.7821 -122.3925 1007.0 18.0
3.0 37.7797 -122.3949 1013.0 19.0
4.0 37.7877 -122.3998 550.0 1.0
4.0 37.7847 -122.4093 555.0 2.0
4.0 37.7860 -122.4121 559.0 3.0
4.0 37.7876 -122.4117 566.0 4.0
4.0 37.8030 -122.4021 573.0 5.0
lati longi low_tw
37.7169 -122.4085 891.0
37.7591 -122.4691 752.0
37.6991 -122.4217 535.0
37.74 -122.3919 830.0
37.7587 -122.466 755.0
37.7004 -122.421 568.0
37.7407 -122.4494 842.0
37.7385 -122.385 784.0
37.7407 -122.4452 785.0
37.6988 -122.4159 909.0
37.7419 -122.3911 802.0
37.7565 -122.4737 609.0
37.7599 -122.469 773.0
37.6989 -122.4165 637.0
37.74 -122.3844 664.0
37.7545 -122.4721 817.0
37.721 -122.4164 673.0
37.6977 -122.42 911.0
37.7344 -122.4494 537.0
37.7182 -122.4102 815.0
37.7177 -122.4084 543.0
37.7209 -122.4079 490.0
37.757 -122.4736 525.0
37.7001 -122.417 675.0
37.7538 -122.4669 812.0
37.7035 -122.4212 858.0
37.6978 -122.414 865.0
37.7414 -122.3907 866.0
37.7406 -122.4507 959.0
37.7542 -122.4693 901.0
37.7342 -122.4509 884.0
37.7185 -122.4121 711.0
37.759 -122.4659 836.0
37.7066 -122.4124 488.0
37.7044 -122.4133 914.0
37.7534 -122.4663 649.0
37.7063 -122.4208 641.0
37.743 -122.4465 874.0
37.7001 -122.4199 794.0
37.7061 -122.4139 766.0
37.7583 -122.4676 666.0
37.7013 -122.4152 922.0
37.7053 -122.4197 920.0
37.7055 -122.4195 913.0
37.7404 -122.4515 580.0
37.7608 -122.4705 939.0
37.7158 -122.4098 547.0
37.7209 -122.4154 639.0
37.74 -122.452 546.0
37.6975 -122.4136 860.0
37.7431 -122.3928 492.0
37.7039 -122.414 823.0
37.7062 -122.4138 898.0
37.7196 -122.4129 858.0
37.7152 -122.4145 702.0
37.7345 -122.3872 482.0
37.7344 -122.3912 862.0
37.7176 -122.4159 572.0
37.74 -122.3854 898.0
37.7005 -122.4217 918.0
37.7648 -122.4356 891.0
37.7991 -122.488 752.0
37.6783 -122.4873 535.0
37.7636 -122.4095 830.0
37.7086 -122.4273 755.0
37.7438 -122.4761 568.0
37.7253 -122.4157 842.0
37.7219 -122.4074 784.0
37.7631 -122.4383 785.0
37.6921 -122.4971 909.0
37.7099 -122.4416 802.0
37.762 -122.4218 609.0
37.6932 -122.4307 773.0
37.7299 -122.4961 637.0
37.7084 -122.4459 664.0
37.7915 -122.4996 817.0
37.7683 -122.4089 673.0
37.6835 -122.4256 911.0
37.75 -122.4113 537.0
37.6577 -122.3977 815.0
37.757 -122.4841 543.0
37.7672 -122.3934 490.0
37.7422 -122.3993 525.0
37.695 -122.4783 675.0
37.6946 -122.4862 812.0
37.7278 -122.4859 858.0
37.7851 -122.4138 865.0
37.7946 -122.4659 866.0
37.7294 -122.4991 959.0
37.6671 -122.4303 901.0
37.7246 -122.4665 884.0
37.7178 -122.4153 711.0
37.7557 -122.4498 836.0
37.6827 -122.4983 488.0
37.7356 -122.4279 914.0
37.7122 -122.4861 649.0
37.795 -122.4486 641.0
37.7977 -122.4689 874.0
37.7331 -122.4926 794.0
37.7772 -122.4558 766.0
37.7212 -122.4687 666.0
37.7848 -122.4959 922.0
37.7721 -122.4481 920.0
37.6731 -122.4118 913.0
37.777 -122.4307 580.0
37.7762 -122.3978 939.0
37.7576 -122.3916 547.0
37.6562 -122.4923 639.0
37.751 -122.4553 546.0
37.6719 -122.4037 860.0
37.7868 -122.4569 492.0
37.7006 -122.4881 823.0
37.7852 -122.4429 898.0
37.6811 -122.4744 858.0
37.7989 -122.4379 702.0
37.7849 -122.4405 482.0
37.7396 -122.397 862.0
37.775 -122.4032 572.0
37.6766 -122.4773 898.0
37.7289 -122.4049 918.0
