cabid lati longi timestamp sequence
4.0 37.8004 -122.4171 784.0 6.0
4.0 37.7955 -122.4034 791.0 7.0
4.0 37.7862 -122.4245 805.0 8.0
4.0 37.7843 -122.4090 811.0 9.0
4.0 37.7928 -122.4186 818.0 10.0
4.0 37.6089 -122.3902 887.0 11.0
4.0 37.5543 -122.2552 904.0 12.0
4.0 37.6149 -122.3899 957.0 13.0
4.0 37.7900 -122.4260 1005.0 14.0
4.0 37.7878 -122.4082 1014.0 15.0
5.0 37.7697 -122.4488 546.0 1.0
5.0 37.7778 -122.4093 556.0 2.0
5.0 37.7753 -122.4193 561.0 3.0
5.0 37.7607 -122.4371 568.0 4.0
5.0 37.7697 -122.4498 575.0 5.0
5.0 37.8000 -122.4075 592.0 6.0
5.0 37.7864 -122.4549 622.0 7.0
5.0 37.7908 -122.4325 630.0 8.0
5.0 37.7774 -122.4552 675.0 9.0
5.0 37.7880 -122.4097 686.0 10.0
5.0 37.7708 -122.4407 719.0 11.0
5.0 37.7946 -122.3931 734.0 12.0
5.0 37.7933 -122.3933 740.0 13.0
5.0 37.7950 -122.4048 747.0 14.0
5.0 37.7656 -122.3891 840.0 15.0
5.0 37.8066 -122.4423 858.0 16.0
5.0 37.8084 -122.4100 874.0 17.0
5.0 37.7873 -122.4075 886.0 18.0
5.0 37.7866 -122.4083 887.0 19.0
5.0 37.7491 -122.4164 903.0 20.0
5.0 37.7473 -122.4138 909.0 21.0
5.0 37.7157 -122.4475 923.0 22.0
5.0 37.7250 -122.4345 930.0 23.0
5.0 37.7799 -122.4320 954.0 24.0
5.0 37.7899 -122.4056 964.0 25.0
5.0 37.7809 -122.3916 971.0 26.0
5.0 37.7764 -122.3958 979.0 27.0
5.0 37.7551 -122.4254 998.0 28.0
5.0 37.7587 -122.4212 1002.0 29.0
5.0 37.7733 -122.4215 1009.0 30.0
5.0 37.7752 -122.4192 1010.0 31.0
5.0 37.7730 -122.4323 1019.0 32.0
6.0 37.7157 -122.4023 693.0 1.0
6.0 37.7283 -122.3998 699.0 2.0
6.0 37.7182 -122.4645 709.0 3.0
6.0 37.7441 -122.4536 727.0 4.0
6.0 37.7632 -122.4076 741.0 5.0
6.0 37.7482 -122.4064 757.0 6.0
6.0 37.7711 -122.4030 766.0 7.0
6.0 37.7632 -122.4076 772.0 8.0
6.0 37.7451 -122.4527 784.0 9.0
6.0 37.7264 -122.4237 808.0 10.0
6.0 37.7256 -122.4235 834.0 11.0
6.0 37.7287 -122.4311 838.0 12.0
6.0 37.7473 -122.4210 860.0 13.0
6.0 37.7479 -122.4209 862.0 14.0
6.0 37.6736 -122.4802 880.0 15.0
6.0 37.7171 -122.4602 903.0 16.0
6.0 37.6179 -122.3874 921.0 17.0
6.0 37.7873 -122.4022 978.0 18.0
6.0 37.7983 -122.4167 988.0 19.0
6.0 37.7883 -122.4017 1002.0 20.0
6.0 37.7867 -122.4115 1008.0 21.0
6.0 37.7867 -122.4115 1009.0 22.0
6.0 37.7856 -122.4072 1011.0 23.0
1.0 37.7899 -122.3994 552.0 1.0
1.0 37.7874 -122.4083 582.0 2.0
1.0 37.7934 -122.3981 591.0 3.0
1.0 37.8006 -122.4373 620.0 4.0
1.0 37.7893 -122.4019 633.0 5.0
1.0 37.7905 -122.3977 636.0 6.0
1.0 37.7838 -122.3992 642.0 7.0
1.0 37.7874 -122.4082 655.0 8.0
1.0 37.7924 -122.4108 659.0 9.0
1.0 37.7869 -122.4093 665.0 10.0
1.0 37.7751 -122.4039 673.0 11.0
1.0 37.7932 -122.4208 687.0 12.0
1.0 37.7932 -122.4139 690.0 13.0
1.0 37.7679 -122.4290 713.0 14.0
1.0 37.7668 -122.3999 725.0 15.0
1.0 37.7626 -122.3961 732.0 16.0
1.0 37.7514 -122.3943 739.0 17.0
1.0 37.6152 -122.3902 785.0 18.0
1.0 37.7851 -122.4005 800.0 19.0
1.0 37.6161 -122.3883 821.0 20.0
1.0 37.6583 -122.4848 842.0 21.0
1.0 37.6153 -122.3902 857.0 22.0
1.0 37.5313 -122.2650 878.0 23.0
1.0 37.7560 -122.4052 920.0 24.0
1.0 37.7523 -122.4183 926.0 25.0
1.0 37.7523 -122.4187 931.0 26.0
1.0 37.7483 -122.4203 933.0 27.0
2.0 37.6150 -122.3924 633.0 1.0
2.0 37.7918 -122.4105 654.0 2.0
2.0 37.7904 -122.4207 668.0 3.0
2.0 37.7871 -122.4487 675.0 4.0
2.0 37.7886 -122.4501 678.0 5.0
2.0 37.7840 -122.4079 693.0 6.0
2.0 37.7922 -122.4083 713.0 7.0
2.0 37.8062 -122.4240 724.0 8.0
2.0 37.7939 -122.4313 736.0 9.0
2.0 37.7944 -122.4019 750.0 10.0
2.0 37.7921 -122.4069 755.0 11.0
2.0 37.7998 -122.4157 760.0 12.0
2.0 37.7899 -122.4257 768.0 13.0
2.0 37.7955 -122.3990 788.0 14.0
2.0 37.7946 -122.3995 790.0 15.0
2.0 37.7879 -122.4014 797.0 16.0
2.0 37.7873 -122.4004 798.0 17.0
2.0 37.7740 -122.3990 805.0 18.0
2.0 37.7740 -122.3990 809.0 19.0
2.0 37.7884 -122.4087 817.0 20.0
2.0 37.7892 -122.4088 818.0 21.0
2.0 37.7998 -122.4375 827.0 22.0
2.0 37.7970 -122.4364 838.0 23.0
2.0 37.7875 -122.4404 843.0 24.0
2.0 37.7733 -122.4376 849.0 25.0
2.0 37.7791 -122.4519 911.0 26.0
2.0 37.8083 -122.4099 927.0 27.0
2.0 37.8066 -122.4206 931.0 28.0
2.0 37.7880 -122.4109 940.0 29.0
2.0 37.7903 -122.3936 956.0 30.0
2.0 37.8012 -122.4229 966.0 31.0
2.0 37.7971 -122.4280 970.0 32.0
2.0 37.7982 -122.4073 978.0 33.0
2.0 37.7966 -122.4006 982.0 34.0
2.0 37.7868 -122.4109 990.0 35.0
2.0 37.7867 -122.4047 993.0 36.0
2.0 37.7959 -122.3943 1001.0 37.0
2.0 37.7959 -122.3943 1002.0 38.0
lati longi low_tw
37.6782 -122.388 530.0
37.7139 -122.4003 811.0
37.7575 -122.4389 541.0
37.7635 -122.4311 786.0
37.6777 -122.3913 907.0
37.7537 -122.439 892.0
37.7625 -122.4337 657.0
37.6757 -122.4476 585.0
37.6825 -122.4452 935.0
37.6783 -122.4482 859.0
37.6731 -122.3875 666.0
37.7144 -122.4018 572.0
37.7136 -122.397 760.0
37.7522 -122.4324 882.0
37.7654 -122.4316 580.0
37.7557 -122.4375 758.0
37.7092 -122.4009 915.0
37.7103 -122.3951 782.0
37.678 -122.4479 733.0
37.7547 -122.4316 942.0
37.716 -122.4008 748.0
37.7702 -122.4329 509.0
37.7622 -122.4294 727.0
37.7161 -122.4024 562.0
37.7491 -122.436 641.0
37.7488 -122.4327 618.0
37.7165 -122.3965 939.0
37.7664 -122.4337 873.0
37.7175 -122.3999 871.0
37.6813 -122.3938 733.0
37.7714 -122.4307 902.0
37.6762 -122.4421 554.0
37.7715 -122.4335 790.0
37.7488 -122.4318 580.0
37.7705 -122.4316 643.0
37.6756 -122.392 496.0
37.6849 -122.4479 772.0
37.6816 -122.441 907.0
37.7165 -122.3951 897.0
37.6773 -122.4424 786.0
37.6727 -122.3852 515.0
37.7573 -122.4307 951.0
37.6722 -122.3875 714.0
37.7571 -122.4332 649.0
37.7082 -122.4032 949.0
37.7089 -122.4027 717.0
37.6793 -122.443 659.0
37.7495 -122.432 581.0
37.7532 -122.4393 804.0
37.7703 -122.4291 690.0
37.7573 -122.4311 505.0
37.7115 -122.4034 777.0
37.6847 -122.4407 624.0
37.6843 -122.4478 620.0
37.7715 -122.4364 596.0
37.7583 -122.4385 918.0
37.7683 -122.4344 493.0
37.6751 -122.3915 536.0
37.7139 -122.397 582.0
37.7554 -122.4318 836.0
37.7531 -122.4388 946.0
37.7127 -122.4041 686.0
37.6804 -122.4439 852.0
37.6799 -122.3936 817.0
37.7089 -122.4022 777.0
37.7127 -122.3942 940.0
37.6787 -122.3929 748.0
37.7085 -122.397 770.0
37.7689 -122.431 600.0
37.7707 -122.4331 946.0
37.7034 -122.4915 530.0
37.6626 -122.3996 811.0
37.7658 -122.4052 541.0
37.7891 -122.4173 786.0
37.7902 -122.493 907.0
37.7923 -122.4102 892.0
37.6686 -122.4787 657.0
37.7929 -122.4052 585.0
37.767 -122.4492 935.0
37.6503 -122.4911 859.0
37.7133 -122.4195 666.0
37.7456 -122.437 572.0
37.7581 -122.4031 760.0
37.7026 -122.4799 882.0
37.7032 -122.4741 580.0
37.7466 -122.4002 758.0
37.7456 -122.4572 915.0
37.7802 -122.4089 782.0
37.691 -122.4747 733.0
37.7045 -122.4169 942.0
37.7632 -122.3908 748.0
37.7588 -122.4499 509.0
37.7261 -122.4699 727.0
37.674 -122.4668 562.0
37.6832 -122.4018 641.0
37.6715 -122.4061 618.0
37.6541 -122.4553 939.0
37.681 -122.4547 873.0
37.7607 -122.4429 871.0
37.7413 -122.4568 733.0
37.7245 -122.4367 902.0
37.7407 -122.4465 554.0
37.6661 -122.4956 790.0
37.7946 -122.4702 580.0
37.7779 -122.4994 643.0
37.7456 -122.4849 496.0
37.6988 -122.482 772.0
37.6737 -122.4173 907.0
37.7677 -122.4979 897.0
37.7717 -122.4353 786.0
37.725 -122.4161 515.0
37.667 -122.4134 951.0
37.6702 -122.4716 714.0
37.6872 -122.4869 649.0
37.7603 -122.4666 949.0
37.7875 -122.4616 717.0
37.6503 -122.3976 659.0
37.7411 -122.4127 581.0
37.6735 -122.3963 804.0
37.7308 -122.395 690.0
37.6735 -122.4195 505.0
37.6514 -122.4332 777.0
37.757 -122.4086 624.0
37.7002 -122.4444 620.0
37.7528 -122.4093 596.0
37.6707 -122.3906 918.0
37.6667 -122.4305 493.0
37.7497 -122.4615 536.0
37.7751 -122.4168 582.0
37.674 -122.4922 836.0
37.7408 -122.395 946.0
37.7972 -122.4701 686.0
37.7458 -122.4885 852.0
37.7622 -122.4881 817.0
37.7333 -122.4967 777.0
37.6794 -122.4404 940.0
37.7929 -122.4662 748.0
37.6558 -122.4295 770.0
37.7567 -122.4516 600.0
37.7829 -122.4468 946.0
