cabid lati longi timestamp sequence
1.0 37.7822 -122.4073 541.0 1.0
1.0 37.6157 -122.3878 561.0 2.0
1.0 37.6161 -122.3882 602.0 3.0
1.0 37.8063 -122.4162 629.0 4.0
1.0 37.8064 -122.4163 633.0 5.0
1.0 37.6170 -122.3880 659.0 6.0
1.0 37.6152 -122.3902 746.0 7.0
1.0 37.7914 -122.4058 768.0 8.0
1.0 37.7920 -122.4096 782.0 9.0
1.0 37.7936 -122.3963 788.0 10.0
1.0 37.7820 -122.4043 798.0 11.0
1.0 37.7868 -122.3939 804.0 12.0
1.0 37.7803 -122.4066 808.0 13.0
1.0 37.7775 -122.4101 810.0 14.0
1.0 37.7758 -122.4092 812.0 15.0
1.0 37.7386 -122.4040 825.0 16.0
1.0 37.7924 -122.4035 901.0 17.0
1.0 37.7734 -122.4410 915.0 18.0
1.0 37.7894 -122.4304 927.0 19.0
1.0 37.7856 -122.3967 946.0 20.0
1.0 37.7862 -122.3983 948.0 21.0
1.0 37.7508 -122.4422 969.0 22.0
1.0 37.7950 -122.3969 999.0 23.0
1.0 37.8000 -122.4055 1003.0 24.0
2.0 37.7899 -122.3994 552.0 1.0
2.0 37.7874 -122.4083 582.0 2.0
2.0 37.7934 -122.3981 591.0 3.0
2.0 37.8006 -122.4373 620.0 4.0
2.0 37.7893 -122.4019 633.0 5.0
2.0 37.7905 -122.3977 636.0 6.0
2.0 37.7838 -122.3992 642.0 7.0
2.0 37.7874 -122.4082 655.0 8.0
2.0 37.7924 -122.4108 659.0 9.0
2.0 37.7869 -122.4093 665.0 10.0
2.0 37.7751 -122.4039 673.0 11.0
2.0 37.7932 -122.4208 687.0 12.0
2.0 37.7932 -122.4139 690.0 13.0
2.0 37.7679 -122.4290 713.0 14.0
2.0 37.7668 -122.3999 725.0 15.0
2.0 37.7626 -122.3961 732.0 16.0
2.0 37.7514 -122.3943 739.0 17.0
2.0 37.6152 -122.3902 785.0 18.0
2.0 37.7851 -122.4005 800.0 19.0
2.0 37.6161 -122.3883 821.0 20.0
2.0 37.6583 -122.4848 842.0 21.0
2.0 37.6153 -122.3902 857.0 22.0
2.0 37.5313 -122.2650 878.0 23.0
2.0 37.7560 -122.4052 920.0 24.0
2.0 37.7523 -122.4183 926.0 25.0
2.0 37.7523 -122.4187 931.0 26.0
2.0 37.7483 -122.4203 933.0 27.0
2.0 37.7554 -122.4210 942.0 28.0
2.0 37.7656 -122.4221 945.0 29.0
2.0 37.7774 -122.4132 960.0 30.0
2.0 37.7862 -122.4111 964.0 31.0
2.0 37.7856 -122.4098 972.0 32.0
2.0 37.6155 -122.3844 994.0 33.0
3.0 37.7880 -122.4109 940.0 1.0
3.0 37.7903 -122.3936 956.0 2.0
3.0 37.8012 -122.4229 966.0 3.0
3.0 37.7971 -122.4280 970.0 4.0
3.0 37.7982 -122.4073 978.0 5.0
3.0 37.7966 -122.4006 982.0 6.0
3.0 37.7868 -122.4109 990.0 7.0
3.0 37.7867 -122.4047 993.0 8.0
3.0 37.7959 -122.3943 1001.0 9.0
3.0 37.7959 -122.3943 1002.0 10.0
3.0 37.8057 -122.4223 1010.0 11.0
3.0 37.8005 -122.4104 1014.0 12.0
3.0 37.7979 -122.4220 1017.0 13.0
lati longi low_tw
37.6692 -122.441 825.0
37.7128 -122.4315 663.0
37.7145 -122.4648 894.0
37.7711 -122.4009 705.0
37.6587 -122.4279 853.0
37.7483 -122.4083 851.0
37.7528 -122.4877 656.0
37.7752 -122.4281 492.0
37.6945 -122.4667 606.0
37.7731 -122.4758 632.0
37.6711 -122.4234 923.0
37.7779 -122.4455 877.0
37.7762 -122.4112 703.0
37.6756 -122.4526 918.0
37.6528 -122.4553 863.0
37.653 -122.4787 615.0
37.7647 -122.4626 750.0
37.7616 -122.4999 782.0
37.7134 -122.3931 494.0
37.6648 -122.4425 919.0
37.7822 -122.3918 633.0
37.7649 -122.4345 778.0
37.6717 -122.3986 893.0
37.6983 -122.4287 598.0
37.7381 -122.4028 798.0
37.6675 -122.4163 718.0
37.703 -122.4103 635.0
37.7934 -122.4476 849.0
37.6744 -122.4592 931.0
37.787 -122.4658 666.0
37.7517 -122.406 825.0
37.7527 -122.4 663.0
37.7868 -122.4707 894.0
37.715 -122.4495 705.0
37.7577 -122.4597 853.0
37.7546 -122.3976 851.0
37.7608 -122.4061 656.0
37.7179 -122.4473 492.0
37.7521 -122.4048 606.0
37.7825 -122.4723 632.0
37.7818 -122.4722 923.0
37.7937 -122.4599 877.0
37.7841 -122.4718 703.0
37.7865 -122.465 918.0
37.7816 -122.4632 863.0
37.7886 -122.4649 615.0
37.7936 -122.4672 750.0
37.7888 -122.4684 782.0
37.7548 -122.4003 494.0
37.7845 -122.4632 919.0
37.7535 -122.4039 633.0
37.7587 -122.4568 778.0
37.7939 -122.4608 893.0
37.7966 -122.4637 598.0
37.7529 -122.405 798.0
37.7171 -122.4455 718.0
37.7973 -122.466 635.0
37.7956 -122.4586 849.0
37.7601 -122.4023 931.0
37.7874 -122.4462 666.0
