cabid lati longi timestamp sequence
1.0 37.6247 -122.4011 613.0 1.0
1.0 37.8067 -122.4106 633.0 2.0
1.0 37.8060 -122.4179 639.0 3.0
1.0 37.7965 -122.4022 646.0 4.0
1.0 37.7929 -122.3961 659.0 5.0
1.0 37.7989 -122.4083 668.0 6.0
1.0 37.7945 -122.3998 683.0 7.0
1.0 37.8012 -122.4018 688.0 8.0
1.0 37.7947 -122.3977 709.0 9.0
1.0 37.7953 -122.2695 726.0 10.0
1.0 37.7949 -122.3976 759.0 11.0
1.0 37.7892 -122.4106 766.0 12.0
1.0 37.7885 -122.4056 769.0 13.0
1.0 37.7914 -122.3943 775.0 14.0
1.0 37.7909 -122.4041 789.0 15.0
1.0 37.7897 -122.4137 792.0 16.0
1.0 37.7885 -122.4047 795.0 17.0
1.0 37.7725 -122.4041 805.0 18.0
2.0 37.7575 -122.4090 577.0 1.0
2.0 37.6820 -122.3888 619.0 2.0
2.0 37.7833 -122.4404 712.0 3.0
2.0 37.7239 -122.4359 740.0 4.0
2.0 37.7577 -122.4191 755.0 5.0
2.0 37.7927 -122.4334 768.0 6.0
2.0 37.7859 -122.4333 772.0 7.0
2.0 37.7408 -122.4310 790.0 8.0
2.0 37.7422 -122.4252 803.0 9.0
2.0 37.7226 -122.4442 809.0 10.0
2.0 37.7209 -122.4355 821.0 11.0
2.0 37.7613 -122.4277 833.0 12.0
2.0 37.7926 -122.4031 994.0 13.0
2.0 37.7858 -122.4249 1002.0 14.0
2.0 37.7854 -122.4164 1006.0 15.0
2.0 37.7671 -122.4002 1015.0 16.0
3.0 37.6132 -122.3842 616.0 1.0
3.0 37.7449 -122.4400 642.0 2.0
3.0 37.7882 -122.4034 662.0 3.0
3.0 37.7910 -122.3994 664.0 4.0
3.0 37.6150 -122.3851 683.0 5.0
3.0 37.6172 -122.3875 773.0 6.0
3.0 37.7831 -122.4178 790.0 7.0
3.0 37.7873 -122.4168 794.0 8.0
3.0 37.7764 -122.4179 799.0 9.0
3.0 37.7882 -122.4030 811.0 10.0
3.0 37.7869 -122.3881 820.0 11.0
3.0 37.7831 -122.3892 825.0 12.0
3.0 37.6180 -122.3865 842.0 13.0
3.0 37.7886 -122.4056 999.0 14.0
3.0 37.7858 -122.4211 1003.0 15.0
3.0 37.7721 -122.4141 1018.0 16.0
4.0 37.7576 -122.4189 625.0 1.0
4.0 37.7624 -122.4351 638.0 2.0
4.0 37.7945 -122.4029 654.0 3.0
4.0 37.7929 -122.4009 656.0 4.0
4.0 37.7890 -122.4117 661.0 5.0
4.0 37.7848 -122.4001 694.0 6.0
4.0 37.7742 -122.4294 700.0 7.0
4.0 37.7738 -122.4396 710.0 8.0
4.0 37.8057 -122.4130 727.0 9.0
4.0 37.8054 -122.4119 728.0 10.0
4.0 37.7968 -122.4049 734.0 11.0
4.0 37.7930 -122.3928 760.0 12.0
4.0 37.6548 -122.3817 779.0 13.0
4.0 37.7900 -122.4040 823.0 14.0
4.0 37.7855 -122.4380 832.0 15.0
4.0 37.7912 -122.4020 875.0 16.0
4.0 37.7802 -122.3899 881.0 17.0
4.0 37.7484 -122.3968 916.0 18.0
4.0 37.7484 -122.3968 918.0 19.0
4.0 37.7036 -122.3941 937.0 20.0
lati longi low_tw
37.7762 -122.4845 796.0
37.6812 -122.4116 899.0
37.6608 -122.4527 677.0
37.798 -122.437 629.0
37.741 -122.4438 931.0
37.6962 -122.4819 943.0
37.6794 -122.4229 515.0
37.6911 -122.499 897.0
37.7773 -122.4167 631.0
37.689 -122.496 700.0
37.6913 -122.4838 702.0
37.7915 -122.4501 643.0
37.7571 -122.498 580.0
37.7587 -122.4911 721.0
37.7685 -122.4525 653.0
37.6828 -122.4498 734.0
37.685 -122.4588 814.0
37.7803 -122.4524 684.0
37.6881 -122.391 910.0
37.7131 -122.4225 577.0
37.7082 -122.4612 864.0
37.7971 -122.4358 677.0
37.6622 -122.4421 710.0
37.7227 -122.4357 684.0
37.7919 -122.4427 918.0
37.7084 -122.4352 681.0
37.7689 -122.4656 631.0
37.6707 -122.393 893.0
37.72 -122.4699 535.0
37.772 -122.4901 657.0
37.7353 -122.4002 833.0
37.7235 -122.475 681.0
37.7345 -122.4617 797.0
37.6933 -122.3918 831.0
37.6981 -122.4626 654.0
37.7798 -122.4185 739.0
37.7029 -122.4546 779.0
37.7957 -122.407 511.0
37.7108 -122.4561 781.0
37.7843 -122.41 553.0
37.7825 -122.475 824.0
37.7656 -122.4974 885.0
37.7919 -122.4621 595.0
37.7867 -122.4484 737.0
37.6952 -122.3959 773.0
37.6928 -122.4487 631.0
37.7727 -122.4497 836.0
37.7722 -122.4674 739.0
37.6969 -122.4353 853.0
37.7349 -122.4704 502.0
37.7443 -122.4204 909.0
37.7952 -122.4513 932.0
37.7599 -122.4778 680.0
37.7172 -122.4042 862.0
37.673 -122.4569 929.0
37.6748 -122.4626 585.0
37.79 -122.4492 905.0
37.677 -122.4567 541.0
37.7923 -122.4494 856.0
37.7729 -122.4879 537.0
37.7705 -122.4237 518.0
37.6589 -122.4892 677.0
37.6627 -122.4637 528.0
37.7345 -122.4453 665.0
37.6984 -122.3952 678.0
37.7351 -122.4286 612.0
37.6778 -122.4778 487.0
37.7698 -122.4625 637.0
37.7732 -122.4552 658.0
37.6931 -122.4453 635.0
37.657 -122.4888 722.0
37.7737 -122.4252 842.0
37.74 -122.3991 697.0
37.6511 -122.4783 831.0
37.6804 -122.4304 584.0
37.7471 -122.4152 754.0
37.7832 -122.4929 913.0
37.7498 -122.4044 900.0
37.6796 -122.4695 503.0
37.7186 -122.4207 0.0
37.711 -122.4213 796.0
37.7047 -122.4596 899.0
37.7226 -122.461 677.0
37.7227 -122.4567 629.0
37.7904 -122.4679 931.0
37.7059 -122.4564 943.0
37.702 -122.4618 515.0
37.7071 -122.4608 897.0
37.7715 -122.4409 631.0
37.7911 -122.4628 700.0
37.7243 -122.4606 702.0
37.7251 -122.4649 643.0
37.7178 -122.4239 580.0
37.7239 -122.4566 721.0
37.7158 -122.4625 653.0
37.7851 -122.4692 734.0
37.7018 -122.4591 814.0
37.7161 -122.4282 684.0
37.7741 -122.4443 910.0
37.7099 -122.4598 577.0
37.7785 -122.4399 864.0
37.7072 -122.4591 677.0
37.719 -122.461 710.0
37.7167 -122.4264 684.0
37.7166 -122.4583 918.0
37.7215 -122.4596 681.0
37.716 -122.4214 631.0
37.7079 -122.4566 893.0
37.7244 -122.4622 535.0
37.7074 -122.4537 657.0
37.7053 -122.4614 833.0
37.7109 -122.4255 681.0
37.7072 -122.4585 797.0
37.787 -122.4646 831.0
37.7184 -122.4615 654.0
37.7143 -122.4234 739.0
37.7171 -122.46 779.0
37.7855 -122.4638 511.0
37.7762 -122.4387 781.0
37.7246 -122.4601 553.0
37.7171 -122.4225 824.0
37.7033 -122.4631 885.0
37.7187 -122.4577 595.0
37.723 -122.4594 737.0
37.7029 -122.4597 773.0
37.7083 -122.4597 631.0
37.7075 -122.4553 836.0
37.7691 -122.4422 739.0
37.7861 -122.4643 853.0
37.7167 -122.4216 502.0
37.7158 -122.4277 909.0
37.7161 -122.4292 932.0
37.7027 -122.4557 680.0
37.7201 -122.4642 862.0
37.793 -122.4619 929.0
37.7853 -122.4627 585.0
37.7096 -122.4625 905.0
37.715 -122.4287 541.0
37.7252 -122.4616 856.0
37.7135 -122.4241 537.0
37.7135 -122.4287 518.0
37.724 -122.462 677.0
37.7101 -122.4601 528.0
37.7162 -122.423 665.0
37.7031 -122.4534 678.0
37.7237 -122.4623 612.0
37.7157 -122.4204 487.0
37.772 -122.4385 637.0
37.7172 -122.4288 658.0
37.7895 -122.4679 635.0
37.7198 -122.4249 722.0
37.7035 -122.4621 842.0
37.7115 -122.4207 697.0
37.7193 -122.4208 831.0
37.7172 -122.4631 584.0
37.7075 -122.4614 754.0
37.7919 -122.4686 913.0
37.7061 -122.4591 900.0
37.7116 -122.4235 503.0
37.6703 -122.4677 0.0
