cabid lati longi timestamp sequence
1.0 37.7905 -122.4058 540.0 1.0
2.0 37.6247 -122.4011 613.0 1.0
2.0 37.8067 -122.4106 633.0 2.0
2.0 37.8060 -122.4179 639.0 3.0
2.0 37.7965 -122.4022 646.0 4.0
2.0 37.7929 -122.3961 659.0 5.0
2.0 37.7989 -122.4083 668.0 6.0
2.0 37.7945 -122.3998 683.0 7.0
2.0 37.8012 -122.4018 688.0 8.0
2.0 37.7947 -122.3977 709.0 9.0
2.0 37.7953 -122.2695 726.0 10.0
2.0 37.7949 -122.3976 759.0 11.0
2.0 37.7892 -122.4106 766.0 12.0
2.0 37.7885 -122.4056 769.0 13.0
2.0 37.7914 -122.3943 775.0 14.0
2.0 37.7909 -122.4041 789.0 15.0
2.0 37.7897 -122.4137 792.0 16.0
2.0 37.7885 -122.4047 795.0 17.0
2.0 37.7725 -122.4041 805.0 18.0
2.0 37.7854 -122.3965 817.0 19.0
2.0 37.8000 -122.4411 832.0 20.0
2.0 37.8004 -122.4396 833.0 21.0
2.0 37.7965 -122.4252 837.0 22.0
2.0 37.7959 -122.4215 842.0 23.0
2.0 37.7947 -122.4007 847.0 24.0
2.0 37.6088 -122.3903 904.0 25.0
2.0 37.5577 -122.2869 927.0 26.0
2.0 37.6177 -122.3864 999.0 27.0
3.0 37.7575 -122.4090 577.0 1.0
3.0 37.6820 -122.3888 619.0 2.0
3.0 37.7833 -122.4404 712.0 3.0
3.0 37.7239 -122.4359 740.0 4.0
3.0 37.7577 -122.4191 755.0 5.0
3.0 37.7927 -122.4334 768.0 6.0
3.0 37.7859 -122.4333 772.0 7.0
3.0 37.7408 -122.4310 790.0 8.0
3.0 37.7422 -122.4252 803.0 9.0
3.0 37.7226 -122.4442 809.0 10.0
3.0 37.7209 -122.4355 821.0 11.0
3.0 37.7613 -122.4277 833.0 12.0
3.0 37.7926 -122.4031 994.0 13.0
3.0 37.7858 -122.4249 1002.0 14.0
3.0 37.7854 -122.4164 1006.0 15.0
3.0 37.7671 -122.4002 1015.0 16.0
4.0 37.6132 -122.3842 616.0 1.0
4.0 37.7449 -122.4400 642.0 2.0
4.0 37.7882 -122.4034 662.0 3.0
4.0 37.7910 -122.3994 664.0 4.0
4.0 37.6150 -122.3851 683.0 5.0
4.0 37.6172 -122.3875 773.0 6.0
4.0 37.7831 -122.4178 790.0 7.0
4.0 37.7873 -122.4168 794.0 8.0
4.0 37.7764 -122.4179 799.0 9.0
4.0 37.7882 -122.4030 811.0 10.0
4.0 37.7869 -122.3881 820.0 11.0
4.0 37.7831 -122.3892 825.0 12.0
4.0 37.6180 -122.3865 842.0 13.0
4.0 37.7886 -122.4056 999.0 14.0
4.0 37.7858 -122.4211 1003.0 15.0
4.0 37.7721 -122.4141 1018.0 16.0
5.0 37.7767 -122.3955 542.0 1.0
5.0 37.7923 -122.4061 552.0 2.0
5.0 37.7610 -122.4306 586.0 3.0
5.0 37.7882 -122.4166 601.0 4.0
5.0 37.7926 -122.4335 615.0 5.0
5.0 37.7576 -122.4189 625.0 6.0
5.0 37.7624 -122.4351 638.0 7.0
5.0 37.7945 -122.4029 654.0 8.0
5.0 37.7929 -122.4009 656.0 9.0
5.0 37.7890 -122.4117 661.0 10.0
5.0 37.7848 -122.4001 694.0 11.0
5.0 37.7742 -122.4294 700.0 12.0
5.0 37.7738 -122.4396 710.0 13.0
5.0 37.8057 -122.4130 727.0 14.0
5.0 37.8054 -122.4119 728.0 15.0
5.0 37.7968 -122.4049 734.0 16.0
5.0 37.7930 -122.3928 760.0 17.0
5.0 37.6548 -122.3817 779.0 18.0
5.0 37.7900 -122.4040 823.0 19.0
5.0 37.7855 -122.4380 832.0 20.0
5.0 37.7912 -122.4020 875.0 21.0
5.0 37.7802 -122.3899 881.0 22.0
5.0 37.7484 -122.3968 916.0 23.0
5.0 37.7484 -122.3968 918.0 24.0
5.0 37.7036 -122.3941 937.0 25.0
6.0 37.8030 -122.4201 902.0 1.0
6.0 37.7867 -122.3980 996.0 2.0
6.0 37.7906 -122.4024 1005.0 3.0
6.0 37.8069 -122.4105 1016.0 4.0
6.0 37.8035 -122.4150 1019.0 5.0
lati longi low_tw
37.7011 -122.4632 796.0
37.7108 -122.4304 899.0
37.7156 -122.4664 677.0
37.7688 -122.4446 629.0
37.7525 -122.4226 931.0
37.7762 -122.4845 943.0
37.6812 -122.4116 515.0
37.6608 -122.4527 897.0
37.798 -122.437 631.0
37.741 -122.4438 700.0
37.6962 -122.4819 702.0
37.6794 -122.4229 643.0
37.6911 -122.499 580.0
37.7773 -122.4167 721.0
37.689 -122.496 653.0
37.6913 -122.4838 734.0
37.7915 -122.4501 814.0
37.7571 -122.498 684.0
37.7587 -122.4911 910.0
37.7685 -122.4525 577.0
37.6828 -122.4498 864.0
37.685 -122.4588 677.0
37.7803 -122.4524 710.0
37.6881 -122.391 684.0
37.7131 -122.4225 918.0
37.7082 -122.4612 681.0
37.7971 -122.4358 631.0
37.6622 -122.4421 893.0
37.7227 -122.4357 535.0
37.7919 -122.4427 657.0
37.7084 -122.4352 833.0
37.7689 -122.4656 681.0
37.6707 -122.393 797.0
37.72 -122.4699 831.0
37.772 -122.4901 654.0
37.7353 -122.4002 739.0
37.7235 -122.475 779.0
37.7345 -122.4617 511.0
37.6933 -122.3918 781.0
37.6981 -122.4626 553.0
37.7798 -122.4185 824.0
37.7029 -122.4546 885.0
37.7957 -122.407 595.0
37.7108 -122.4561 737.0
37.7843 -122.41 773.0
37.7825 -122.475 631.0
37.7656 -122.4974 836.0
37.7919 -122.4621 739.0
37.7867 -122.4484 853.0
37.6952 -122.3959 502.0
37.6928 -122.4487 909.0
37.7727 -122.4497 932.0
37.7722 -122.4674 680.0
37.6969 -122.4353 862.0
37.7349 -122.4704 929.0
37.7443 -122.4204 585.0
37.7952 -122.4513 905.0
37.7599 -122.4778 541.0
37.7172 -122.4042 856.0
37.673 -122.4569 537.0
37.6748 -122.4626 518.0
37.79 -122.4492 677.0
37.677 -122.4567 528.0
37.7923 -122.4494 665.0
37.7729 -122.4879 678.0
37.7705 -122.4237 612.0
37.6589 -122.4892 487.0
37.6627 -122.4637 637.0
37.7345 -122.4453 658.0
37.7635 -122.434 897.0
37.7649 -122.4317 796.0
37.7421 -122.4809 899.0
37.7625 -122.4088 677.0
37.7072 -122.4372 629.0
37.7691 -122.4388 931.0
37.7063 -122.4434 943.0
37.7695 -122.4374 515.0
37.7903 -122.3885 897.0
37.765 -122.4324 631.0
37.7675 -122.4041 700.0
37.7599 -122.4046 702.0
37.7666 -122.4361 643.0
37.7425 -122.4837 580.0
37.7426 -122.4793 721.0
37.7052 -122.4432 653.0
37.7678 -122.4329 734.0
37.7639 -122.4383 814.0
37.769 -122.4373 684.0
37.7836 -122.3914 910.0
37.706 -122.4381 577.0
37.7442 -122.4832 864.0
37.745 -122.4876 677.0
37.7666 -122.4072 710.0
37.7438 -122.4793 684.0
37.7357 -122.4852 918.0
37.7 -122.4445 681.0
37.7637 -122.4356 631.0
37.7649 -122.4116 893.0
37.7863 -122.3948 535.0
37.7718 -122.4362 657.0
37.7906 -122.3904 833.0
37.7691 -122.4356 681.0
37.7389 -122.4837 797.0
37.7656 -122.4098 831.0
37.7365 -122.481 654.0
37.7414 -122.4822 739.0
37.7648 -122.4048 779.0
37.7698 -122.4331 511.0
37.7443 -122.4849 781.0
37.7693 -122.4301 553.0
37.7672 -122.4379 824.0
37.7597 -122.4089 885.0
37.7691 -122.4349 595.0
37.7018 -122.4399 737.0
37.7383 -122.4842 773.0
37.7632 -122.4068 631.0
37.737 -122.4826 836.0
37.7004 -122.4391 739.0
37.7884 -122.3892 853.0
37.7445 -122.4827 502.0
37.7659 -122.4058 909.0
37.7652 -122.4396 932.0
37.7386 -122.4804 680.0
37.7429 -122.4821 862.0
37.7648 -122.4361 929.0
37.7702 -122.4361 585.0
37.7694 -122.4318 905.0
37.7812 -122.3926 541.0
37.701 -122.4396 856.0
37.7656 -122.4049 537.0
37.7647 -122.4111 518.0
37.7649 -122.4126 677.0
37.7646 -122.4322 528.0
37.74 -122.4869 665.0
37.7079 -122.4372 678.0
37.7002 -122.438 612.0
37.7715 -122.439 487.0
37.7638 -122.4121 637.0
37.7451 -122.4843 658.0
37.7991 -122.4563 897.0
