cabid lati longi timestamp sequence
3.0 37.7939 -122.4313 736.0 9.0
3.0 37.7944 -122.4019 750.0 10.0
3.0 37.7921 -122.4069 755.0 11.0
3.0 37.7998 -122.4157 760.0 12.0
3.0 37.7899 -122.4257 768.0 13.0
3.0 37.7955 -122.3990 788.0 14.0
3.0 37.7946 -122.3995 790.0 15.0
3.0 37.7879 -122.4014 797.0 16.0
3.0 37.7873 -122.4004 798.0 17.0
3.0 37.7740 -122.3990 805.0 18.0
3.0 37.7740 -122.3990 809.0 19.0
3.0 37.7884 -122.4087 817.0 20.0
3.0 37.7892 -122.4088 818.0 21.0
3.0 37.7998 -122.4375 827.0 22.0
3.0 37.7970 -122.4364 838.0 23.0
3.0 37.7875 -122.4404 843.0 24.0
3.0 37.7733 -122.4376 849.0 25.0
3.0 37.7791 -122.4519 911.0 26.0
3.0 37.8083 -122.4099 927.0 27.0
3.0 37.8066 -122.4206 931.0 28.0
3.0 37.7880 -122.4109 940.0 29.0
3.0 37.7903 -122.3936 956.0 30.0
3.0 37.8012 -122.4229 966.0 31.0
3.0 37.7971 -122.4280 970.0 32.0
3.0 37.7982 -122.4073 978.0 33.0
3.0 37.7966 -122.4006 982.0 34.0
3.0 37.7868 -122.4109 990.0 35.0
3.0 37.7867 -122.4047 993.0 36.0
3.0 37.7959 -122.3943 1001.0 37.0
3.0 37.7959 -122.3943 1002.0 38.0
3.0 37.8057 -122.4223 1010.0 39.0
3.0 37.8005 -122.4104 1014.0 40.0
3.0 37.7979 -122.4220 1017.0 41.0
4.0 37.7709 -122.4204 906.0 1.0
4.0 37.7855 -122.4225 915.0 2.0
4.0 37.7852 -122.4326 917.0 3.0
4.0 37.7677 -122.4534 925.0 4.0
4.0 37.7635 -122.4583 928.0 5.0
4.0 37.7892 -122.4340 959.0 6.0
4.0 37.7924 -122.4033 968.0 7.0
4.0 37.7931 -122.3996 971.0 8.0
4.0 37.7812 -122.4333 986.0 9.0
4.0 37.7922 -122.4436 996.0 10.0
4.0 37.7874 -122.4008 1011.0 11.0
4.0 37.7903 -122.3970 1013.0 12.0
1.0 37.7831 -122.4677 542.0 1.0
1.0 37.7810 -122.4650 543.0 2.0
1.0 37.7811 -122.4601 544.0 3.0
1.0 37.7954 -122.4081 559.0 4.0
1.0 37.7767 -122.3954 601.0 5.0
1.0 37.7786 -122.3932 602.0 6.0
1.0 37.7786 -122.3932 603.0 7.0
1.0 37.7855 -122.4078 610.0 8.0
1.0 37.7839 -122.4176 618.0 9.0
1.0 37.7840 -122.4191 619.0 10.0
1.0 37.7733 -122.4185 624.0 11.0
1.0 37.7724 -122.4190 625.0 12.0
1.0 37.7724 -122.4190 626.0 13.0
1.0 37.7928 -122.3933 636.0 14.0
1.0 37.7833 -122.3935 640.0 15.0
1.0 37.7870 -122.3886 641.0 16.0
1.0 37.7948 -122.3934 645.0 17.0
1.0 37.7846 -122.4089 655.0 18.0
1.0 37.7846 -122.4091 660.0 19.0
1.0 37.7848 -122.4094 661.0 20.0
1.0 37.7855 -122.4214 667.0 21.0
1.0 37.8067 -122.4106 695.0 22.0
1.0 37.8038 -122.4098 696.0 23.0
1.0 37.7999 -122.4090 697.0 24.0
1.0 37.8084 -122.4101 718.0 25.0
1.0 37.8080 -122.4125 719.0 26.0
1.0 37.7889 -122.4084 730.0 27.0
1.0 37.7767 -122.3955 744.0 28.0
1.0 37.7764 -122.3986 745.0 29.0
1.0 37.7877 -122.4117 751.0 30.0
1.0 37.7945 -122.4069 767.0 31.0
1.0 37.7933 -122.4067 768.0 32.0
1.0 37.7540 -122.4498 789.0 33.0
1.0 37.7299 -122.4449 800.0 34.0
1.0 37.7304 -122.4443 801.0 35.0
1.0 37.7423 -122.4225 805.0 36.0
1.0 37.7402 -122.4220 816.0 37.0
1.0 37.7420 -122.4222 817.0 38.0
1.0 37.7388 -122.4368 822.0 39.0
1.0 37.7419 -122.4702 830.0 40.0
1.0 37.7302 -122.4763 837.0 41.0
1.0 37.7300 -122.4774 839.0 42.0
1.0 37.7841 -122.4801 852.0 43.0
1.0 37.7805 -122.4735 858.0 44.0
1.0 37.7613 -122.4297 873.0 45.0
lati longi low_tw
37.6727 -122.4662 840.0
37.7919 -122.4365 784.0
37.7248 -122.4197 523.0
37.7381 -122.4207 503.0
37.656 -122.4479 814.0
37.6881 -122.4923 565.0
37.7139 -122.4646 726.0
37.7097 -122.5 530.0
37.7626 -122.4153 834.0
37.6697 -122.414 598.0
37.7145 -122.4072 794.0
37.797 -122.4453 514.0
37.6509 -122.415 524.0
37.6698 -122.4082 777.0
37.6941 -122.4298 489.0
37.7145 -122.4038 796.0
37.6558 -122.4586 717.0
37.6824 -122.4684 830.0
37.7575 -122.3958 526.0
37.7276 -122.4986 610.0
37.6997 -122.4851 758.0
37.7274 -122.4086 828.0
37.7108 -122.4401 745.0
37.6514 -122.4273 555.0
37.6693 -122.4051 498.0
37.7874 -122.4381 497.0
37.678 -122.4909 876.0
37.735 -122.4424 827.0
37.7806 -122.4505 650.0
37.7316 -122.4389 911.0
37.6836 -122.4649 956.0
37.7716 -122.4134 527.0
37.7376 -122.4958 626.0
37.7528 -122.4268 748.0
37.7717 -122.4684 660.0
37.7131 -122.4966 837.0
37.6602 -122.482 683.0
37.7883 -122.4713 708.0
37.7089 -122.4455 795.0
37.7503 -122.4181 920.0
37.7324 -122.4799 726.0
37.6765 -122.4653 850.0
37.6998 -122.4603 757.0
37.7903 -122.4883 894.0
37.7691 -122.4328 606.0
37.7229 -122.4747 715.0
37.7484 -122.4479 552.0
37.7679 -122.4431 932.0
37.7358 -122.4001 846.0
37.7198 -122.4115 512.0
37.7432 -122.4387 514.0
37.702 -122.4704 486.0
37.7102 -122.4149 501.0
37.7512 -122.39 543.0
37.7436 -122.4852 896.0
37.7335 -122.42 789.0
37.7201 -122.4363 758.0
37.6907 -122.4697 664.0
37.7469 -122.4043 795.0
37.7124 -122.4942 803.0
37.7007 -122.4597 543.0
37.7616 -122.4517 724.0
37.7268 -122.4788 915.0
37.6629 -122.4805 522.0
37.7874 -122.4029 505.0
37.7749 -122.4393 541.0
37.6774 -122.4079 856.0
37.6644 -122.4025 525.0
37.6558 -122.4058 562.0
37.7693 -122.4857 897.0
37.7737 -122.4792 840.0
37.7708 -122.4789 784.0
37.7765 -122.481 523.0
37.7732 -122.483 503.0
37.769 -122.481 814.0
37.7605 -122.3897 565.0
37.7885 -122.4567 726.0
37.7777 -122.4446 530.0
37.7801 -122.4562 834.0
37.7494 -122.4338 598.0
37.7632 -122.3826 794.0
37.78 -122.4471 514.0
37.7623 -122.3891 524.0
37.7765 -122.4457 777.0
37.761 -122.3919 489.0
37.7577 -122.4336 796.0
37.779 -122.4405 717.0
37.7562 -122.4339 830.0
37.7814 -122.4579 526.0
37.7534 -122.4364 610.0
37.7724 -122.4785 758.0
37.7818 -122.4479 828.0
37.7815 -122.4458 745.0
37.7809 -122.4468 555.0
37.7821 -122.4406 498.0
37.7794 -122.4437 497.0
37.7771 -122.4443 876.0
37.7582 -122.383 827.0
37.7842 -122.4434 650.0
37.7551 -122.3897 911.0
37.7695 -122.4829 956.0
37.7696 -122.4845 527.0
37.7572 -122.39 626.0
37.7611 -122.3839 748.0
37.7609 -122.3851 660.0
37.7729 -122.478 837.0
37.7493 -122.4349 683.0
37.783 -122.4487 708.0
37.7763 -122.4822 795.0
37.7766 -122.4485 920.0
37.7751 -122.4828 726.0
37.7522 -122.4348 850.0
37.7508 -122.4399 757.0
37.783 -122.4482 894.0
37.7513 -122.4411 606.0
37.7774 -122.4453 715.0
37.7869 -122.458 552.0
37.751 -122.4423 932.0
37.7896 -122.4597 846.0
37.7839 -122.4496 512.0
37.7687 -122.4806 514.0
37.7695 -122.4851 486.0
37.7761 -122.4481 501.0
37.7552 -122.439 543.0
37.7558 -122.3873 896.0
37.755 -122.4355 789.0
37.7876 -122.4542 758.0
37.7524 -122.4381 664.0
37.7724 -122.4834 795.0
37.7562 -122.4376 803.0
37.7645 -122.3879 543.0
37.774 -122.4846 724.0
37.785 -122.4538 915.0
37.7702 -122.4822 522.0
37.7704 -122.4867 505.0
37.7725 -122.4859 541.0
37.7764 -122.4409 856.0
37.7503 -122.4352 525.0
37.7747 -122.481 562.0
37.7956 -122.4818 897.0
