cabid lati longi timestamp sequence
1.0 37.7899 -122.3994 552.0 1.0
1.0 37.7874 -122.4083 582.0 2.0
1.0 37.7934 -122.3981 591.0 3.0
1.0 37.8006 -122.4373 620.0 4.0
1.0 37.7893 -122.4019 633.0 5.0
1.0 37.7905 -122.3977 636.0 6.0
1.0 37.7838 -122.3992 642.0 7.0
1.0 37.7874 -122.4082 655.0 8.0
1.0 37.7924 -122.4108 659.0 9.0
1.0 37.7869 -122.4093 665.0 10.0
1.0 37.7751 -122.4039 673.0 11.0
1.0 37.7932 -122.4208 687.0 12.0
1.0 37.7932 -122.4139 690.0 13.0
1.0 37.7679 -122.4290 713.0 14.0
1.0 37.7668 -122.3999 725.0 15.0
1.0 37.7626 -122.3961 732.0 16.0
1.0 37.7514 -122.3943 739.0 17.0
1.0 37.6152 -122.3902 785.0 18.0
1.0 37.7851 -122.4005 800.0 19.0
1.0 37.6161 -122.3883 821.0 20.0
1.0 37.6583 -122.4848 842.0 21.0
1.0 37.6153 -122.3902 857.0 22.0
1.0 37.5313 -122.2650 878.0 23.0
1.0 37.7560 -122.4052 920.0 24.0
1.0 37.7523 -122.4183 926.0 25.0
1.0 37.7523 -122.4187 931.0 26.0
1.0 37.7483 -122.4203 933.0 27.0
2.0 37.6150 -122.3924 633.0 1.0
2.0 37.7918 -122.4105 654.0 2.0
2.0 37.7904 -122.4207 668.0 3.0
2.0 37.7871 -122.4487 675.0 4.0
2.0 37.7886 -122.4501 678.0 5.0
2.0 37.7840 -122.4079 693.0 6.0
2.0 37.7922 -122.4083 713.0 7.0
2.0 37.8062 -122.4240 724.0 8.0
2.0 37.7939 -122.4313 736.0 9.0
2.0 37.7944 -122.4019 750.0 10.0
2.0 37.7921 -122.4069 755.0 11.0
2.0 37.7998 -122.4157 760.0 12.0
2.0 37.7899 -122.4257 768.0 13.0
2.0 37.7955 -122.3990 788.0 14.0
2.0 37.7946 -122.3995 790.0 15.0
2.0 37.7879 -122.4014 797.0 16.0
2.0 37.7873 -122.4004 798.0 17.0
2.0 37.7740 -122.3990 805.0 18.0
2.0 37.7740 -122.3990 809.0 19.0
2.0 37.7884 -122.4087 817.0 20.0
2.0 37.7892 -122.4088 818.0 21.0
2.0 37.7998 -122.4375 827.0 22.0
2.0 37.7970 -122.4364 838.0 23.0
2.0 37.7875 -122.4404 843.0 24.0
2.0 37.7733 -122.4376 849.0 25.0
2.0 37.7791 -122.4519 911.0 26.0
2.0 37.8083 -122.4099 927.0 27.0
2.0 37.8066 -122.4206 931.0 28.0
2.0 37.7880 -122.4109 940.0 29.0
2.0 37.7903 -122.3936 956.0 30.0
2.0 37.8012 -122.4229 966.0 31.0
2.0 37.7971 -122.4280 970.0 32.0
2.0 37.7982 -122.4073 978.0 33.0
2.0 37.7966 -122.4006 982.0 34.0
2.0 37.7868 -122.4109 990.0 35.0
2.0 37.7867 -122.4047 993.0 36.0
2.0 37.7959 -122.3943 1001.0 37.0
2.0 37.7959 -122.3943 1002.0 38.0
2.0 37.8057 -122.4223 1010.0 39.0
2.0 37.8005 -122.4104 1014.0 40.0
2.0 37.7979 -122.4220 1017.0 41.0
3.0 37.7905 -122.4065 548.0 1.0
3.0 37.7901 -122.3955 553.0 2.0
3.0 37.7888 -122.4116 610.0 3.0
3.0 37.7868 -122.4277 615.0 4.0
3.0 37.7871 -122.4177 618.0 5.0
3.0 37.7881 -122.4089 622.0 6.0
3.0 37.8084 -122.4141 636.0 7.0
3.0 37.8082 -122.4142 637.0 8.0
3.0 37.7843 -122.4043 649.0 9.0
3.0 37.7891 -122.4167 666.0 10.0
3.0 37.7733 -122.4375 680.0 11.0
3.0 37.7731 -122.4380 683.0 12.0
3.0 37.7871 -122.4009 693.0 13.0
3.0 37.7817 -122.4038 696.0 14.0
3.0 37.7875 -122.4080 702.0 15.0
3.0 37.7862 -122.4059 711.0 16.0
3.0 37.7845 -122.4195 718.0 17.0
3.0 37.7875 -122.4141 721.0 18.0
3.0 37.7800 -122.4134 726.0 19.0
3.0 37.7883 -122.4084 732.0 20.0
3.0 37.7920 -122.4096 737.0 21.0
3.0 37.7870 -122.4184 745.0 22.0
3.0 37.7807 -122.4084 751.0 23.0
3.0 37.7778 -122.4097 756.0 24.0
3.0 37.7847 -122.4066 762.0 25.0
3.0 37.7891 -122.4090 796.0 26.0
3.0 37.7739 -122.4611 818.0 27.0
3.0 37.7767 -122.3954 882.0 28.0
3.0 37.7627 -122.4327 893.0 29.0
3.0 37.7709 -122.4204 906.0 30.0
3.0 37.7855 -122.4225 915.0 31.0
3.0 37.7852 -122.4326 917.0 32.0
3.0 37.7677 -122.4534 925.0 33.0
3.0 37.7635 -122.4583 928.0 34.0
3.0 37.7892 -122.4340 959.0 35.0
3.0 37.7924 -122.4033 968.0 36.0
3.0 37.7931 -122.3996 971.0 37.0
3.0 37.7812 -122.4333 986.0 38.0
3.0 37.7922 -122.4436 996.0 39.0
3.0 37.7874 -122.4008 1011.0 40.0
3.0 37.7903 -122.3970 1013.0 41.0
4.0 37.3336 -122.0745 991.0 1.0
lati longi low_tw
37.653 -122.4787 825.0
37.7647 -122.4626 663.0
37.7616 -122.4999 894.0
37.7134 -122.3931 705.0
37.6648 -122.4425 853.0
37.7822 -122.3918 851.0
37.7649 -122.4345 656.0
37.6717 -122.3986 492.0
37.6983 -122.4287 606.0
37.7381 -122.4028 632.0
37.6675 -122.4163 923.0
37.703 -122.4103 877.0
37.7934 -122.4476 703.0
37.6744 -122.4592 918.0
37.6935 -122.4606 863.0
37.7584 -122.4688 615.0
37.6578 -122.4012 750.0
37.7643 -122.4063 782.0
37.7556 -122.411 494.0
37.7424 -122.4152 919.0
37.6567 -122.4671 633.0
37.701 -122.4924 778.0
37.7573 -122.405 893.0
37.7579 -122.4276 598.0
37.7912 -122.4833 798.0
37.794 -122.4 718.0
37.6633 -122.4987 635.0
37.734 -122.4809 849.0
37.6636 -122.4152 931.0
37.6839 -122.4109 666.0
37.661 -122.4091 755.0
37.6677 -122.3992 898.0
37.7107 -122.4057 843.0
37.7613 -122.4089 936.0
37.7017 -122.4035 818.0
37.6919 -122.455 804.0
37.7707 -122.4308 555.0
37.6653 -122.4982 802.0
37.6919 -122.4778 790.0
37.7718 -122.439 958.0
37.6705 -122.3911 599.0
37.6813 -122.4796 542.0
37.7203 -122.4681 703.0
37.7037 -122.4643 681.0
37.6829 -122.4329 661.0
37.7982 -122.4594 687.0
37.6853 -122.4251 807.0
37.7817 -122.4792 868.0
37.7138 -122.4409 528.0
37.6742 -122.4619 508.0
37.7428 -122.4381 646.0
37.7042 -122.4644 795.0
37.6759 -122.4127 560.0
37.6527 -122.4896 809.0
37.7616 -122.443 907.0
37.7264 -122.4054 881.0
37.7255 -122.4268 647.0
37.7808 -122.469 623.0
37.7831 -122.4418 815.0
37.6805 -122.4468 803.0
37.7809 -122.4442 825.0
37.7773 -122.4666 663.0
37.7845 -122.4405 894.0
37.7843 -122.4375 705.0
37.6785 -122.4193 853.0
37.6784 -122.4146 851.0
37.7827 -122.4382 656.0
37.6785 -122.4225 492.0
37.7817 -122.4085 606.0
37.676 -122.4173 632.0
37.6727 -122.4222 923.0
37.6757 -122.4153 877.0
37.6749 -122.4211 703.0
37.7799 -122.4024 918.0
37.7827 -122.4036 863.0
37.6789 -122.4471 615.0
37.6723 -122.417 750.0
37.783 -122.4428 782.0
37.7804 -122.4707 494.0
37.6714 -122.4173 919.0
37.7789 -122.4731 633.0
37.6725 -122.4134 778.0
37.6832 -122.4489 893.0
37.7847 -122.4358 598.0
37.6789 -122.4452 798.0
37.6804 -122.444 718.0
37.6788 -122.4523 635.0
37.6719 -122.4164 849.0
37.7782 -122.4663 931.0
37.6807 -122.4198 666.0
37.7875 -122.4379 755.0
37.7774 -122.4057 898.0
37.778 -122.4436 843.0
37.7814 -122.4399 936.0
37.7862 -122.4444 818.0
37.7833 -122.4031 804.0
37.7749 -122.4737 555.0
37.7854 -122.4421 802.0
37.6759 -122.4153 790.0
37.7829 -122.4018 958.0
37.6804 -122.445 599.0
37.7781 -122.4425 542.0
37.7858 -122.4047 703.0
37.7826 -122.4078 681.0
37.7824 -122.4382 661.0
37.6847 -122.4444 687.0
37.7872 -122.4436 807.0
37.784 -122.4046 868.0
37.7835 -122.4376 528.0
37.6823 -122.4516 508.0
37.6856 -122.4526 646.0
37.7826 -122.4685 795.0
37.6796 -122.4489 560.0
37.6778 -122.4168 809.0
37.7796 -122.4661 907.0
37.6775 -122.4177 881.0
37.6807 -122.4524 647.0
37.6739 -122.414 623.0
37.7819 -122.4735 815.0
37.78 -122.4602 803.0
