cabid lati longi timestamp sequence
1.0 37.7760 -122.4211 682.0 1.0
2.0 37.7296 -122.4032 552.0 1.0
2.0 37.8021 -122.4019 566.0 2.0
2.0 37.7917 -122.4027 587.0 3.0
2.0 37.6179 -122.3871 614.0 4.0
2.0 37.6119 -122.3955 721.0 5.0
2.0 37.4257 -122.0977 743.0 6.0
2.0 37.7894 -122.4023 815.0 7.0
2.0 37.7906 -122.4324 829.0 8.0
2.0 37.7902 -122.4207 837.0 9.0
2.0 37.7886 -122.3928 846.0 10.0
2.0 37.7766 -122.3956 972.0 11.0
2.0 37.7766 -122.3958 974.0 12.0
2.0 37.7717 -122.4019 977.0 13.0
2.0 37.7874 -122.4111 985.0 14.0
2.0 37.7995 -122.4093 991.0 15.0
2.0 37.7948 -122.4002 996.0 16.0
2.0 37.7848 -122.3899 1001.0 17.0
2.0 37.7821 -122.3925 1007.0 18.0
2.0 37.7797 -122.3949 1013.0 19.0
3.0 37.7877 -122.3998 550.0 1.0
3.0 37.7847 -122.4093 555.0 2.0
3.0 37.7860 -122.4121 559.0 3.0
3.0 37.7876 -122.4117 566.0 4.0
3.0 37.8030 -122.4021 573.0 5.0
3.0 37.7906 -122.4208 609.0 6.0
3.0 37.7864 -122.4078 617.0 7.0
3.0 37.7652 -122.4194 627.0 8.0
3.0 37.7836 -122.4082 636.0 9.0
3.0 37.7869 -122.4189 645.0 10.0
3.0 37.7773 -122.4087 653.0 11.0
3.0 37.7782 -122.4099 655.0 12.0
3.0 37.7866 -122.4052 663.0 13.0
3.0 37.7874 -122.4104 666.0 14.0
3.0 37.7839 -122.4377 671.0 15.0
3.0 37.7830 -122.4321 678.0 16.0
3.0 37.7781 -122.4279 683.0 17.0
3.0 37.7820 -122.4279 693.0 18.0
3.0 37.7799 -122.4152 698.0 19.0
3.0 37.7845 -122.4068 708.0 20.0
3.0 37.7918 -122.4072 717.0 21.0
3.0 37.7951 -122.4013 744.0 22.0
3.0 37.7901 -122.4058 751.0 23.0
3.0 37.7936 -122.4017 756.0 24.0
3.0 37.7904 -122.4225 762.0 25.0
3.0 37.8027 -122.4295 783.0 26.0
3.0 37.6179 -122.3857 810.0 27.0
3.0 37.7460 -122.3873 847.0 28.0
3.0 37.7815 -122.4654 866.0 29.0
3.0 37.7860 -122.4572 870.0 30.0
3.0 37.8025 -122.4306 887.0 31.0
3.0 37.7860 -122.4197 922.0 32.0
3.0 37.7637 -122.3977 932.0 33.0
4.0 37.6165 -122.3880 540.0 1.0
4.0 37.6426 -122.4663 554.0 2.0
4.0 37.6165 -122.3879 598.0 3.0
4.0 37.7902 -122.4032 617.0 4.0
4.0 37.6160 -122.3883 734.0 5.0
4.0 37.5076 -122.2514 748.0 6.0
4.0 37.6154 -122.3902 776.0 7.0
4.0 37.8033 -122.4104 802.0 8.0
4.0 37.8084 -122.4101 811.0 9.0
4.0 37.7850 -122.4349 827.0 10.0
4.0 37.7843 -122.4402 833.0 11.0
4.0 37.7797 -122.4385 841.0 12.0
4.0 37.7849 -122.4207 848.0 13.0
4.0 37.7918 -122.3942 863.0 14.0
4.0 37.7398 -122.4240 914.0 15.0
4.0 37.7409 -122.4229 915.0 16.0
4.0 37.7608 -122.4259 925.0 17.0
4.0 37.7866 -122.3978 937.0 18.0
4.0 37.7899 -122.4052 941.0 19.0
4.0 37.6177 -122.3872 971.0 20.0
4.0 37.7112 -122.3920 988.0 21.0
4.0 37.8064 -122.4151 1013.0 22.0
5.0 37.7483 -122.4250 543.0 1.0
5.0 37.7838 -122.4192 556.0 2.0
5.0 37.7856 -122.4097 593.0 3.0
5.0 37.6647 -122.3853 723.0 4.0
5.0 37.6657 -122.3854 724.0 5.0
5.0 37.6648 -122.3855 725.0 6.0
5.0 37.6611 -122.4031 746.0 7.0
5.0 37.7859 -122.4019 759.0 8.0
5.0 37.7857 -122.4096 778.0 9.0
5.0 37.8082 -122.4166 790.0 10.0
5.0 37.7943 -122.4034 797.0 11.0
5.0 37.7893 -122.3917 807.0 12.0
5.0 37.7858 -122.4098 833.0 13.0
5.0 37.7853 -122.3982 840.0 14.0
5.0 37.7875 -122.4032 844.0 15.0
5.0 37.7687 -122.4131 854.0 16.0
5.0 37.7963 -122.4122 866.0 17.0
5.0 37.7855 -122.4096 887.0 18.0
5.0 37.6878 -122.3903 914.0 19.0
6.0 37.7899 -122.3910 665.0 1.0
6.0 37.7959 -122.3971 695.0 2.0
6.0 37.8028 -122.4019 698.0 3.0
6.0 37.7675 -122.3936 900.0 4.0
6.0 37.7892 -122.4070 909.0 5.0
6.0 37.7852 -122.4327 918.0 6.0
6.0 37.7911 -122.4160 923.0 7.0
6.0 37.7911 -122.4038 927.0 8.0
6.0 37.7941 -122.3976 931.0 9.0
6.0 37.7850 -122.4215 938.0 10.0
6.0 37.7848 -122.4087 954.0 11.0
6.0 37.7891 -122.4115 955.0 12.0
6.0 37.7941 -122.3976 978.0 13.0
6.0 37.7903 -122.4090 983.0 14.0
6.0 37.7877 -122.4084 990.0 15.0
6.0 37.7602 -122.4372 1006.0 16.0
lati longi low_tw
37.7515 -122.4884 767.0
37.7874 -122.4248 656.0
37.7558 -122.4818 939.0
37.722 -122.4087 553.0
37.7438 -122.4356 529.0
37.7232 -122.4006 556.0
37.7546 -122.475 855.0
37.7094 -122.4782 822.0
37.6986 -122.3972 656.0
37.7519 -122.4978 768.0
37.7701 -122.4245 960.0
37.6567 -122.4263 890.0
37.7595 -122.4242 938.0
37.6893 -122.4606 523.0
37.7669 -122.4423 922.0
37.7349 -122.4426 854.0
37.6594 -122.413 879.0
37.6782 -122.4579 586.0
37.7715 -122.4148 846.0
37.7886 -122.427 714.0
37.784 -122.4951 615.0
37.7011 -122.4445 576.0
37.7679 -122.4817 527.0
37.799 -122.4223 769.0
37.7856 -122.4668 558.0
37.7259 -122.3904 643.0
37.7321 -122.4078 628.0
37.7569 -122.4811 937.0
37.7594 -122.4447 619.0
37.7458 -122.4218 648.0
37.7216 -122.4996 912.0
37.7067 -122.419 944.0
37.6767 -122.424 751.0
37.7125 -122.4768 726.0
37.7422 -122.4342 491.0
37.7554 -122.4033 674.0
37.7765 -122.4724 522.0
37.7637 -122.4785 700.0
37.6841 -122.4625 771.0
37.7321 -122.4819 628.0
37.7249 -122.4154 569.0
37.7671 -122.3904 749.0
37.6761 -122.3979 487.0
37.7481 -122.4619 793.0
37.7722 -122.4313 884.0
37.6501 -122.4093 575.0
37.7658 -122.4703 865.0
37.7486 -122.4553 611.0
37.6828 -122.4293 698.0
37.7952 -122.4904 512.0
37.7981 -122.477 767.0
37.6595 -122.4345 656.0
37.7467 -122.4292 939.0
37.685 -122.4611 553.0
37.6912 -122.4619 529.0
37.742 -122.4277 556.0
37.741 -122.4271 855.0
37.6915 -122.4554 822.0
37.7478 -122.4328 656.0
37.6937 -122.4562 768.0
37.7997 -122.4758 960.0
37.6858 -122.4531 890.0
37.7469 -122.4292 938.0
37.7472 -122.4357 523.0
37.7467 -122.4283 922.0
37.7894 -122.4902 854.0
37.7871 -122.489 879.0
37.794 -122.4848 586.0
37.7462 -122.4289 846.0
37.792 -122.4925 714.0
37.788 -122.493 615.0
37.6926 -122.4546 576.0
37.7953 -122.4778 527.0
37.7902 -122.49 769.0
37.7459 -122.4322 558.0
37.6573 -122.4298 643.0
37.7877 -122.4896 628.0
37.6876 -122.4624 937.0
37.6906 -122.4536 619.0
37.7458 -122.4331 648.0
37.7451 -122.4307 912.0
37.6897 -122.4558 944.0
37.7924 -122.4908 751.0
37.8006 -122.4758 726.0
37.6552 -122.4313 491.0
37.7907 -122.4929 674.0
37.6926 -122.4605 522.0
37.6851 -122.4553 700.0
37.7935 -122.4776 771.0
37.7992 -122.4846 628.0
37.6622 -122.4343 569.0
37.7482 -122.4288 749.0
37.6877 -122.4617 487.0
37.6575 -122.4343 793.0
37.686 -122.4563 884.0
37.6904 -122.4592 575.0
37.75 -122.4302 865.0
37.7889 -122.4969 611.0
37.7463 -122.4338 698.0
37.6898 -122.4701 512.0
