cabid lati longi timestamp sequence
2.0 37.7880 -122.4109 940.0 29.0
2.0 37.7903 -122.3936 956.0 30.0
2.0 37.8012 -122.4229 966.0 31.0
2.0 37.7971 -122.4280 970.0 32.0
2.0 37.7982 -122.4073 978.0 33.0
2.0 37.7966 -122.4006 982.0 34.0
2.0 37.7868 -122.4109 990.0 35.0
2.0 37.7867 -122.4047 993.0 36.0
2.0 37.7959 -122.3943 1001.0 37.0
2.0 37.7959 -122.3943 1002.0 38.0
2.0 37.8057 -122.4223 1010.0 39.0
2.0 37.8005 -122.4104 1014.0 40.0
2.0 37.7979 -122.4220 1017.0 41.0
3.0 37.7905 -122.4065 548.0 1.0
3.0 37.7901 -122.3955 553.0 2.0
3.0 37.7888 -122.4116 610.0 3.0
3.0 37.7868 -122.4277 615.0 4.0
3.0 37.7871 -122.4177 618.0 5.0
3.0 37.7881 -122.4089 622.0 6.0
3.0 37.8084 -122.4141 636.0 7.0
3.0 37.8082 -122.4142 637.0 8.0
3.0 37.7843 -122.4043 649.0 9.0
3.0 37.7891 -122.4167 666.0 10.0
3.0 37.7733 -122.4375 680.0 11.0
3.0 37.7731 -122.4380 683.0 12.0
3.0 37.7871 -122.4009 693.0 13.0
3.0 37.7817 -122.4038 696.0 14.0
3.0 37.7875 -122.4080 702.0 15.0
3.0 37.7862 -122.4059 711.0 16.0
3.0 37.7845 -122.4195 718.0 17.0
3.0 37.7875 -122.4141 721.0 18.0
3.0 37.7800 -122.4134 726.0 19.0
3.0 37.7883 -122.4084 732.0 20.0
3.0 37.7920 -122.4096 737.0 21.0
3.0 37.7870 -122.4184 745.0 22.0
3.0 37.7807 -122.4084 751.0 23.0
3.0 37.7778 -122.4097 756.0 24.0
3.0 37.7847 -122.4066 762.0 25.0
3.0 37.7891 -122.4090 796.0 26.0
3.0 37.7739 -122.4611 818.0 27.0
3.0 37.7767 -122.3954 882.0 28.0
3.0 37.7627 -122.4327 893.0 29.0
3.0 37.7709 -122.4204 906.0 30.0
3.0 37.7855 -122.4225 915.0 31.0
3.0 37.7852 -122.4326 917.0 32.0
3.0 37.7677 -122.4534 925.0 33.0
3.0 37.7635 -122.4583 928.0 34.0
3.0 37.7892 -122.4340 959.0 35.0
3.0 37.7924 -122.4033 968.0 36.0
3.0 37.7931 -122.3996 971.0 37.0
3.0 37.7812 -122.4333 986.0 38.0
3.0 37.7922 -122.4436 996.0 39.0
3.0 37.7874 -122.4008 1011.0 40.0
3.0 37.7903 -122.3970 1013.0 41.0
4.0 37.3336 -122.0745 991.0 1.0
1.0 37.7818 -122.3963 577.0 1.0
1.0 37.7891 -122.4168 584.0 2.0
1.0 37.7897 -122.4139 592.0 3.0
1.0 37.7865 -122.4183 598.0 4.0
1.0 37.7873 -122.4167 599.0 5.0
1.0 37.7920 -122.4008 605.0 6.0
1.0 37.7963 -122.4161 626.0 7.0
1.0 37.6621 -122.4015 657.0 8.0
1.0 37.7885 -122.4000 770.0 9.0
1.0 37.7879 -122.4093 773.0 10.0
1.0 37.7880 -122.4073 782.0 11.0
1.0 37.7790 -122.3910 789.0 12.0
1.0 37.7885 -122.4017 818.0 13.0
1.0 37.7497 -122.3923 849.0 14.0
1.0 37.7518 -122.4049 879.0 15.0
2.0 37.7868 -122.4467 542.0 1.0
2.0 37.7865 -122.4604 549.0 2.0
2.0 37.7881 -122.4408 555.0 3.0
2.0 37.7761 -122.3933 572.0 4.0
2.0 37.7835 -122.4076 591.0 5.0
2.0 37.7771 -122.4039 596.0 6.0
2.0 37.7932 -122.4211 606.0 7.0
2.0 37.7841 -122.3986 619.0 8.0
2.0 37.7855 -122.3974 621.0 9.0
2.0 37.7922 -122.4066 631.0 10.0
2.0 37.7927 -122.4050 642.0 11.0
2.0 37.7873 -122.4066 647.0 12.0
2.0 37.7916 -122.4033 878.0 13.0
2.0 37.7932 -122.4314 890.0 14.0
2.0 37.7905 -122.4325 895.0 15.0
2.0 37.7889 -122.4103 903.0 16.0
2.0 37.7920 -122.4032 915.0 17.0
2.0 37.7877 -122.4105 920.0 18.0
2.0 37.7909 -122.4041 923.0 19.0
2.0 37.8050 -122.4135 929.0 20.0
2.0 37.8048 -122.4136 930.0 21.0
2.0 37.7973 -122.4154 935.0 22.0
2.0 37.7922 -122.4038 944.0 23.0
2.0 37.7914 -122.4260 952.0 24.0
2.0 37.7924 -122.4210 955.0 25.0
2.0 37.7954 -122.3974 962.0 26.0
2.0 37.7960 -122.3975 974.0 27.0
2.0 37.7806 -122.4206 990.0 28.0
2.0 37.7717 -122.4673 1007.0 29.0
2.0 37.7717 -122.4673 1008.0 30.0
3.0 37.7831 -122.4677 542.0 1.0
3.0 37.7810 -122.4650 543.0 2.0
3.0 37.7811 -122.4601 544.0 3.0
3.0 37.7954 -122.4081 559.0 4.0
3.0 37.7767 -122.3954 601.0 5.0
3.0 37.7786 -122.3932 602.0 6.0
3.0 37.7786 -122.3932 603.0 7.0
3.0 37.7855 -122.4078 610.0 8.0
3.0 37.7839 -122.4176 618.0 9.0
3.0 37.7840 -122.4191 619.0 10.0
lati longi low_tw
37.726 -122.4897 840.0
37.663 -122.3957 784.0
37.6689 -122.476 523.0
37.664 -122.4086 503.0
37.78 -122.4602 814.0
37.7479 -122.4432 565.0
37.7672 -122.487 726.0
37.7747 -122.4503 530.0
37.7546 -122.392 834.0
37.6805 -122.4286 598.0
37.6727 -122.4662 794.0
37.7919 -122.4365 514.0
37.7248 -122.4197 524.0
37.7381 -122.4207 777.0
37.656 -122.4479 489.0
37.6881 -122.4923 796.0
37.7139 -122.4646 717.0
37.7097 -122.5 830.0
37.7626 -122.4153 526.0
37.6697 -122.414 610.0
37.7145 -122.4072 758.0
37.797 -122.4453 828.0
37.6509 -122.415 745.0
37.6698 -122.4082 555.0
37.6941 -122.4298 498.0
37.7145 -122.4038 497.0
37.6558 -122.4586 876.0
37.6824 -122.4684 827.0
37.7575 -122.3958 650.0
37.7276 -122.4986 911.0
37.6997 -122.4851 956.0
37.7274 -122.4086 527.0
37.7108 -122.4401 626.0
37.6514 -122.4273 748.0
37.6693 -122.4051 660.0
37.7874 -122.4381 837.0
37.678 -122.4909 683.0
37.735 -122.4424 708.0
37.7806 -122.4505 795.0
37.7316 -122.4389 920.0
37.6836 -122.4649 726.0
37.7716 -122.4134 850.0
37.7376 -122.4958 757.0
37.7528 -122.4268 894.0
37.7717 -122.4684 606.0
37.7131 -122.4966 715.0
37.6602 -122.482 552.0
37.7883 -122.4713 932.0
37.7089 -122.4455 846.0
37.749 -122.4481 512.0
37.7482 -122.4467 840.0
37.6582 -122.3853 784.0
37.7152 -122.4581 523.0
37.6772 -122.4786 503.0
37.6774 -122.4803 814.0
37.6704 -122.4805 565.0
37.6581 -122.3902 726.0
37.6592 -122.3906 530.0
37.6586 -122.3946 834.0
37.6782 -122.4796 598.0
37.6565 -122.3904 794.0
37.6591 -122.3882 514.0
37.656 -122.3851 524.0
37.6582 -122.3872 777.0
37.6746 -122.4771 489.0
37.668 -122.3886 796.0
37.6681 -122.3933 717.0
37.6535 -122.3937 830.0
37.6601 -122.3963 526.0
37.6716 -122.4839 610.0
37.676 -122.4773 758.0
37.6731 -122.4771 828.0
37.6788 -122.4792 745.0
37.6755 -122.4812 555.0
37.6712 -122.4792 498.0
37.7131 -122.4597 497.0
37.6683 -122.3943 876.0
37.7494 -122.4478 827.0
37.6598 -122.3937 650.0
37.6533 -122.3852 911.0
37.7158 -122.4526 956.0
37.7517 -122.4503 527.0
37.715 -122.4591 626.0
37.7481 -122.4489 748.0
37.7137 -122.4619 660.0
37.6617 -122.385 837.0
37.7507 -122.4437 683.0
37.6601 -122.3853 708.0
37.6611 -122.3954 795.0
37.6573 -122.3878 920.0
37.6747 -122.4767 726.0
37.7534 -122.4511 850.0
37.7532 -122.449 757.0
37.7526 -122.4501 894.0
37.7538 -122.4439 606.0
37.7511 -122.4469 715.0
37.7488 -122.4475 552.0
37.7109 -122.4529 932.0
37.7559 -122.4466 846.0
37.6847 -122.4159 512.0
