cabid lati longi timestamp sequence
4.0 37.7906 -122.4208 609.0 6.0
4.0 37.7864 -122.4078 617.0 7.0
4.0 37.7652 -122.4194 627.0 8.0
4.0 37.7836 -122.4082 636.0 9.0
4.0 37.7869 -122.4189 645.0 10.0
4.0 37.7773 -122.4087 653.0 11.0
4.0 37.7782 -122.4099 655.0 12.0
4.0 37.7866 -122.4052 663.0 13.0
4.0 37.7874 -122.4104 666.0 14.0
4.0 37.7839 -122.4377 671.0 15.0
4.0 37.7830 -122.4321 678.0 16.0
4.0 37.7781 -122.4279 683.0 17.0
4.0 37.7820 -122.4279 693.0 18.0
4.0 37.7799 -122.4152 698.0 19.0
4.0 37.7845 -122.4068 708.0 20.0
4.0 37.7918 -122.4072 717.0 21.0
4.0 37.7951 -122.4013 744.0 22.0
4.0 37.7901 -122.4058 751.0 23.0
4.0 37.7936 -122.4017 756.0 24.0
4.0 37.7904 -122.4225 762.0 25.0
4.0 37.8027 -122.4295 783.0 26.0
4.0 37.6179 -122.3857 810.0 27.0
4.0 37.7460 -122.3873 847.0 28.0
4.0 37.7815 -122.4654 866.0 29.0
4.0 37.7860 -122.4572 870.0 30.0
4.0 37.8025 -122.4306 887.0 31.0
4.0 37.7860 -122.4197 922.0 32.0
4.0 37.7637 -122.3977 932.0 33.0
5.0 37.6165 -122.3880 540.0 1.0
5.0 37.6426 -122.4663 554.0 2.0
5.0 37.6165 -122.3879 598.0 3.0
5.0 37.7902 -122.4032 617.0 4.0
5.0 37.6160 -122.3883 734.0 5.0
5.0 37.5076 -122.2514 748.0 6.0
5.0 37.6154 -122.3902 776.0 7.0
5.0 37.8033 -122.4104 802.0 8.0
5.0 37.8084 -122.4101 811.0 9.0
5.0 37.7850 -122.4349 827.0 10.0
5.0 37.7843 -122.4402 833.0 11.0
5.0 37.7797 -122.4385 841.0 12.0
5.0 37.7849 -122.4207 848.0 13.0
5.0 37.7918 -122.3942 863.0 14.0
5.0 37.7398 -122.4240 914.0 15.0
5.0 37.7409 -122.4229 915.0 16.0
5.0 37.7608 -122.4259 925.0 17.0
5.0 37.7866 -122.3978 937.0 18.0
5.0 37.7899 -122.4052 941.0 19.0
5.0 37.6177 -122.3872 971.0 20.0
5.0 37.7112 -122.3920 988.0 21.0
5.0 37.8064 -122.4151 1013.0 22.0
6.0 37.6657 -122.3854 724.0 1.0
6.0 37.6648 -122.3855 725.0 2.0
6.0 37.6611 -122.4031 746.0 3.0
6.0 37.7859 -122.4019 759.0 4.0
6.0 37.7857 -122.4096 778.0 5.0
6.0 37.8082 -122.4166 790.0 6.0
6.0 37.7943 -122.4034 797.0 7.0
6.0 37.7893 -122.3917 807.0 8.0
6.0 37.7858 -122.4098 833.0 9.0
6.0 37.7853 -122.3982 840.0 10.0
6.0 37.7875 -122.4032 844.0 11.0
6.0 37.7687 -122.4131 854.0 12.0
6.0 37.7963 -122.4122 866.0 13.0
6.0 37.7855 -122.4096 887.0 14.0
6.0 37.6878 -122.3903 914.0 15.0
1.0 37.6132 -122.3842 616.0 1.0
1.0 37.7449 -122.4400 642.0 2.0
1.0 37.7882 -122.4034 662.0 3.0
1.0 37.7910 -122.3994 664.0 4.0
1.0 37.6150 -122.3851 683.0 5.0
1.0 37.6172 -122.3875 773.0 6.0
1.0 37.7831 -122.4178 790.0 7.0
1.0 37.7873 -122.4168 794.0 8.0
1.0 37.7764 -122.4179 799.0 9.0
1.0 37.7882 -122.4030 811.0 10.0
2.0 37.7767 -122.3955 542.0 1.0
2.0 37.7923 -122.4061 552.0 2.0
2.0 37.7610 -122.4306 586.0 3.0
2.0 37.7882 -122.4166 601.0 4.0
2.0 37.7926 -122.4335 615.0 5.0
2.0 37.7576 -122.4189 625.0 6.0
2.0 37.7624 -122.4351 638.0 7.0
2.0 37.7945 -122.4029 654.0 8.0
2.0 37.7929 -122.4009 656.0 9.0
2.0 37.7890 -122.4117 661.0 10.0
2.0 37.7848 -122.4001 694.0 11.0
2.0 37.7742 -122.4294 700.0 12.0
2.0 37.7738 -122.4396 710.0 13.0
2.0 37.8057 -122.4130 727.0 14.0
2.0 37.8054 -122.4119 728.0 15.0
2.0 37.7968 -122.4049 734.0 16.0
2.0 37.7930 -122.3928 760.0 17.0
2.0 37.6548 -122.3817 779.0 18.0
2.0 37.7900 -122.4040 823.0 19.0
2.0 37.7855 -122.4380 832.0 20.0
2.0 37.7912 -122.4020 875.0 21.0
2.0 37.7802 -122.3899 881.0 22.0
2.0 37.7484 -122.3968 916.0 23.0
2.0 37.7484 -122.3968 918.0 24.0
2.0 37.7036 -122.3941 937.0 25.0
3.0 37.6161 -122.3842 541.0 1.0
3.0 37.6152 -122.3901 664.0 2.0
3.0 37.6142 -122.3945 691.0 3.0
3.0 37.6152 -122.3902 701.0 4.0
3.0 37.7949 -122.4005 728.0 5.0
3.0 37.8010 -122.4047 747.0 6.0
3.0 37.7921 -122.4075 754.0 7.0
3.0 37.7916 -122.4106 760.0 8.0
3.0 37.7926 -122.3976 766.0 9.0
3.0 37.7914 -122.3917 772.0 10.0
3.0 37.7872 -122.4077 778.0 11.0
3.0 37.7902 -122.4309 788.0 12.0
3.0 37.7893 -122.4155 794.0 13.0
3.0 37.7895 -122.4141 796.0 14.0
3.0 37.7822 -122.4173 799.0 15.0
3.0 37.7719 -122.4253 807.0 16.0
3.0 37.7868 -122.4509 818.0 17.0
3.0 37.7869 -122.4618 822.0 18.0
3.0 37.7975 -122.4324 834.0 19.0
3.0 37.8030 -122.4200 851.0 20.0
3.0 37.8030 -122.4201 902.0 21.0
3.0 37.7867 -122.3980 996.0 22.0
3.0 37.7906 -122.4024 1005.0 23.0
3.0 37.8069 -122.4105 1016.0 24.0
3.0 37.8035 -122.4150 1019.0 25.0
4.0 37.6161 -122.3883 609.0 1.0
4.0 37.7927 -122.4021 630.0 2.0
4.0 37.6161 -122.3883 748.0 3.0
4.0 37.7881 -122.4106 766.0 4.0
4.0 37.7846 -122.4083 777.0 5.0
lati longi low_tw
37.721 -122.4405 711.0
37.6681 -122.4751 781.0
37.7571 -122.4994 778.0
37.7225 -122.4287 568.0
37.7398 -122.3962 831.0
37.7677 -122.484 490.0
37.6606 -122.4988 749.0
37.6838 -122.4284 925.0
37.6626 -122.4453 860.0
37.7291 -122.4526 884.0
37.6847 -122.4874 734.0
37.7555 -122.4086 831.0
37.6703 -122.4673 526.0
37.7445 -122.4003 759.0
37.7098 -122.4809 862.0
37.7648 -122.4904 547.0
37.7401 -122.4335 554.0
37.6903 -122.4887 846.0
37.6545 -122.4904 635.0
37.7132 -122.4195 878.0
37.7373 -122.4814 885.0
37.7836 -122.4371 739.0
37.6868 -122.4839 626.0
37.682 -122.4345 859.0
37.759 -122.4129 727.0
37.6822 -122.4372 738.0
37.7772 -122.4747 902.0
37.7709 -122.4389 870.0
37.6535 -122.4932 915.0
37.7003 -122.4889 817.0
37.7277 -122.4284 893.0
37.7318 -122.4322 632.0
37.7868 -122.4541 573.0
37.7879 -122.4053 534.0
37.7034 -122.3941 539.0
37.762 -122.4073 813.0
37.7166 -122.4253 706.0
37.768 -122.483 650.0
37.7484 -122.3954 605.0
37.6591 -122.4109 776.0
37.7721 -122.4607 590.0
37.6927 -122.4048 696.0
37.7446 -122.4726 577.0
37.6666 -122.4585 541.0
37.688 -122.4106 525.0
37.7808 -122.4774 828.0
37.6955 -122.3981 603.0
37.7117 -122.4144 610.0
37.7276 -122.4258 675.0
37.7843 -122.4088 535.0
37.6894 -122.439 498.0
37.6523 -122.4384 560.0
37.7213 -122.4039 761.0
37.6999 -122.4318 739.0
37.7037 -122.4279 649.0
37.737 -122.4273 940.0
37.676 -122.4154 678.0
37.7962 -122.4061 794.0
37.6928 -122.4116 500.0
37.7288 -122.4871 877.0
37.7139 -122.4682 711.0
37.6806 -122.4823 781.0
37.6774 -122.4778 778.0
37.6765 -122.4834 568.0
37.6792 -122.475 831.0
37.6604 -122.4426 490.0
37.6609 -122.4368 749.0
37.661 -122.4388 925.0
37.6946 -122.4693 860.0
37.6571 -122.4384 884.0
37.7136 -122.4742 734.0
37.7174 -122.4733 831.0
37.6801 -122.4767 526.0
37.6638 -122.4433 759.0
37.663 -122.4417 862.0
37.6733 -122.4825 547.0
37.6952 -122.4648 554.0
37.6817 -122.4797 846.0
37.674 -122.4814 635.0
37.6657 -122.4364 878.0
37.6791 -122.4786 885.0
37.68 -122.4826 739.0
37.808 -122.4363 626.0
37.6793 -122.4788 859.0
37.6585 -122.4399 727.0
37.6936 -122.4604 738.0
37.7201 -122.4688 902.0
37.6661 -122.4428 870.0
37.665 -122.4447 915.0
37.7168 -122.4739 817.0
37.6916 -122.4659 893.0
37.7136 -122.4697 632.0
37.8021 -122.4322 573.0
37.6567 -122.4408 534.0
37.6781 -122.483 539.0
37.6737 -122.4797 813.0
37.6938 -122.4677 706.0
37.6727 -122.4849 650.0
37.7195 -122.4681 605.0
37.657 -122.4432 776.0
37.7152 -122.4742 590.0
37.6585 -122.4364 696.0
37.6604 -122.44 577.0
37.6728 -122.4751 541.0
37.6621 -122.4354 525.0
37.6817 -122.4765 828.0
37.699 -122.4639 603.0
37.8015 -122.4341 610.0
37.6627 -122.4431 675.0
37.7157 -122.4673 535.0
37.6736 -122.4763 498.0
37.8047 -122.4291 560.0
37.6618 -122.4409 761.0
37.8055 -122.4315 739.0
37.6746 -122.4849 649.0
37.8043 -122.4342 940.0
37.7175 -122.467 678.0
37.808 -122.4322 794.0
37.7122 -122.4699 500.0
37.7171 -122.467 877.0
