cabid lati longi timestamp sequence
2.0 37.8057 -122.4223 1010.0 39.0
2.0 37.8005 -122.4104 1014.0 40.0
2.0 37.7979 -122.4220 1017.0 41.0
3.0 37.7905 -122.4065 548.0 1.0
3.0 37.7901 -122.3955 553.0 2.0
3.0 37.7888 -122.4116 610.0 3.0
3.0 37.7868 -122.4277 615.0 4.0
3.0 37.7871 -122.4177 618.0 5.0
3.0 37.7881 -122.4089 622.0 6.0
3.0 37.8084 -122.4141 636.0 7.0
3.0 37.8082 -122.4142 637.0 8.0
3.0 37.7843 -122.4043 649.0 9.0
3.0 37.7891 -122.4167 666.0 10.0
3.0 37.7733 -122.4375 680.0 11.0
3.0 37.7731 -122.4380 683.0 12.0
3.0 37.7871 -122.4009 693.0 13.0
3.0 37.7817 -122.4038 696.0 14.0
3.0 37.7875 -122.4080 702.0 15.0
3.0 37.7862 -122.4059 711.0 16.0
3.0 37.7845 -122.4195 718.0 17.0
3.0 37.7875 -122.4141 721.0 18.0
3.0 37.7800 -122.4134 726.0 19.0
3.0 37.7883 -122.4084 732.0 20.0
3.0 37.7920 -122.4096 737.0 21.0
3.0 37.7870 -122.4184 745.0 22.0
3.0 37.7807 -122.4084 751.0 23.0
3.0 37.7778 -122.4097 756.0 24.0
3.0 37.7847 -122.4066 762.0 25.0
3.0 37.7891 -122.4090 796.0 26.0
3.0 37.7739 -122.4611 818.0 27.0
3.0 37.7767 -122.3954 882.0 28.0
3.0 37.7627 -122.4327 893.0 29.0
3.0 37.7709 -122.4204 906.0 30.0
3.0 37.7855 -122.4225 915.0 31.0
3.0 37.7852 -122.4326 917.0 32.0
3.0 37.7677 -122.4534 925.0 33.0
3.0 37.7635 -122.4583 928.0 34.0
3.0 37.7892 -122.4340 959.0 35.0
3.0 37.7924 -122.4033 968.0 36.0
3.0 37.7931 -122.3996 971.0 37.0
3.0 37.7812 -122.4333 986.0 38.0
3.0 37.7922 -122.4436 996.0 39.0
3.0 37.7874 -122.4008 1011.0 40.0
3.0 37.7903 -122.3970 1013.0 41.0
4.0 37.7417 -122.4243 717.0 1.0
4.0 37.7369 -122.4283 727.0 2.0
4.0 37.7880 -122.4491 748.0 3.0
4.0 37.7897 -122.4596 755.0 4.0
4.0 37.7872 -122.4127 769.0 5.0
4.0 37.7871 -122.4078 777.0 6.0
4.0 37.7747 -122.3994 784.0 7.0
4.0 37.7769 -122.4016 799.0 8.0
4.0 37.7808 -122.4290 807.0 9.0
4.0 37.7910 -122.4325 819.0 10.0
4.0 37.7839 -122.4234 826.0 11.0
4.0 37.7858 -122.4333 833.0 12.0
4.0 37.7518 -122.4275 844.0 13.0
4.0 37.7772 -122.4206 866.0 14.0
4.0 37.7894 -122.4020 876.0 15.0
4.0 37.7909 -122.4040 879.0 16.0
4.0 37.7993 -122.4190 884.0 17.0
4.0 37.8056 -122.4204 887.0 18.0
4.0 37.8065 -122.4205 888.0 19.0
4.0 37.8057 -122.4054 909.0 20.0
4.0 37.3336 -122.0745 991.0 21.0
1.0 37.7831 -122.4677 542.0 1.0
1.0 37.7810 -122.4650 543.0 2.0
1.0 37.7811 -122.4601 544.0 3.0
1.0 37.7954 -122.4081 559.0 4.0
1.0 37.7767 -122.3954 601.0 5.0
1.0 37.7786 -122.3932 602.0 6.0
1.0 37.7786 -122.3932 603.0 7.0
1.0 37.7855 -122.4078 610.0 8.0
1.0 37.7839 -122.4176 618.0 9.0
1.0 37.7840 -122.4191 619.0 10.0
1.0 37.7733 -122.4185 624.0 11.0
1.0 37.7724 -122.4190 625.0 12.0
1.0 37.7724 -122.4190 626.0 13.0
1.0 37.7928 -122.3933 636.0 14.0
1.0 37.7833 -122.3935 640.0 15.0
1.0 37.7870 -122.3886 641.0 16.0
1.0 37.7948 -122.3934 645.0 17.0
1.0 37.7846 -122.4089 655.0 18.0
1.0 37.7846 -122.4091 660.0 19.0
1.0 37.7848 -122.4094 661.0 20.0
1.0 37.7855 -122.4214 667.0 21.0
1.0 37.8067 -122.4106 695.0 22.0
1.0 37.8038 -122.4098 696.0 23.0
1.0 37.7999 -122.4090 697.0 24.0
1.0 37.8084 -122.4101 718.0 25.0
1.0 37.8080 -122.4125 719.0 26.0
1.0 37.7889 -122.4084 730.0 27.0
1.0 37.7767 -122.3955 744.0 28.0
1.0 37.7764 -122.3986 745.0 29.0
1.0 37.7877 -122.4117 751.0 30.0
1.0 37.7945 -122.4069 767.0 31.0
1.0 37.7933 -122.4067 768.0 32.0
1.0 37.7540 -122.4498 789.0 33.0
1.0 37.7299 -122.4449 800.0 34.0
1.0 37.7304 -122.4443 801.0 35.0
1.0 37.7423 -122.4225 805.0 36.0
1.0 37.7402 -122.4220 816.0 37.0
1.0 37.7420 -122.4222 817.0 38.0
1.0 37.7388 -122.4368 822.0 39.0
1.0 37.7419 -122.4702 830.0 40.0
1.0 37.7302 -122.4763 837.0 41.0
1.0 37.7300 -122.4774 839.0 42.0
1.0 37.7841 -122.4801 852.0 43.0
1.0 37.7805 -122.4735 858.0 44.0
1.0 37.7613 -122.4297 873.0 45.0
1.0 37.7617 -122.4238 876.0 46.0
1.0 37.7677 -122.4244 877.0 47.0
1.0 37.7946 -122.4008 893.0 48.0
1.0 37.7869 -122.4117 901.0 49.0
1.0 37.7864 -122.4161 902.0 50.0
1.0 37.7740 -122.5102 919.0 51.0
2.0 37.7650 -122.4209 567.0 1.0
2.0 37.7822 -122.4392 577.0 2.0
2.0 37.7615 -122.4122 597.0 3.0
2.0 37.7577 -122.3930 606.0 4.0
2.0 37.7316 -122.4505 720.0 5.0
2.0 37.7393 -122.4674 727.0 6.0
2.0 37.7369 -122.4752 807.0 7.0
2.0 37.7396 -122.4670 812.0 8.0
2.0 37.7316 -122.4505 818.0 9.0
2.0 37.7751 -122.4015 833.0 10.0
2.0 37.7876 -122.4061 847.0 11.0
2.0 37.7642 -122.4212 929.0 12.0
2.0 37.7657 -122.4092 936.0 13.0
2.0 37.7651 -122.4189 946.0 14.0
lati longi low_tw
37.656 -122.4479 830.0
37.6881 -122.4923 840.0
37.7139 -122.4646 784.0
37.7097 -122.5 523.0
37.7626 -122.4153 503.0
37.6697 -122.414 814.0
37.7145 -122.4072 565.0
37.797 -122.4453 726.0
37.6509 -122.415 530.0
37.6698 -122.4082 834.0
37.6941 -122.4298 598.0
37.7145 -122.4038 794.0
37.6558 -122.4586 514.0
37.6824 -122.4684 524.0
37.7575 -122.3958 777.0
37.7276 -122.4986 489.0
37.6997 -122.4851 796.0
37.7274 -122.4086 717.0
37.7108 -122.4401 830.0
37.6514 -122.4273 526.0
37.6693 -122.4051 610.0
37.7874 -122.4381 758.0
37.678 -122.4909 828.0
37.735 -122.4424 745.0
37.7806 -122.4505 555.0
37.7316 -122.4389 498.0
37.6836 -122.4649 497.0
37.7716 -122.4134 876.0
37.7376 -122.4958 827.0
37.7528 -122.4268 650.0
37.7717 -122.4684 911.0
37.7131 -122.4966 956.0
37.6602 -122.482 527.0
37.7883 -122.4713 626.0
37.7089 -122.4455 748.0
37.7503 -122.4181 660.0
37.7324 -122.4799 837.0
37.6765 -122.4653 683.0
37.6998 -122.4603 708.0
37.7903 -122.4883 795.0
37.7691 -122.4328 920.0
37.7229 -122.4747 726.0
37.7484 -122.4479 850.0
37.7679 -122.4431 757.0
37.7358 -122.4001 894.0
37.7198 -122.4115 606.0
37.7432 -122.4387 715.0
37.702 -122.4704 552.0
37.7102 -122.4149 932.0
37.7512 -122.39 846.0
37.7436 -122.4852 512.0
37.7335 -122.42 514.0
37.7201 -122.4363 486.0
37.6907 -122.4697 501.0
37.7469 -122.4043 543.0
37.7124 -122.4942 896.0
37.7007 -122.4597 789.0
37.7616 -122.4517 758.0
37.7268 -122.4788 664.0
37.6629 -122.4805 795.0
37.7874 -122.4029 803.0
37.7749 -122.4393 543.0
37.6774 -122.4079 724.0
37.6644 -122.4025 915.0
37.6558 -122.4058 522.0
37.737 -122.4131 505.0
37.6689 -122.4509 541.0
37.7468 -122.4756 856.0
37.7205 -122.4292 525.0
37.7709 -122.4504 562.0
37.7896 -122.4552 897.0
37.7131 -122.4556 787.0
37.7096 -122.4566 794.0
37.6758 -122.4551 713.0
37.7851 -122.4549 856.0
37.6842 -122.3923 904.0
37.7779 -122.4281 880.0
37.7653 -122.423 744.0
37.7366 -122.3957 815.0
37.6505 -122.434 489.0
37.6742 -122.4568 830.0
37.7466 -122.4112 840.0
37.73 -122.4165 784.0
37.7458 -122.4178 523.0
37.7265 -122.415 503.0
37.7445 -122.4206 814.0
37.6825 -122.4566 565.0
37.729 -122.4099 726.0
37.6809 -122.4568 530.0
37.6819 -122.4263 834.0
37.6781 -122.4594 598.0
37.7971 -122.4281 794.0
37.7318 -122.4172 514.0
37.7315 -122.4151 524.0
37.7309 -122.4162 777.0
37.7322 -122.41 489.0
37.7294 -122.4131 796.0
37.7271 -122.4137 717.0
37.7417 -122.4116 830.0
37.7342 -122.4127 526.0
37.7386 -122.4184 610.0
37.7942 -122.4325 758.0
37.7942 -122.4341 828.0
37.7406 -122.4187 745.0
37.7446 -122.4126 555.0
37.7444 -122.4138 498.0
37.7976 -122.4276 497.0
37.674 -122.4578 876.0
37.733 -122.4181 827.0
37.801 -122.4318 650.0
37.7266 -122.4179 911.0
37.7998 -122.4324 956.0
37.6769 -122.4578 527.0
37.6755 -122.4629 626.0
37.733 -122.4176 748.0
37.6761 -122.4641 660.0
37.7275 -122.4146 837.0
37.6874 -122.4264 683.0
37.6758 -122.4653 708.0
37.69 -122.4281 795.0
37.7339 -122.4189 920.0
37.7934 -122.4301 726.0
37.7941 -122.4347 850.0
37.7261 -122.4175 757.0
37.6799 -122.4619 894.0
37.7393 -122.416 606.0
37.6797 -122.4585 715.0
37.6881 -122.4226 552.0
37.6772 -122.4611 932.0
37.797 -122.433 846.0
37.681 -122.4605 512.0
37.748 -122.4165 514.0
37.7986 -122.4342 486.0
37.6855 -122.4222 501.0
37.7949 -122.4318 543.0
37.795 -122.4363 896.0
37.7972 -122.4355 789.0
37.7264 -122.4103 758.0
37.6751 -122.4582 664.0
37.7994 -122.4306 795.0
37.6763 -122.4647 803.0
37.6754 -122.4575 543.0
37.6744 -122.4657 724.0
37.7386 -122.4148 915.0
37.6812 -122.46 522.0
37.6791 -122.4616 505.0
37.7252 -122.4124 541.0
37.8017 -122.4344 856.0
37.7387 -122.4195 525.0
37.6802 -122.4595 562.0
37.7342 -122.4137 897.0
37.6791 -122.462 787.0
37.7941 -122.4276 794.0
37.6765 -122.466 713.0
37.6836 -122.4212 856.0
37.7389 -122.4204 904.0
37.7969 -122.4335 880.0
37.6801 -122.464 744.0
37.6793 -122.458 815.0
37.7347 -122.4123 489.0
