cabid lati longi timestamp sequence
4.0 37.7449 -122.4400 642.0 2.0
4.0 37.7882 -122.4034 662.0 3.0
4.0 37.7910 -122.3994 664.0 4.0
4.0 37.6150 -122.3851 683.0 5.0
4.0 37.6172 -122.3875 773.0 6.0
4.0 37.7831 -122.4178 790.0 7.0
4.0 37.7873 -122.4168 794.0 8.0
4.0 37.7764 -122.4179 799.0 9.0
4.0 37.7882 -122.4030 811.0 10.0
4.0 37.7869 -122.3881 820.0 11.0
4.0 37.7831 -122.3892 825.0 12.0
4.0 37.6180 -122.3865 842.0 13.0
4.0 37.7886 -122.4056 999.0 14.0
4.0 37.7858 -122.4211 1003.0 15.0
4.0 37.7721 -122.4141 1018.0 16.0
5.0 37.7767 -122.3955 542.0 1.0
5.0 37.7923 -122.4061 552.0 2.0
5.0 37.7610 -122.4306 586.0 3.0
5.0 37.7882 -122.4166 601.0 4.0
5.0 37.7926 -122.4335 615.0 5.0
5.0 37.7576 -122.4189 625.0 6.0
5.0 37.7624 -122.4351 638.0 7.0
5.0 37.7945 -122.4029 654.0 8.0
5.0 37.7929 -122.4009 656.0 9.0
5.0 37.7890 -122.4117 661.0 10.0
5.0 37.7848 -122.4001 694.0 11.0
5.0 37.7742 -122.4294 700.0 12.0
5.0 37.7738 -122.4396 710.0 13.0
5.0 37.8057 -122.4130 727.0 14.0
5.0 37.8054 -122.4119 728.0 15.0
5.0 37.7968 -122.4049 734.0 16.0
5.0 37.7930 -122.3928 760.0 17.0
5.0 37.6548 -122.3817 779.0 18.0
5.0 37.7900 -122.4040 823.0 19.0
5.0 37.7855 -122.4380 832.0 20.0
5.0 37.7912 -122.4020 875.0 21.0
5.0 37.7802 -122.3899 881.0 22.0
5.0 37.7484 -122.3968 916.0 23.0
5.0 37.7484 -122.3968 918.0 24.0
5.0 37.7036 -122.3941 937.0 25.0
6.0 37.8030 -122.4201 902.0 1.0
6.0 37.7867 -122.3980 996.0 2.0
6.0 37.7906 -122.4024 1005.0 3.0
6.0 37.8069 -122.4105 1016.0 4.0
6.0 37.8035 -122.4150 1019.0 5.0
1.0 37.7822 -122.4073 541.0 1.0
1.0 37.6157 -122.3878 561.0 2.0
1.0 37.6161 -122.3882 602.0 3.0
1.0 37.8063 -122.4162 629.0 4.0
2.0 37.7899 -122.3994 552.0 1.0
2.0 37.7874 -122.4083 582.0 2.0
2.0 37.7934 -122.3981 591.0 3.0
2.0 37.8006 -122.4373 620.0 4.0
2.0 37.7893 -122.4019 633.0 5.0
2.0 37.7905 -122.3977 636.0 6.0
2.0 37.7838 -122.3992 642.0 7.0
2.0 37.7874 -122.4082 655.0 8.0
2.0 37.7924 -122.4108 659.0 9.0
2.0 37.7869 -122.4093 665.0 10.0
2.0 37.7751 -122.4039 673.0 11.0
2.0 37.7932 -122.4208 687.0 12.0
2.0 37.7932 -122.4139 690.0 13.0
2.0 37.7679 -122.4290 713.0 14.0
2.0 37.7668 -122.3999 725.0 15.0
2.0 37.7626 -122.3961 732.0 16.0
2.0 37.7514 -122.3943 739.0 17.0
2.0 37.6152 -122.3902 785.0 18.0
2.0 37.7851 -122.4005 800.0 19.0
2.0 37.6161 -122.3883 821.0 20.0
2.0 37.6583 -122.4848 842.0 21.0
2.0 37.6153 -122.3902 857.0 22.0
2.0 37.5313 -122.2650 878.0 23.0
2.0 37.7560 -122.4052 920.0 24.0
2.0 37.7523 -122.4183 926.0 25.0
2.0 37.7523 -122.4187 931.0 26.0
2.0 37.7483 -122.4203 933.0 27.0
2.0 37.7554 -122.4210 942.0 28.0
2.0 37.7656 -122.4221 945.0 29.0
2.0 37.7774 -122.4132 960.0 30.0
2.0 37.7862 -122.4111 964.0 31.0
2.0 37.7856 -122.4098 972.0 32.0
2.0 37.6155 -122.3844 994.0 33.0
3.0 37.6150 -122.3924 633.0 1.0
3.0 37.7918 -122.4105 654.0 2.0
3.0 37.7904 -122.4207 668.0 3.0
3.0 37.7871 -122.4487 675.0 4.0
3.0 37.7886 -122.4501 678.0 5.0
3.0 37.7840 -122.4079 693.0 6.0
3.0 37.7922 -122.4083 713.0 7.0
3.0 37.8062 -122.4240 724.0 8.0
lati longi low_tw
37.7519 -122.4298 542.0
37.7801 -122.4144 530.0
37.7671 -122.4134 811.0
37.7079 -122.477 541.0
37.7943 -122.3923 786.0
37.7712 -122.3954 907.0
37.7853 -122.4292 892.0
37.7775 -122.4012 657.0
37.7845 -122.4106 585.0
37.7523 -122.413 935.0
37.6542 -122.4393 859.0
37.6598 -122.3917 666.0
37.6914 -122.4037 572.0
37.785 -122.4107 760.0
37.6605 -122.4204 882.0
37.6825 -122.4932 580.0
37.7548 -122.4164 758.0
37.7638 -122.4157 915.0
37.6858 -122.4136 782.0
37.778 -122.4189 733.0
37.7446 -122.4302 942.0
37.7854 -122.4136 748.0
37.7659 -122.4164 509.0
37.7903 -122.4186 727.0
37.7598 -122.3969 562.0
37.756 -122.4029 641.0
37.6864 -122.4154 618.0
37.7866 -122.3954 939.0
37.7625 -122.3997 873.0
37.7904 -122.4145 871.0
37.7897 -122.3958 733.0
37.79 -122.4034 902.0
37.7751 -122.4219 554.0
37.7294 -122.4582 790.0
37.7503 -122.4249 580.0
37.6893 -122.4794 643.0
37.7589 -122.4241 496.0
37.6578 -122.4284 772.0
37.7897 -122.3906 907.0
37.7521 -122.4256 897.0
37.7923 -122.4208 786.0
37.7763 -122.4071 515.0
37.7168 -122.4223 951.0
37.793 -122.4367 714.0
37.7974 -122.4907 649.0
37.7516 -122.4111 949.0
37.7959 -122.42 717.0
37.6657 -122.3972 659.0
37.774 -122.4515 581.0
37.7897 -122.4411 804.0
37.7859 -122.3909 690.0
37.7884 -122.4059 505.0
37.7918 -122.4164 777.0
37.7969 -122.4037 624.0
37.7606 -122.394 620.0
37.7971 -122.4001 596.0
37.7555 -122.4142 918.0
37.7971 -122.3954 493.0
37.7923 -122.4265 536.0
37.666 -122.4099 582.0
37.7898 -122.4263 836.0
37.6582 -122.4878 946.0
37.7826 -122.4248 686.0
37.7819 -122.4953 852.0
37.651 -122.4627 817.0
37.7451 -122.4837 777.0
37.7816 -122.3959 940.0
37.751 -122.394 748.0
37.7661 -122.3935 770.0
37.7576 -122.3922 600.0
37.7691 -122.4197 946.0
37.7652 -122.3995 562.0
37.7876 -122.4169 744.0
37.7187 -122.3925 666.0
37.7779 -122.4226 542.0
37.7956 -122.4234 839.0
37.7933 -122.4235 691.0
37.6696 -122.4284 796.0
37.7541 -122.395 697.0
37.7959 -122.4289 551.0
37.7533 -122.4251 542.0
37.7626 -122.4053 530.0
37.7967 -122.3973 811.0
37.7862 -122.4288 541.0
37.7552 -122.4086 786.0
37.7423 -122.4316 907.0
37.7952 -122.4016 892.0
37.7631 -122.4021 657.0
37.7795 -122.4188 585.0
37.7873 -122.4171 935.0
37.7885 -122.4191 859.0
37.7727 -122.3926 666.0
37.6791 -122.442 572.0
37.7506 -122.3905 760.0
37.7229 -122.4614 882.0
37.7969 -122.4748 580.0
37.6571 -122.4119 758.0
37.7543 -122.398 915.0
37.767 -122.4087 782.0
37.7997 -122.4255 733.0
37.7829 -122.3948 942.0
37.7044 -122.3955 748.0
37.758 -122.4363 509.0
37.7836 -122.4187 727.0
37.7301 -122.4833 562.0
37.7258 -122.4291 641.0
37.7961 -122.3934 618.0
37.7543 -122.4209 939.0
37.7569 -122.4271 873.0
37.7624 -122.4274 871.0
37.7968 -122.4279 733.0
37.7592 -122.395 902.0
37.7903 -122.4281 554.0
37.6708 -122.4758 790.0
37.7769 -122.3901 580.0
37.7879 -122.4364 643.0
37.6903 -122.4601 496.0
37.7714 -122.4188 772.0
37.6679 -122.4286 907.0
37.7908 -122.4042 897.0
37.7882 -122.4158 786.0
37.7546 -122.4155 515.0
37.7417 -122.4855 951.0
37.6758 -122.4201 714.0
37.7655 -122.43 649.0
37.7622 -122.4202 949.0
37.7504 -122.419 717.0
37.7772 -122.4103 659.0
37.7863 -122.3964 581.0
37.7849 -122.3989 804.0
37.6661 -122.4058 690.0
37.7573 -122.3911 505.0
37.7797 -122.3983 777.0
37.7383 -122.4712 624.0
37.774 -122.4143 620.0
37.741 -122.4446 596.0
37.7712 -122.4142 918.0
37.7757 -122.3943 493.0
37.794 -122.4961 536.0
37.7864 -122.4241 582.0
37.7997 -122.4155 836.0
37.7794 -122.4258 946.0
37.7755 -122.4074 686.0
37.7624 -122.4214 852.0
37.7971 -122.4792 817.0
37.7706 -122.41 777.0
37.6856 -122.4025 940.0
37.7606 -122.3954 748.0
37.7871 -122.3999 770.0
37.7822 -122.4709 600.0
37.7544 -122.4908 946.0
37.7477 -122.3902 562.0
37.7535 -122.4143 744.0
37.7603 -122.3963 666.0
37.7529 -122.4115 542.0
37.7523 -122.3963 839.0
37.6902 -122.391 691.0
37.7696 -122.4185 796.0
37.7585 -122.4034 697.0
37.7747 -122.4174 551.0
