cabid lati longi timestamp sequence
3.0 37.6162 -122.3901 627.0 5.0
3.0 37.7554 -122.4356 685.0 6.0
3.0 37.6164 -122.3909 705.0 7.0
3.0 37.7270 -122.4005 720.0 8.0
3.0 37.7854 -122.4060 734.0 9.0
3.0 37.7513 -122.4317 749.0 10.0
3.0 37.7586 -122.4194 753.0 11.0
3.0 37.7394 -122.4439 773.0 12.0
3.0 37.7845 -122.4401 791.0 13.0
4.0 37.6285 -122.4022 603.0 1.0
4.0 37.7924 -122.3991 622.0 2.0
4.0 37.7902 -122.4007 624.0 3.0
4.0 37.7719 -122.4308 639.0 4.0
4.0 37.6396 -122.4053 692.0 5.0
4.0 37.7896 -122.3947 709.0 6.0
4.0 37.7860 -122.4016 712.0 7.0
4.0 37.7785 -122.4150 723.0 8.0
4.0 37.7876 -122.4069 872.0 9.0
4.0 37.7850 -122.4271 881.0 10.0
4.0 37.7853 -122.4050 890.0 11.0
4.0 37.7866 -122.4024 893.0 12.0
4.0 37.7965 -122.4005 899.0 13.0
4.0 37.7891 -122.4072 904.0 14.0
4.0 37.7852 -122.4366 911.0 15.0
4.0 37.7875 -122.4294 918.0 16.0
4.0 37.6179 -122.3865 944.0 17.0
4.0 37.6169 -122.3878 1013.0 18.0
5.0 37.7881 -122.4167 557.0 1.0
5.0 37.7950 -122.4301 631.0 2.0
5.0 37.7621 -122.4619 645.0 3.0
5.0 37.7740 -122.4410 658.0 4.0
5.0 37.7848 -122.4381 664.0 5.0
5.0 37.7872 -122.4098 680.0 6.0
5.0 37.7804 -122.3898 689.0 7.0
5.0 37.7875 -122.4072 697.0 8.0
5.0 37.7899 -122.4052 703.0 9.0
5.0 37.7948 -122.4005 707.0 10.0
5.0 37.7952 -122.4207 716.0 11.0
5.0 37.7915 -122.4021 746.0 12.0
5.0 37.7669 -122.4028 758.0 13.0
5.0 37.7821 -122.4093 766.0 14.0
5.0 37.7923 -122.4040 776.0 15.0
5.0 37.7887 -122.4052 784.0 16.0
5.0 37.7799 -122.4599 799.0 17.0
5.0 37.7866 -122.4521 806.0 18.0
5.0 37.7861 -122.4108 821.0 19.0
5.0 37.8016 -122.4120 860.0 20.0
5.0 37.7941 -122.4214 865.0 21.0
6.0 37.6177 -122.3861 639.0 1.0
6.0 37.7944 -122.4018 660.0 2.0
6.0 37.6153 -122.3899 769.0 3.0
6.0 37.7641 -122.4362 787.0 4.0
6.0 37.6177 -122.3859 851.0 5.0
6.0 37.7846 -122.4045 915.0 6.0
6.0 37.6152 -122.3902 998.0 7.0
1.0 37.7760 -122.4211 682.0 1.0
2.0 37.7296 -122.4032 552.0 1.0
2.0 37.8021 -122.4019 566.0 2.0
2.0 37.7917 -122.4027 587.0 3.0
2.0 37.6179 -122.3871 614.0 4.0
2.0 37.6119 -122.3955 721.0 5.0
2.0 37.4257 -122.0977 743.0 6.0
2.0 37.7894 -122.4023 815.0 7.0
2.0 37.7906 -122.4324 829.0 8.0
2.0 37.7902 -122.4207 837.0 9.0
2.0 37.7886 -122.3928 846.0 10.0
2.0 37.7766 -122.3956 972.0 11.0
2.0 37.7766 -122.3958 974.0 12.0
2.0 37.7717 -122.4019 977.0 13.0
2.0 37.7874 -122.4111 985.0 14.0
2.0 37.7995 -122.4093 991.0 15.0
2.0 37.7948 -122.4002 996.0 16.0
2.0 37.7848 -122.3899 1001.0 17.0
2.0 37.7821 -122.3925 1007.0 18.0
2.0 37.7797 -122.3949 1013.0 19.0
3.0 37.7877 -122.3998 550.0 1.0
3.0 37.7847 -122.4093 555.0 2.0
3.0 37.7860 -122.4121 559.0 3.0
3.0 37.7876 -122.4117 566.0 4.0
3.0 37.8030 -122.4021 573.0 5.0
3.0 37.7906 -122.4208 609.0 6.0
3.0 37.7864 -122.4078 617.0 7.0
3.0 37.7652 -122.4194 627.0 8.0
3.0 37.7836 -122.4082 636.0 9.0
3.0 37.7869 -122.4189 645.0 10.0
3.0 37.7773 -122.4087 653.0 11.0
3.0 37.7782 -122.4099 655.0 12.0
3.0 37.7866 -122.4052 663.0 13.0
3.0 37.7874 -122.4104 666.0 14.0
3.0 37.7839 -122.4377 671.0 15.0
3.0 37.7830 -122.4321 678.0 16.0
3.0 37.7781 -122.4279 683.0 17.0
3.0 37.7820 -122.4279 693.0 18.0
3.0 37.7799 -122.4152 698.0 19.0
3.0 37.7845 -122.4068 708.0 20.0
3.0 37.7918 -122.4072 717.0 21.0
3.0 37.7951 -122.4013 744.0 22.0
3.0 37.7901 -122.4058 751.0 23.0
3.0 37.7936 -122.4017 756.0 24.0
3.0 37.7904 -122.4225 762.0 25.0
3.0 37.8027 -122.4295 783.0 26.0
3.0 37.6179 -122.3857 810.0 27.0
3.0 37.7460 -122.3873 847.0 28.0
3.0 37.7815 -122.4654 866.0 29.0
3.0 37.7860 -122.4572 870.0 30.0
3.0 37.8025 -122.4306 887.0 31.0
3.0 37.7860 -122.4197 922.0 32.0
3.0 37.7637 -122.3977 932.0 33.0
4.0 37.6165 -122.3880 540.0 1.0
4.0 37.6426 -122.4663 554.0 2.0
lati longi low_tw
37.7355 -122.4754 564.0
37.7685 -122.4242 891.0
37.7709 -122.4172 752.0
37.7326 -122.424 535.0
37.7626 -122.392 830.0
37.7537 -122.413 755.0
37.6659 -122.4484 568.0
37.7819 -122.4246 842.0
37.7656 -122.4051 784.0
37.756 -122.4299 785.0
37.7857 -122.4031 909.0
37.7533 -122.4071 802.0
37.7894 -122.4296 609.0
37.7573 -122.4721 773.0
37.757 -122.3989 637.0
37.7812 -122.3933 664.0
37.788 -122.3975 817.0
37.7757 -122.4065 673.0
37.7547 -122.4117 911.0
37.7878 -122.4126 537.0
37.6979 -122.4149 815.0
37.7347 -122.4033 543.0
37.7369 -122.4834 490.0
37.7735 -122.3985 525.0
37.6876 -122.4705 675.0
37.7679 -122.397 812.0
37.7575 -122.3943 858.0
37.7611 -122.428 865.0
37.6623 -122.4265 866.0
37.784 -122.4099 959.0
37.7518 -122.4683 901.0
37.7727 -122.4244 884.0
37.7929 -122.421 711.0
37.7958 -122.4138 836.0
37.7735 -122.3939 488.0
37.764 -122.4039 914.0
37.727 -122.4509 649.0
37.6712 -122.4752 641.0
37.7581 -122.4177 874.0
37.7547 -122.3999 794.0
37.7559 -122.4226 766.0
37.7554 -122.4187 666.0
37.7609 -122.4265 922.0
37.7563 -122.4125 920.0
37.7782 -122.3974 913.0
37.7292 -122.4971 580.0
37.7532 -122.3972 939.0
37.7552 -122.4481 547.0
37.7745 -122.4144 639.0
37.7504 -122.4863 546.0
37.7655 -122.4299 860.0
37.7987 -122.4012 492.0
37.7663 -122.4874 823.0
37.714 -122.4017 898.0
37.7743 -122.4176 858.0
37.7985 -122.3955 702.0
37.7956 -122.428 482.0
37.7436 -122.4218 862.0
37.7032 -122.415 572.0
37.6772 -122.4946 898.0
37.7912 -122.4103 918.0
37.7798 -122.418 750.0
37.764 -122.4087 493.0
37.7847 -122.3977 630.0
37.7936 -122.4 621.0
37.7564 -122.4256 808.0
37.7634 -122.4297 850.0
37.7843 -122.3949 683.0
37.7758 -122.4239 598.0
37.7109 -122.4792 748.0
37.7628 -122.4189 564.0
37.7493 -122.4752 891.0
37.7582 -122.4274 752.0
37.7461 -122.398 535.0
37.684 -122.3998 830.0
37.7792 -122.3972 755.0
37.7942 -122.3903 568.0
37.7574 -122.419 842.0
37.7909 -122.3951 784.0
37.7981 -122.4235 785.0
37.7818 -122.4157 909.0
37.7119 -122.464 802.0
37.76 -122.4001 609.0
37.6552 -122.3931 773.0
37.7787 -122.3945 637.0
37.7508 -122.3971 664.0
37.7857 -122.4077 817.0
37.6667 -122.3907 673.0
37.7786 -122.4201 911.0
37.7605 -122.4056 537.0
37.7522 -122.4206 815.0
37.7707 -122.4298 543.0
37.7945 -122.3976 490.0
37.7942 -122.4203 525.0
37.7588 -122.4056 675.0
37.7008 -122.4588 812.0
37.7891 -122.4101 858.0
37.7617 -122.4092 865.0
37.7579 -122.4202 866.0
37.772 -122.4012 959.0
37.7987 -122.406 901.0
37.7735 -122.4199 884.0
37.6933 -122.4217 711.0
37.7685 -122.4113 836.0
37.7947 -122.4328 488.0
37.7262 -122.4938 914.0
37.7995 -122.4768 649.0
37.7586 -122.3989 641.0
37.7662 -122.4167 874.0
37.7597 -122.3921 794.0
37.7535 -122.4185 766.0
37.7784 -122.476 666.0
37.6546 -122.4576 922.0
37.7542 -122.402 920.0
37.7704 -122.4227 913.0
37.7811 -122.447 580.0
37.7936 -122.426 939.0
37.7608 -122.4286 547.0
37.7845 -122.4112 639.0
37.7996 -122.3946 546.0
37.7683 -122.4099 860.0
37.7848 -122.4081 492.0
37.7615 -122.4182 823.0
37.7316 -122.414 898.0
37.7992 -122.4128 858.0
37.7017 -122.4356 702.0
37.7811 -122.4963 482.0
37.7766 -122.4294 862.0
37.7576 -122.4509 572.0
37.7967 -122.4239 898.0
37.7799 -122.409 918.0
37.7858 -122.4259 750.0
37.7944 -122.4795 493.0
37.7292 -122.4069 630.0
37.6797 -122.4831 621.0
37.7685 -122.4237 808.0
37.7535 -122.4187 850.0
37.7507 -122.3917 683.0
37.7965 -122.4169 598.0
37.7797 -122.3958 748.0
