cabid lati longi timestamp sequence
1.0 37.7760 -122.4211 682.0 1.0
2.0 37.7296 -122.4032 552.0 1.0
2.0 37.8021 -122.4019 566.0 2.0
2.0 37.7917 -122.4027 587.0 3.0
2.0 37.6179 -122.3871 614.0 4.0
2.0 37.6119 -122.3955 721.0 5.0
2.0 37.4257 -122.0977 743.0 6.0
2.0 37.7894 -122.4023 815.0 7.0
2.0 37.7906 -122.4324 829.0 8.0
2.0 37.7902 -122.4207 837.0 9.0
2.0 37.7886 -122.3928 846.0 10.0
2.0 37.7766 -122.3956 972.0 11.0
2.0 37.7766 -122.3958 974.0 12.0
2.0 37.7717 -122.4019 977.0 13.0
2.0 37.7874 -122.4111 985.0 14.0
2.0 37.7995 -122.4093 991.0 15.0
2.0 37.7948 -122.4002 996.0 16.0
2.0 37.7848 -122.3899 1001.0 17.0
2.0 37.7821 -122.3925 1007.0 18.0
2.0 37.7797 -122.3949 1013.0 19.0
3.0 37.7877 -122.3998 550.0 1.0
3.0 37.7847 -122.4093 555.0 2.0
3.0 37.7860 -122.4121 559.0 3.0
3.0 37.7876 -122.4117 566.0 4.0
3.0 37.8030 -122.4021 573.0 5.0
3.0 37.7906 -122.4208 609.0 6.0
3.0 37.7864 -122.4078 617.0 7.0
3.0 37.7652 -122.4194 627.0 8.0
3.0 37.7836 -122.4082 636.0 9.0
3.0 37.7869 -122.4189 645.0 10.0
3.0 37.7773 -122.4087 653.0 11.0
3.0 37.7782 -122.4099 655.0 12.0
3.0 37.7866 -122.4052 663.0 13.0
3.0 37.7874 -122.4104 666.0 14.0
3.0 37.7839 -122.4377 671.0 15.0
3.0 37.7830 -122.4321 678.0 16.0
3.0 37.7781 -122.4279 683.0 17.0
3.0 37.7820 -122.4279 693.0 18.0
3.0 37.7799 -122.4152 698.0 19.0
3.0 37.7845 -122.4068 708.0 20.0
3.0 37.7918 -122.4072 717.0 21.0
3.0 37.7951 -122.4013 744.0 22.0
3.0 37.7901 -122.4058 751.0 23.0
3.0 37.7936 -122.4017 756.0 24.0
3.0 37.7904 -122.4225 762.0 25.0
3.0 37.8027 -122.4295 783.0 26.0
3.0 37.6179 -122.3857 810.0 27.0
3.0 37.7460 -122.3873 847.0 28.0
3.0 37.7815 -122.4654 866.0 29.0
3.0 37.7860 -122.4572 870.0 30.0
3.0 37.8025 -122.4306 887.0 31.0
3.0 37.7860 -122.4197 922.0 32.0
3.0 37.7637 -122.3977 932.0 33.0
4.0 37.6165 -122.3880 540.0 1.0
4.0 37.6426 -122.4663 554.0 2.0
4.0 37.6165 -122.3879 598.0 3.0
4.0 37.7902 -122.4032 617.0 4.0
4.0 37.6160 -122.3883 734.0 5.0
4.0 37.5076 -122.2514 748.0 6.0
4.0 37.6154 -122.3902 776.0 7.0
4.0 37.8033 -122.4104 802.0 8.0
4.0 37.8084 -122.4101 811.0 9.0
4.0 37.7850 -122.4349 827.0 10.0
4.0 37.7843 -122.4402 833.0 11.0
4.0 37.7797 -122.4385 841.0 12.0
4.0 37.7849 -122.4207 848.0 13.0
4.0 37.7918 -122.3942 863.0 14.0
4.0 37.7398 -122.4240 914.0 15.0
4.0 37.7409 -122.4229 915.0 16.0
4.0 37.7608 -122.4259 925.0 17.0
4.0 37.7866 -122.3978 937.0 18.0
4.0 37.7899 -122.4052 941.0 19.0
4.0 37.6177 -122.3872 971.0 20.0
4.0 37.7112 -122.3920 988.0 21.0
4.0 37.8064 -122.4151 1013.0 22.0
5.0 37.7483 -122.4250 543.0 1.0
5.0 37.7838 -122.4192 556.0 2.0
5.0 37.7856 -122.4097 593.0 3.0
5.0 37.6647 -122.3853 723.0 4.0
5.0 37.6657 -122.3854 724.0 5.0
5.0 37.6648 -122.3855 725.0 6.0
5.0 37.6611 -122.4031 746.0 7.0
5.0 37.7859 -122.4019 759.0 8.0
5.0 37.7857 -122.4096 778.0 9.0
5.0 37.8082 -122.4166 790.0 10.0
5.0 37.7943 -122.4034 797.0 11.0
5.0 37.7893 -122.3917 807.0 12.0
5.0 37.7858 -122.4098 833.0 13.0
5.0 37.7853 -122.3982 840.0 14.0
5.0 37.7875 -122.4032 844.0 15.0
5.0 37.7687 -122.4131 854.0 16.0
5.0 37.7963 -122.4122 866.0 17.0
5.0 37.7855 -122.4096 887.0 18.0
5.0 37.6878 -122.3903 914.0 19.0
6.0 37.7899 -122.3910 665.0 1.0
6.0 37.7959 -122.3971 695.0 2.0
6.0 37.8028 -122.4019 698.0 3.0
6.0 37.7675 -122.3936 900.0 4.0
6.0 37.7892 -122.4070 909.0 5.0
6.0 37.7852 -122.4327 918.0 6.0
6.0 37.7911 -122.4160 923.0 7.0
6.0 37.7911 -122.4038 927.0 8.0
6.0 37.7941 -122.3976 931.0 9.0
6.0 37.7850 -122.4215 938.0 10.0
6.0 37.7848 -122.4087 954.0 11.0
6.0 37.7891 -122.4115 955.0 12.0
6.0 37.7941 -122.3976 978.0 13.0
6.0 37.7903 -122.4090 983.0 14.0
6.0 37.7877 -122.4084 990.0 15.0
6.0 37.7602 -122.4372 1006.0 16.0
lati longi low_tw
37.7802 -122.4023 919.0
37.7592 -122.4123 801.0
37.7506 -122.416 767.0
37.776 -122.4117 656.0
37.79 -122.4008 939.0
37.7179 -122.3933 553.0
37.772 -122.3991 529.0
37.7494 -122.4897 556.0
37.797 -122.4563 855.0
37.7132 -122.4951 822.0
37.7804 -122.4355 656.0
37.7689 -122.4171 768.0
37.7947 -122.4267 960.0
37.6974 -122.4676 890.0
37.7917 -122.4092 938.0
37.7585 -122.415 523.0
37.7707 -122.4095 922.0
37.7548 -122.4179 854.0
37.7886 -122.4058 879.0
37.7901 -122.403 586.0
37.7533 -122.4172 846.0
37.799 -122.422 714.0
37.697 -122.3949 615.0
37.7665 -122.4192 576.0
37.7655 -122.4005 527.0
37.7463 -122.4757 769.0
37.7738 -122.4126 558.0
37.7739 -122.3925 643.0
37.7605 -122.3975 628.0
37.7425 -122.4791 937.0
37.6838 -122.4916 619.0
37.7668 -122.4257 648.0
37.7978 -122.4036 912.0
37.7244 -122.4764 944.0
37.7917 -122.4297 751.0
37.7647 -122.4262 726.0
37.7547 -122.4456 491.0
37.7502 -122.4119 674.0
37.7581 -122.4185 522.0
37.7914 -122.4192 700.0
37.7749 -122.4156 919.0
37.7644 -122.4091 801.0
37.7998 -122.4051 767.0
37.6895 -122.4096 656.0
37.7654 -122.4067 939.0
37.7894 -122.4146 553.0
37.7701 -122.4181 529.0
37.756 -122.4237 556.0
37.7875 -122.4203 855.0
37.7902 -122.3991 822.0
37.7488 -122.4502 656.0
37.7753 -122.4449 768.0
37.6847 -122.4758 960.0
37.7502 -122.397 890.0
37.6607 -122.462 938.0
37.7481 -122.4796 523.0
37.7688 -122.39 922.0
37.7588 -122.4209 854.0
37.7595 -122.4623 879.0
37.7797 -122.3988 586.0
37.7036 -122.4365 846.0
37.7965 -122.4197 714.0
37.7944 -122.4088 615.0
37.7928 -122.3926 576.0
37.7749 -122.4054 527.0
37.787 -122.4152 769.0
37.7564 -122.4063 558.0
37.6662 -122.4098 643.0
37.7638 -122.4188 628.0
37.7552 -122.4222 937.0
37.7579 -122.4244 619.0
37.7813 -122.3925 648.0
37.7964 -122.3953 912.0
37.7626 -122.4732 944.0
37.7844 -122.4195 751.0
37.7029 -122.4114 726.0
37.7987 -122.4171 491.0
37.7919 -122.4598 674.0
37.7991 -122.4049 522.0
37.677 -122.4981 700.0
