cabid lati longi timestamp sequence
4.0 37.7891 -122.4081 805.0 8.0
4.0 37.7931 -122.3973 820.0 9.0
4.0 37.7883 -122.4466 833.0 10.0
4.0 37.7919 -122.4096 843.0 11.0
4.0 37.6164 -122.3884 870.0 12.0
4.0 37.7917 -122.4074 980.0 13.0
4.0 37.8077 -122.4190 989.0 14.0
4.0 37.8077 -122.4190 990.0 15.0
4.0 37.7919 -122.4125 998.0 16.0
4.0 37.7918 -122.4073 1003.0 17.0
4.0 37.7968 -122.3994 1010.0 18.0
5.0 37.7695 -122.4442 628.0 1.0
5.0 37.7541 -122.4394 636.0 2.0
5.0 37.7742 -122.4408 651.0 3.0
5.0 37.7637 -122.4572 657.0 4.0
5.0 37.7638 -122.4580 663.0 5.0
5.0 37.6179 -122.3868 714.0 6.0
5.0 37.6162 -122.3882 801.0 7.0
5.0 37.7514 -122.3943 819.0 8.0
5.0 37.7546 -122.4050 830.0 9.0
5.0 37.7523 -122.4181 839.0 10.0
5.0 37.7573 -122.4188 842.0 11.0
5.0 37.7959 -122.4293 858.0 12.0
5.0 37.7913 -122.3989 869.0 13.0
5.0 37.7689 -122.4277 879.0 14.0
5.0 37.7804 -122.4128 888.0 15.0
5.0 37.7732 -122.4031 894.0 16.0
5.0 37.7828 -122.3952 905.0 17.0
5.0 37.6157 -122.3915 924.0 18.0
5.0 37.7882 -122.4047 977.0 19.0
5.0 37.8000 -122.4075 984.0 20.0
5.0 37.7996 -122.4361 993.0 21.0
5.0 37.7813 -122.4609 1003.0 22.0
5.0 37.7875 -122.4624 1009.0 23.0
6.0 37.7942 -122.4232 542.0 1.0
6.0 37.7877 -122.4121 547.0 2.0
6.0 37.7772 -122.3948 555.0 3.0
6.0 37.7925 -122.3977 578.0 4.0
6.0 37.7806 -122.4188 588.0 5.0
6.0 37.7848 -122.4051 593.0 6.0
6.0 37.7872 -122.4013 610.0 7.0
6.0 37.7811 -122.4204 616.0 8.0
6.0 37.7817 -122.4227 622.0 9.0
6.0 37.7824 -122.4400 629.0 10.0
6.0 37.7845 -122.4397 631.0 11.0
6.0 37.7884 -122.4089 637.0 12.0
6.0 37.7858 -122.4049 690.0 13.0
6.0 37.6180 -122.3863 710.0 14.0
6.0 37.7484 -122.4119 944.0 15.0
6.0 37.7520 -122.4184 946.0 16.0
6.0 37.7520 -122.4184 947.0 17.0
6.0 37.7979 -122.4297 961.0 18.0
6.0 37.7972 -122.4355 964.0 19.0
6.0 37.7901 -122.4028 977.0 20.0
6.0 37.7903 -122.4016 978.0 21.0
6.0 37.7709 -122.4170 985.0 22.0
6.0 37.7855 -122.4001 1001.0 23.0
6.0 37.7947 -122.4255 1014.0 24.0
7.0 37.7848 -122.4086 947.0 1.0
7.0 37.7901 -122.4169 951.0 2.0
7.0 37.7859 -122.4107 963.0 3.0
7.0 37.7805 -122.3906 989.0 4.0
7.0 37.7765 -122.3957 996.0 5.0
7.0 37.7863 -122.4150 1006.0 6.0
7.0 37.7879 -122.4116 1009.0 7.0
1.0 37.7734 -122.4348 543.0 1.0
1.0 37.7868 -122.4506 555.0 2.0
1.0 37.7892 -122.4399 559.0 3.0
1.0 37.7980 -122.4009 572.0 4.0
1.0 37.7931 -122.4027 574.0 5.0
1.0 37.7981 -122.4271 581.0 6.0
1.0 37.7904 -122.4225 591.0 7.0
1.0 37.7886 -122.4102 596.0 8.0
1.0 37.7877 -122.4075 614.0 9.0
1.0 37.8064 -122.4191 621.0 10.0
1.0 37.8054 -122.4176 622.0 11.0
1.0 37.7885 -122.4071 629.0 12.0
1.0 37.7917 -122.4075 645.0 13.0
1.0 37.7873 -122.4034 651.0 14.0
1.0 37.7907 -122.4124 654.0 15.0
1.0 37.7814 -122.4205 660.0 16.0
1.0 37.7834 -122.4174 666.0 17.0
1.0 37.7681 -122.4160 673.0 18.0
1.0 37.7665 -122.4252 681.0 19.0
1.0 37.7841 -122.4076 688.0 20.0
1.0 37.7839 -122.4081 690.0 21.0
1.0 37.7761 -122.3939 696.0 22.0
1.0 37.7700 -122.4018 700.0 23.0
1.0 37.7755 -122.3973 702.0 24.0
1.0 37.7889 -122.4083 708.0 25.0
1.0 37.7917 -122.4073 735.0 26.0
1.0 37.6268 -122.4014 766.0 27.0
1.0 37.6150 -122.3901 829.0 28.0
1.0 37.5866 -122.4726 850.0 29.0
1.0 37.7178 -122.4821 888.0 30.0
1.0 37.7875 -122.4064 906.0 31.0
2.0 37.7521 -122.4191 544.0 1.0
2.0 37.7476 -122.4202 568.0 2.0
2.0 37.7781 -122.4183 578.0 3.0
2.0 37.7397 -122.4620 607.0 4.0
2.0 37.6162 -122.3901 627.0 5.0
2.0 37.7554 -122.4356 685.0 6.0
2.0 37.6164 -122.3909 705.0 7.0
2.0 37.7270 -122.4005 720.0 8.0
2.0 37.7854 -122.4060 734.0 9.0
2.0 37.7513 -122.4317 749.0 10.0
2.0 37.7586 -122.4194 753.0 11.0
2.0 37.7394 -122.4439 773.0 12.0
2.0 37.7845 -122.4401 791.0 13.0
3.0 37.6285 -122.4022 603.0 1.0
3.0 37.7924 -122.3991 622.0 2.0
3.0 37.7902 -122.4007 624.0 3.0
3.0 37.7719 -122.4308 639.0 4.0
3.0 37.6396 -122.4053 692.0 5.0
3.0 37.7896 -122.3947 709.0 6.0
3.0 37.7860 -122.4016 712.0 7.0
3.0 37.7785 -122.4150 723.0 8.0
3.0 37.7876 -122.4069 872.0 9.0
3.0 37.7850 -122.4271 881.0 10.0
3.0 37.7853 -122.4050 890.0 11.0
3.0 37.7866 -122.4024 893.0 12.0
3.0 37.7965 -122.4005 899.0 13.0
3.0 37.7891 -122.4072 904.0 14.0
3.0 37.7852 -122.4366 911.0 15.0
3.0 37.7875 -122.4294 918.0 16.0
3.0 37.6179 -122.3865 944.0 17.0
3.0 37.6169 -122.3878 1013.0 18.0
4.0 37.7881 -122.4167 557.0 1.0
4.0 37.7950 -122.4301 631.0 2.0
4.0 37.7621 -122.4619 645.0 3.0
lati longi low_tw
37.7999 -122.4243 815.0
37.7663 -122.4131 591.0
37.6632 -122.4136 723.0
37.7837 -122.4241 771.0
37.7533 -122.4185 612.0
37.7055 -122.3988 679.0
37.764 -122.4136 646.0
37.7532 -122.4159 934.0
37.7554 -122.3954 644.0
37.6731 -122.445 710.0
37.664 -122.4302 934.0
37.7679 -122.4296 870.0
37.7643 -122.4102 867.0
37.6912 -122.4636 539.0
37.7868 -122.4087 514.0
37.793 -122.4069 947.0
37.6867 -122.4069 606.0
37.7704 -122.4238 792.0
37.7864 -122.4245 495.0
37.7594 -122.3918 919.0
37.7712 -122.406 751.0
37.7804 -122.4209 680.0
37.7817 -122.4123 721.0
37.6937 -122.3959 904.0
37.7799 -122.4184 492.0
37.7685 -122.4248 898.0
37.765 -122.4041 498.0
37.7865 -122.4081 827.0
37.7542 -122.3984 863.0
37.7548 -122.4195 523.0
37.7045 -122.4903 505.0
37.7805 -122.4301 875.0
37.7512 -122.4005 789.0
37.786 -122.4156 618.0
37.7132 -122.4627 922.0
37.7188 -122.4898 809.0
37.778 -122.397 485.0
37.7665 -122.4155 576.0
37.6872 -122.42 618.0
37.7901 -122.4237 503.0
37.7287 -122.4944 756.0
37.7935 -122.4166 741.0
37.7981 -122.4205 667.0
37.7739 -122.4191 783.0
37.7569 -122.4074 804.0
37.7523 -122.4227 636.0
37.7359 -122.4063 570.0
37.695 -122.4114 491.0
37.7833 -122.402 668.0
37.7753 -122.3946 898.0
37.7935 -122.393 705.0
37.7667 -122.3923 485.0
37.7665 -122.4158 606.0
37.7638 -122.4673 555.0
37.7506 -122.4242 498.0
37.7171 -122.4704 755.0
37.7751 -122.4118 504.0
37.6666 -122.4224 566.0
37.7863 -122.4252 830.0
37.6916 -122.4059 817.0
37.7798 -122.4178 815.0
37.7742 -122.419 591.0
37.6527 -122.4564 723.0
37.7344 -122.4087 771.0
37.6749 -122.4314 612.0
37.7882 -122.3955 679.0
37.792 -122.42 646.0
37.7926 -122.4049 934.0
37.6678 -122.4817 644.0
37.688 -122.4764 710.0
37.7897 -122.4053 934.0
37.7688 -122.4117 870.0
37.7852 -122.3999 867.0
37.7917 -122.4018 539.0
37.7803 -122.4054 514.0
37.7534 -122.4163 947.0
37.7589 -122.3935 606.0
37.7868 -122.4241 792.0
37.79 -122.3926 495.0
37.6897 -122.4016 919.0
37.755 -122.3991 751.0
37.7165 -122.4966 680.0
37.7674 -122.4201 721.0
37.7248 -122.4648 904.0
37.6744 -122.4831 492.0
37.7997 -122.4502 898.0
37.7843 -122.3936 498.0
37.7867 -122.3981 827.0
37.7756 -122.4292 863.0
37.795 -122.3974 523.0
37.7745 -122.4231 505.0
37.7918 -122.4969 875.0
37.785 -122.4068 789.0
37.7994 -122.406 618.0
37.7632 -122.4241 922.0
37.763 -122.4284 809.0
37.7585 -122.4038 485.0
37.6808 -122.4595 576.0
37.7766 -122.4211 618.0
37.7696 -122.4199 503.0
37.7562 -122.413 756.0
37.7974 -122.4188 741.0
37.7627 -122.4093 667.0
37.7615 -122.395 783.0
37.7958 -122.4138 804.0
37.7956 -122.4134 636.0
37.784 -122.4108 570.0
37.7695 -122.4033 491.0
37.7943 -122.3926 668.0
37.7975 -122.3956 898.0
37.7967 -122.4242 705.0
37.7907 -122.3963 485.0
37.7096 -122.4038 606.0
37.7575 -122.4157 555.0
37.6534 -122.4618 498.0
37.7779 -122.4332 755.0
37.6984 -122.4043 504.0
37.7751 -122.3914 566.0
37.7779 -122.4094 830.0
37.754 -122.4092 817.0
