cabid lati longi timestamp sequence
4.0 37.7891 -122.4081 805.0 8.0
4.0 37.7931 -122.3973 820.0 9.0
4.0 37.7883 -122.4466 833.0 10.0
4.0 37.7919 -122.4096 843.0 11.0
4.0 37.6164 -122.3884 870.0 12.0
4.0 37.7917 -122.4074 980.0 13.0
4.0 37.8077 -122.4190 989.0 14.0
4.0 37.8077 -122.4190 990.0 15.0
4.0 37.7919 -122.4125 998.0 16.0
4.0 37.7918 -122.4073 1003.0 17.0
4.0 37.7968 -122.3994 1010.0 18.0
5.0 37.7695 -122.4442 628.0 1.0
5.0 37.7541 -122.4394 636.0 2.0
5.0 37.7742 -122.4408 651.0 3.0
5.0 37.7637 -122.4572 657.0 4.0
5.0 37.7638 -122.4580 663.0 5.0
5.0 37.6179 -122.3868 714.0 6.0
5.0 37.6162 -122.3882 801.0 7.0
5.0 37.7514 -122.3943 819.0 8.0
5.0 37.7546 -122.4050 830.0 9.0
5.0 37.7523 -122.4181 839.0 10.0
5.0 37.7573 -122.4188 842.0 11.0
5.0 37.7959 -122.4293 858.0 12.0
5.0 37.7913 -122.3989 869.0 13.0
5.0 37.7689 -122.4277 879.0 14.0
5.0 37.7804 -122.4128 888.0 15.0
5.0 37.7732 -122.4031 894.0 16.0
5.0 37.7828 -122.3952 905.0 17.0
5.0 37.6157 -122.3915 924.0 18.0
5.0 37.7882 -122.4047 977.0 19.0
5.0 37.8000 -122.4075 984.0 20.0
5.0 37.7996 -122.4361 993.0 21.0
5.0 37.7813 -122.4609 1003.0 22.0
5.0 37.7875 -122.4624 1009.0 23.0
6.0 37.7942 -122.4232 542.0 1.0
6.0 37.7877 -122.4121 547.0 2.0
6.0 37.7772 -122.3948 555.0 3.0
6.0 37.7925 -122.3977 578.0 4.0
6.0 37.7806 -122.4188 588.0 5.0
6.0 37.7848 -122.4051 593.0 6.0
6.0 37.7872 -122.4013 610.0 7.0
6.0 37.7811 -122.4204 616.0 8.0
6.0 37.7817 -122.4227 622.0 9.0
6.0 37.7824 -122.4400 629.0 10.0
6.0 37.7845 -122.4397 631.0 11.0
6.0 37.7884 -122.4089 637.0 12.0
6.0 37.7858 -122.4049 690.0 13.0
6.0 37.6180 -122.3863 710.0 14.0
6.0 37.7484 -122.4119 944.0 15.0
6.0 37.7520 -122.4184 946.0 16.0
6.0 37.7520 -122.4184 947.0 17.0
6.0 37.7979 -122.4297 961.0 18.0
6.0 37.7972 -122.4355 964.0 19.0
6.0 37.7901 -122.4028 977.0 20.0
6.0 37.7903 -122.4016 978.0 21.0
6.0 37.7709 -122.4170 985.0 22.0
6.0 37.7855 -122.4001 1001.0 23.0
6.0 37.7947 -122.4255 1014.0 24.0
7.0 37.7848 -122.4086 947.0 1.0
7.0 37.7901 -122.4169 951.0 2.0
7.0 37.7859 -122.4107 963.0 3.0
7.0 37.7805 -122.3906 989.0 4.0
7.0 37.7765 -122.3957 996.0 5.0
7.0 37.7863 -122.4150 1006.0 6.0
7.0 37.7879 -122.4116 1009.0 7.0
1.0 37.7734 -122.4348 543.0 1.0
1.0 37.7868 -122.4506 555.0 2.0
1.0 37.7892 -122.4399 559.0 3.0
1.0 37.7980 -122.4009 572.0 4.0
1.0 37.7931 -122.4027 574.0 5.0
1.0 37.7981 -122.4271 581.0 6.0
1.0 37.7904 -122.4225 591.0 7.0
1.0 37.7886 -122.4102 596.0 8.0
1.0 37.7877 -122.4075 614.0 9.0
1.0 37.8064 -122.4191 621.0 10.0
1.0 37.8054 -122.4176 622.0 11.0
1.0 37.7885 -122.4071 629.0 12.0
1.0 37.7917 -122.4075 645.0 13.0
1.0 37.7873 -122.4034 651.0 14.0
1.0 37.7907 -122.4124 654.0 15.0
1.0 37.7814 -122.4205 660.0 16.0
1.0 37.7834 -122.4174 666.0 17.0
1.0 37.7681 -122.4160 673.0 18.0
1.0 37.7665 -122.4252 681.0 19.0
1.0 37.7841 -122.4076 688.0 20.0
1.0 37.7839 -122.4081 690.0 21.0
1.0 37.7761 -122.3939 696.0 22.0
1.0 37.7700 -122.4018 700.0 23.0
1.0 37.7755 -122.3973 702.0 24.0
1.0 37.7889 -122.4083 708.0 25.0
1.0 37.7917 -122.4073 735.0 26.0
1.0 37.6268 -122.4014 766.0 27.0
1.0 37.6150 -122.3901 829.0 28.0
1.0 37.5866 -122.4726 850.0 29.0
1.0 37.7178 -122.4821 888.0 30.0
1.0 37.7875 -122.4064 906.0 31.0
2.0 37.7521 -122.4191 544.0 1.0
2.0 37.7476 -122.4202 568.0 2.0
2.0 37.7781 -122.4183 578.0 3.0
2.0 37.7397 -122.4620 607.0 4.0
2.0 37.6162 -122.3901 627.0 5.0
2.0 37.7554 -122.4356 685.0 6.0
2.0 37.6164 -122.3909 705.0 7.0
2.0 37.7270 -122.4005 720.0 8.0
2.0 37.7854 -122.4060 734.0 9.0
2.0 37.7513 -122.4317 749.0 10.0
2.0 37.7586 -122.4194 753.0 11.0
2.0 37.7394 -122.4439 773.0 12.0
2.0 37.7845 -122.4401 791.0 13.0
3.0 37.6285 -122.4022 603.0 1.0
3.0 37.7924 -122.3991 622.0 2.0
3.0 37.7902 -122.4007 624.0 3.0
3.0 37.7719 -122.4308 639.0 4.0
3.0 37.6396 -122.4053 692.0 5.0
3.0 37.7896 -122.3947 709.0 6.0
3.0 37.7860 -122.4016 712.0 7.0
3.0 37.7785 -122.4150 723.0 8.0
3.0 37.7876 -122.4069 872.0 9.0
3.0 37.7850 -122.4271 881.0 10.0
3.0 37.7853 -122.4050 890.0 11.0
3.0 37.7866 -122.4024 893.0 12.0
3.0 37.7965 -122.4005 899.0 13.0
3.0 37.7891 -122.4072 904.0 14.0
3.0 37.7852 -122.4366 911.0 15.0
3.0 37.7875 -122.4294 918.0 16.0
3.0 37.6179 -122.3865 944.0 17.0
3.0 37.6169 -122.3878 1013.0 18.0
4.0 37.7881 -122.4167 557.0 1.0
4.0 37.7950 -122.4301 631.0 2.0
4.0 37.7621 -122.4619 645.0 3.0
lati longi low_tw
37.7055 -122.3988 815.0
37.764 -122.4136 591.0
37.7532 -122.4159 723.0
37.6661 -122.4048 771.0
37.7577 -122.41 612.0
37.7547 -122.4046 679.0
37.7037 -122.499 646.0
37.7643 -122.4102 934.0
37.7637 -122.4168 644.0
37.7868 -122.4087 710.0
37.793 -122.4069 934.0
37.7622 -122.3961 870.0
37.7704 -122.4238 867.0
37.7592 -122.4849 539.0
37.7594 -122.3918 514.0
37.7712 -122.406 947.0
37.7804 -122.4209 606.0
37.7817 -122.4123 792.0
37.7646 -122.3922 495.0
37.7799 -122.4184 919.0
37.7056 -122.4857 751.0
37.6949 -122.4287 680.0
37.7596 -122.4398 721.0
37.7542 -122.3984 904.0
37.6645 -122.4711 492.0
37.7045 -122.4903 898.0
37.7935 -122.4046 498.0
37.7837 -122.3938 827.0
37.758 -122.4605 863.0
37.7711 -122.4164 523.0
37.7188 -122.4898 505.0
37.778 -122.397 875.0
37.7665 -122.4155 789.0
37.7624 -122.4009 618.0
37.7901 -122.4237 922.0
37.7762 -122.428 809.0
37.7805 -122.463 485.0
37.7942 -122.4738 576.0
37.7739 -122.4191 618.0
37.7569 -122.4074 503.0
37.7523 -122.4227 756.0
37.7786 -122.3959 741.0
37.765 -122.3978 667.0
37.75 -122.4229 783.0
37.7753 -122.3946 804.0
37.7804 -122.3983 636.0
37.7667 -122.3923 570.0
37.6994 -122.461 491.0
37.7879 -122.4181 668.0
37.6518 -122.4841 898.0
37.7724 -122.4192 705.0
37.7751 -122.4118 485.0
37.6666 -122.4224 606.0
37.7589 -122.4867 555.0
37.6916 -122.4059 498.0
37.7798 -122.4178 755.0
37.7742 -122.419 504.0
37.6527 -122.4564 566.0
37.7344 -122.4087 830.0
37.6749 -122.4314 817.0
37.7882 -122.3955 959.0
37.792 -122.42 892.0
37.7975 -122.3954 637.0
37.7559 -122.4234 758.0
37.7627 -122.4214 523.0
37.7897 -122.4053 583.0
37.7688 -122.4117 804.0
37.7852 -122.3999 890.0
37.7917 -122.4018 513.0
37.7409 -122.4325 822.0
37.7534 -122.4163 815.0
37.6766 -122.3997 591.0
37.7868 -122.4241 723.0
37.7699 -122.3972 771.0
37.6897 -122.4016 612.0
37.6651 -122.4149 679.0
37.7722 -122.4288 646.0
37.7674 -122.4201 934.0
37.7749 -122.4172 644.0
37.7581 -122.4239 710.0
37.7999 -122.4119 934.0
37.7529 -122.3999 870.0
37.7867 -122.3981 867.0
37.7267 -122.4978 539.0
37.795 -122.3974 514.0
37.7745 -122.4231 947.0
37.7973 -122.4289 606.0
37.755 -122.4361 792.0
37.7998 -122.3958 495.0
37.7632 -122.4241 919.0
37.763 -122.4284 751.0
37.7585 -122.4038 680.0
37.7603 -122.4153 721.0
37.7766 -122.4211 904.0
37.7696 -122.4199 492.0
37.6685 -122.4532 898.0
37.7974 -122.4188 498.0
37.7627 -122.4093 827.0
37.7615 -122.395 863.0
37.7958 -122.4138 523.0
37.7985 -122.3985 505.0
37.784 -122.4108 875.0
37.7086 -122.4265 789.0
37.7943 -122.3926 618.0
37.7926 -122.4054 922.0
37.7901 -122.484 809.0
37.772 -122.4074 485.0
37.7699 -122.395 576.0
37.7575 -122.4157 618.0
37.7511 -122.4161 503.0
37.7926 -122.4057 756.0
37.6984 -122.4043 741.0
37.7253 -122.3939 667.0
37.7779 -122.4094 783.0
37.6621 -122.4427 804.0
37.7015 -122.4784 636.0
37.7608 -122.4215 570.0
37.7711 -122.4288 491.0
37.7733 -122.4062 668.0
37.7859 -122.3968 898.0
37.7795 -122.3914 705.0
37.7954 -122.4244 485.0
37.7566 -122.3979 606.0
37.6884 -122.4067 555.0
37.7784 -122.4171 498.0
37.6701 -122.478 755.0
37.7647 -122.4595 504.0
37.7746 -122.3917 566.0
37.7985 -122.4114 830.0
37.7507 -122.4136 817.0
37.7637 -122.4034 959.0
37.7785 -122.4094 892.0
37.7507 -122.4414 637.0
37.7143 -122.4066 758.0
37.7171 -122.4076 523.0
37.7501 -122.3976 583.0
37.7516 -122.4125 804.0
37.7613 -122.4084 890.0
37.7551 -122.3956 513.0
37.7825 -122.4266 822.0
