cabid lati longi timestamp sequence
3.0 37.7939 -122.4313 736.0 9.0
3.0 37.7944 -122.4019 750.0 10.0
3.0 37.7921 -122.4069 755.0 11.0
3.0 37.7998 -122.4157 760.0 12.0
3.0 37.7899 -122.4257 768.0 13.0
3.0 37.7955 -122.3990 788.0 14.0
3.0 37.7946 -122.3995 790.0 15.0
3.0 37.7879 -122.4014 797.0 16.0
3.0 37.7873 -122.4004 798.0 17.0
3.0 37.7740 -122.3990 805.0 18.0
3.0 37.7740 -122.3990 809.0 19.0
3.0 37.7884 -122.4087 817.0 20.0
3.0 37.7892 -122.4088 818.0 21.0
3.0 37.7998 -122.4375 827.0 22.0
3.0 37.7970 -122.4364 838.0 23.0
3.0 37.7875 -122.4404 843.0 24.0
3.0 37.7733 -122.4376 849.0 25.0
3.0 37.7791 -122.4519 911.0 26.0
3.0 37.8083 -122.4099 927.0 27.0
3.0 37.8066 -122.4206 931.0 28.0
3.0 37.7880 -122.4109 940.0 29.0
3.0 37.7903 -122.3936 956.0 30.0
3.0 37.8012 -122.4229 966.0 31.0
3.0 37.7971 -122.4280 970.0 32.0
3.0 37.7982 -122.4073 978.0 33.0
3.0 37.7966 -122.4006 982.0 34.0
3.0 37.7868 -122.4109 990.0 35.0
3.0 37.7867 -122.4047 993.0 36.0
3.0 37.7959 -122.3943 1001.0 37.0
3.0 37.7959 -122.3943 1002.0 38.0
3.0 37.8057 -122.4223 1010.0 39.0
3.0 37.8005 -122.4104 1014.0 40.0
3.0 37.7979 -122.4220 1017.0 41.0
4.0 37.7709 -122.4204 906.0 1.0
4.0 37.7855 -122.4225 915.0 2.0
4.0 37.7852 -122.4326 917.0 3.0
4.0 37.7677 -122.4534 925.0 4.0
4.0 37.7635 -122.4583 928.0 5.0
4.0 37.7892 -122.4340 959.0 6.0
4.0 37.7924 -122.4033 968.0 7.0
4.0 37.7931 -122.3996 971.0 8.0
4.0 37.7812 -122.4333 986.0 9.0
4.0 37.7922 -122.4436 996.0 10.0
4.0 37.7874 -122.4008 1011.0 11.0
4.0 37.7903 -122.3970 1013.0 12.0
1.0 37.7831 -122.4677 542.0 1.0
1.0 37.7810 -122.4650 543.0 2.0
1.0 37.7811 -122.4601 544.0 3.0
1.0 37.7954 -122.4081 559.0 4.0
1.0 37.7767 -122.3954 601.0 5.0
1.0 37.7786 -122.3932 602.0 6.0
1.0 37.7786 -122.3932 603.0 7.0
1.0 37.7855 -122.4078 610.0 8.0
1.0 37.7839 -122.4176 618.0 9.0
1.0 37.7840 -122.4191 619.0 10.0
1.0 37.7733 -122.4185 624.0 11.0
1.0 37.7724 -122.4190 625.0 12.0
1.0 37.7724 -122.4190 626.0 13.0
1.0 37.7928 -122.3933 636.0 14.0
1.0 37.7833 -122.3935 640.0 15.0
1.0 37.7870 -122.3886 641.0 16.0
1.0 37.7948 -122.3934 645.0 17.0
1.0 37.7846 -122.4089 655.0 18.0
1.0 37.7846 -122.4091 660.0 19.0
1.0 37.7848 -122.4094 661.0 20.0
1.0 37.7855 -122.4214 667.0 21.0
1.0 37.8067 -122.4106 695.0 22.0
1.0 37.8038 -122.4098 696.0 23.0
1.0 37.7999 -122.4090 697.0 24.0
1.0 37.8084 -122.4101 718.0 25.0
1.0 37.8080 -122.4125 719.0 26.0
1.0 37.7889 -122.4084 730.0 27.0
1.0 37.7767 -122.3955 744.0 28.0
1.0 37.7764 -122.3986 745.0 29.0
1.0 37.7877 -122.4117 751.0 30.0
1.0 37.7945 -122.4069 767.0 31.0
1.0 37.7933 -122.4067 768.0 32.0
1.0 37.7540 -122.4498 789.0 33.0
1.0 37.7299 -122.4449 800.0 34.0
1.0 37.7304 -122.4443 801.0 35.0
1.0 37.7423 -122.4225 805.0 36.0
1.0 37.7402 -122.4220 816.0 37.0
1.0 37.7420 -122.4222 817.0 38.0
1.0 37.7388 -122.4368 822.0 39.0
1.0 37.7419 -122.4702 830.0 40.0
1.0 37.7302 -122.4763 837.0 41.0
1.0 37.7300 -122.4774 839.0 42.0
1.0 37.7841 -122.4801 852.0 43.0
1.0 37.7805 -122.4735 858.0 44.0
1.0 37.7613 -122.4297 873.0 45.0
lati longi low_tw
37.6597 -122.3977 830.0
37.6518 -122.3946 840.0
37.6695 -122.4851 784.0
37.7464 -122.4536 523.0
37.7072 -122.462 503.0
37.7509 -122.4043 814.0
37.726 -122.4897 565.0
37.663 -122.3957 726.0
37.6689 -122.476 530.0
37.664 -122.4086 834.0
37.78 -122.4602 598.0
37.7479 -122.4432 794.0
37.7672 -122.487 514.0
37.7747 -122.4503 524.0
37.7546 -122.392 777.0
37.6805 -122.4286 489.0
37.6727 -122.4662 796.0
37.7919 -122.4365 717.0
37.7248 -122.4197 830.0
37.7381 -122.4207 526.0
37.656 -122.4479 610.0
37.6881 -122.4923 758.0
37.7139 -122.4646 828.0
37.7097 -122.5 745.0
37.7626 -122.4153 555.0
37.6697 -122.414 498.0
37.7145 -122.4072 497.0
37.797 -122.4453 876.0
37.6509 -122.415 827.0
37.6698 -122.4082 650.0
37.6941 -122.4298 911.0
37.7145 -122.4038 956.0
37.6558 -122.4586 527.0
37.6824 -122.4684 626.0
37.7575 -122.3958 748.0
37.7276 -122.4986 660.0
37.6997 -122.4851 837.0
37.7274 -122.4086 683.0
37.7108 -122.4401 708.0
37.6514 -122.4273 795.0
37.6693 -122.4051 920.0
37.7874 -122.4381 726.0
37.678 -122.4909 850.0
37.735 -122.4424 757.0
37.7806 -122.4505 894.0
37.7316 -122.4389 606.0
37.6836 -122.4649 715.0
37.7716 -122.4134 552.0
37.7376 -122.4958 932.0
37.7528 -122.4268 846.0
37.7717 -122.4684 830.0
37.7131 -122.4966 840.0
37.6602 -122.482 784.0
37.7883 -122.4713 523.0
37.7089 -122.4455 503.0
37.7503 -122.4181 814.0
37.7324 -122.4799 565.0
37.6765 -122.4653 726.0
37.6998 -122.4603 530.0
37.7903 -122.4883 834.0
37.7691 -122.4328 598.0
37.7229 -122.4747 794.0
37.7484 -122.4479 514.0
37.7679 -122.4431 524.0
37.7358 -122.4001 777.0
37.7198 -122.4115 489.0
37.7432 -122.4387 796.0
37.702 -122.4704 717.0
37.7102 -122.4149 830.0
37.7512 -122.39 526.0
37.7436 -122.4852 610.0
37.7335 -122.42 758.0
37.7201 -122.4363 828.0
37.6907 -122.4697 745.0
37.7469 -122.4043 555.0
37.7124 -122.4942 498.0
37.7007 -122.4597 497.0
37.7616 -122.4517 876.0
37.7268 -122.4788 827.0
37.6629 -122.4805 650.0
37.7874 -122.4029 911.0
37.7749 -122.4393 956.0
37.6774 -122.4079 527.0
37.6644 -122.4025 626.0
37.6558 -122.4058 748.0
37.737 -122.4131 660.0
37.6689 -122.4509 837.0
37.7468 -122.4756 683.0
37.7205 -122.4292 708.0
37.7709 -122.4504 795.0
37.7896 -122.4552 920.0
37.7131 -122.4556 726.0
37.7096 -122.4566 850.0
37.6758 -122.4551 757.0
37.7851 -122.4549 894.0
37.6842 -122.3923 606.0
37.7779 -122.4281 715.0
37.7653 -122.423 552.0
37.7366 -122.3957 932.0
37.6505 -122.434 846.0
