cabid lati longi timestamp sequence
4.0 37.7449 -122.4400 642.0 2.0
4.0 37.7882 -122.4034 662.0 3.0
4.0 37.7910 -122.3994 664.0 4.0
4.0 37.6150 -122.3851 683.0 5.0
4.0 37.6172 -122.3875 773.0 6.0
4.0 37.7831 -122.4178 790.0 7.0
4.0 37.7873 -122.4168 794.0 8.0
4.0 37.7764 -122.4179 799.0 9.0
4.0 37.7882 -122.4030 811.0 10.0
4.0 37.7869 -122.3881 820.0 11.0
4.0 37.7831 -122.3892 825.0 12.0
4.0 37.6180 -122.3865 842.0 13.0
4.0 37.7886 -122.4056 999.0 14.0
4.0 37.7858 -122.4211 1003.0 15.0
4.0 37.7721 -122.4141 1018.0 16.0
5.0 37.7767 -122.3955 542.0 1.0
5.0 37.7923 -122.4061 552.0 2.0
5.0 37.7610 -122.4306 586.0 3.0
5.0 37.7882 -122.4166 601.0 4.0
5.0 37.7926 -122.4335 615.0 5.0
5.0 37.7576 -122.4189 625.0 6.0
5.0 37.7624 -122.4351 638.0 7.0
5.0 37.7945 -122.4029 654.0 8.0
5.0 37.7929 -122.4009 656.0 9.0
5.0 37.7890 -122.4117 661.0 10.0
5.0 37.7848 -122.4001 694.0 11.0
5.0 37.7742 -122.4294 700.0 12.0
5.0 37.7738 -122.4396 710.0 13.0
5.0 37.8057 -122.4130 727.0 14.0
5.0 37.8054 -122.4119 728.0 15.0
5.0 37.7968 -122.4049 734.0 16.0
5.0 37.7930 -122.3928 760.0 17.0
5.0 37.6548 -122.3817 779.0 18.0
5.0 37.7900 -122.4040 823.0 19.0
5.0 37.7855 -122.4380 832.0 20.0
5.0 37.7912 -122.4020 875.0 21.0
5.0 37.7802 -122.3899 881.0 22.0
5.0 37.7484 -122.3968 916.0 23.0
5.0 37.7484 -122.3968 918.0 24.0
5.0 37.7036 -122.3941 937.0 25.0
6.0 37.8030 -122.4201 902.0 1.0
6.0 37.7867 -122.3980 996.0 2.0
6.0 37.7906 -122.4024 1005.0 3.0
6.0 37.8069 -122.4105 1016.0 4.0
6.0 37.8035 -122.4150 1019.0 5.0
1.0 37.7822 -122.4073 541.0 1.0
1.0 37.6157 -122.3878 561.0 2.0
1.0 37.6161 -122.3882 602.0 3.0
1.0 37.8063 -122.4162 629.0 4.0
2.0 37.7899 -122.3994 552.0 1.0
2.0 37.7874 -122.4083 582.0 2.0
2.0 37.7934 -122.3981 591.0 3.0
2.0 37.8006 -122.4373 620.0 4.0
2.0 37.7893 -122.4019 633.0 5.0
2.0 37.7905 -122.3977 636.0 6.0
2.0 37.7838 -122.3992 642.0 7.0
2.0 37.7874 -122.4082 655.0 8.0
2.0 37.7924 -122.4108 659.0 9.0
2.0 37.7869 -122.4093 665.0 10.0
2.0 37.7751 -122.4039 673.0 11.0
2.0 37.7932 -122.4208 687.0 12.0
2.0 37.7932 -122.4139 690.0 13.0
2.0 37.7679 -122.4290 713.0 14.0
2.0 37.7668 -122.3999 725.0 15.0
2.0 37.7626 -122.3961 732.0 16.0
2.0 37.7514 -122.3943 739.0 17.0
2.0 37.6152 -122.3902 785.0 18.0
2.0 37.7851 -122.4005 800.0 19.0
2.0 37.6161 -122.3883 821.0 20.0
2.0 37.6583 -122.4848 842.0 21.0
2.0 37.6153 -122.3902 857.0 22.0
2.0 37.5313 -122.2650 878.0 23.0
2.0 37.7560 -122.4052 920.0 24.0
2.0 37.7523 -122.4183 926.0 25.0
2.0 37.7523 -122.4187 931.0 26.0
2.0 37.7483 -122.4203 933.0 27.0
2.0 37.7554 -122.4210 942.0 28.0
2.0 37.7656 -122.4221 945.0 29.0
2.0 37.7774 -122.4132 960.0 30.0
2.0 37.7862 -122.4111 964.0 31.0
2.0 37.7856 -122.4098 972.0 32.0
2.0 37.6155 -122.3844 994.0 33.0
3.0 37.6150 -122.3924 633.0 1.0
3.0 37.7918 -122.4105 654.0 2.0
3.0 37.7904 -122.4207 668.0 3.0
3.0 37.7871 -122.4487 675.0 4.0
3.0 37.7886 -122.4501 678.0 5.0
3.0 37.7840 -122.4079 693.0 6.0
3.0 37.7922 -122.4083 713.0 7.0
3.0 37.8062 -122.4240 724.0 8.0
lati longi low_tw
37.6755 -122.4504 530.0
37.708 -122.4042 811.0
37.7622 -122.4382 541.0
37.7486 -122.4395 786.0
37.6722 -122.3941 907.0
37.7991 -122.4563 892.0
37.7417 -122.4275 657.0
37.7378 -122.4325 585.0
37.7687 -122.4875 935.0
37.6586 -122.4366 859.0
37.6703 -122.4677 666.0
37.7968 -122.4504 572.0
37.6921 -122.466 760.0
37.7271 -122.3951 882.0
37.7362 -122.3931 580.0
37.7173 -122.3972 758.0
37.6523 -122.4204 915.0
37.6686 -122.467 782.0
37.7277 -122.3977 733.0
37.6915 -122.4139 942.0
37.7907 -122.4006 748.0
37.749 -122.4205 509.0
37.7463 -122.4163 727.0
37.6822 -122.4515 562.0
37.7583 -122.4594 641.0
37.7049 -122.4679 618.0
37.7384 -122.4249 939.0
37.7492 -122.4787 873.0
37.7571 -122.4116 871.0
37.6759 -122.4031 733.0
37.6985 -122.4167 902.0
37.6846 -122.4902 554.0
37.6574 -122.4175 790.0
37.6864 -122.4789 580.0
37.742 -122.4773 643.0
37.6718 -122.4781 496.0
37.7001 -122.4451 772.0
37.7698 -122.4482 907.0
37.743 -122.3906 897.0
37.781 -122.4188 786.0
37.7719 -122.4095 515.0
37.7779 -122.3957 951.0
37.7024 -122.4773 714.0
37.6524 -122.4649 649.0
37.6985 -122.4831 949.0
37.7655 -122.4478 717.0
37.714 -122.439 659.0
37.6941 -122.4948 581.0
37.7137 -122.4981 804.0
37.7873 -122.3935 690.0
37.7292 -122.4909 505.0
37.7626 -122.4015 777.0
37.6599 -122.4809 624.0
37.7339 -122.4924 620.0
37.7197 -122.469 596.0
37.6534 -122.4744 918.0
37.7096 -122.482 493.0
37.7491 -122.4933 536.0
37.7015 -122.4132 582.0
37.665 -122.4936 836.0
37.6878 -122.402 946.0
37.7407 -122.4936 686.0
37.6701 -122.483 852.0
37.7868 -122.4018 817.0
37.6771 -122.4776 777.0
37.7861 -122.396 940.0
37.7834 -122.4616 748.0
37.7805 -122.4867 770.0
37.7936 -122.3907 600.0
37.7491 -122.4597 946.0
37.7778 -122.4596 530.0
37.672 -122.3922 811.0
37.6651 -122.4254 541.0
37.6632 -122.4067 786.0
37.6583 -122.4321 907.0
37.7613 -122.4745 892.0
37.663 -122.4727 657.0
37.7508 -122.4404 585.0
37.6534 -122.4514 935.0
37.7724 -122.4902 859.0
37.7753 -122.4853 666.0
37.7757 -122.4044 572.0
37.7023 -122.399 760.0
37.6686 -122.4911 882.0
37.7958 -122.3972 580.0
37.7817 -122.4177 758.0
37.7074 -122.4928 915.0
37.6772 -122.4696 782.0
37.7954 -122.4015 733.0
37.7199 -122.4577 942.0
37.7067 -122.4895 748.0
37.6936 -122.4188 509.0
37.6954 -122.4549 727.0
37.7578 -122.472 562.0
37.7517 -122.4747 641.0
37.759 -122.4399 618.0
37.6599 -122.4113 939.0
37.7209 -122.3913 873.0
37.652 -122.4435 871.0
37.7474 -122.4977 733.0
37.7657 -122.3952 902.0
37.6798 -122.3994 554.0
37.6799 -122.4274 790.0
37.7203 -122.4993 580.0
37.783 -122.4623 643.0
37.6682 -122.4299 496.0
37.6574 -122.4692 772.0
37.7131 -122.4639 907.0
37.7575 -122.4487 897.0
37.7772 -122.4456 786.0
37.7034 -122.4915 515.0
37.6626 -122.3996 951.0
37.7658 -122.4052 714.0
37.7891 -122.4173 649.0
37.7902 -122.493 949.0
37.7923 -122.4102 717.0
37.6686 -122.4787 659.0
37.7929 -122.4052 581.0
37.767 -122.4492 804.0
37.6503 -122.4911 690.0
37.7133 -122.4195 505.0
37.7456 -122.437 777.0
37.7581 -122.4031 624.0
37.7026 -122.4799 620.0
37.7032 -122.4741 596.0
37.7466 -122.4002 918.0
37.7456 -122.4572 493.0
37.7802 -122.4089 536.0
37.691 -122.4747 582.0
37.7045 -122.4169 836.0
37.7632 -122.3908 946.0
37.7588 -122.4499 686.0
37.7261 -122.4699 852.0
37.674 -122.4668 817.0
37.6832 -122.4018 777.0
37.6715 -122.4061 940.0
37.6541 -122.4553 748.0
37.681 -122.4547 770.0
37.7607 -122.4429 600.0
37.7413 -122.4568 946.0
