cabid lati longi timestamp sequence
4.0 37.7740 -122.4410 658.0 4.0
4.0 37.7848 -122.4381 664.0 5.0
4.0 37.7872 -122.4098 680.0 6.0
4.0 37.7804 -122.3898 689.0 7.0
4.0 37.7875 -122.4072 697.0 8.0
4.0 37.7899 -122.4052 703.0 9.0
4.0 37.7948 -122.4005 707.0 10.0
4.0 37.7952 -122.4207 716.0 11.0
4.0 37.7915 -122.4021 746.0 12.0
4.0 37.7669 -122.4028 758.0 13.0
4.0 37.7821 -122.4093 766.0 14.0
4.0 37.7923 -122.4040 776.0 15.0
4.0 37.7887 -122.4052 784.0 16.0
4.0 37.7799 -122.4599 799.0 17.0
4.0 37.7866 -122.4521 806.0 18.0
4.0 37.7861 -122.4108 821.0 19.0
4.0 37.8016 -122.4120 860.0 20.0
4.0 37.7941 -122.4214 865.0 21.0
5.0 37.6152 -122.3903 601.0 1.0
5.0 37.7851 -122.4005 616.0 2.0
5.0 37.6177 -122.3861 639.0 3.0
5.0 37.7944 -122.4018 660.0 4.0
5.0 37.6153 -122.3899 769.0 5.0
5.0 37.7641 -122.4362 787.0 6.0
5.0 37.6177 -122.3859 851.0 7.0
5.0 37.7846 -122.4045 915.0 8.0
5.0 37.6152 -122.3902 998.0 9.0
6.0 37.7891 -122.4029 750.0 1.0
6.0 37.7991 -122.4085 762.0 2.0
6.0 37.7698 -122.4133 779.0 3.0
6.0 37.7643 -122.4131 783.0 4.0
6.0 37.7618 -122.4193 785.0 5.0
6.0 37.7702 -122.4692 807.0 6.0
6.0 37.7691 -122.4682 808.0 7.0
6.0 37.7874 -122.4039 828.0 8.0
6.0 37.7876 -122.4004 831.0 9.0
6.0 37.7803 -122.4168 837.0 10.0
6.0 37.7819 -122.4177 845.0 11.0
6.0 37.7816 -122.4157 846.0 12.0
6.0 37.6149 -122.3852 864.0 13.0
6.0 37.7702 -122.4041 993.0 14.0
6.0 37.7714 -122.4087 994.0 15.0
6.0 37.7900 -122.4221 1005.0 16.0
6.0 37.7905 -122.4208 1006.0 17.0
6.0 37.7899 -122.4032 1012.0 18.0
1.0 37.7699 -122.4333 545.0 1.0
1.0 37.7872 -122.4085 555.0 2.0
1.0 37.7866 -122.4529 614.0 3.0
1.0 37.6605 -122.4773 639.0 4.0
1.0 37.7749 -122.4531 667.0 5.0
1.0 37.7591 -122.4374 676.0 6.0
1.0 37.7576 -122.4355 679.0 7.0
1.0 37.7761 -122.4215 689.0 8.0
1.0 37.7993 -122.4088 709.0 9.0
1.0 37.7935 -122.4125 713.0 10.0
1.0 37.7880 -122.4189 720.0 11.0
2.0 37.7791 -122.3973 777.0 1.0
2.0 37.7909 -122.4340 793.0 2.0
2.0 37.7879 -122.4080 822.0 3.0
2.0 37.8007 -122.4446 833.0 4.0
2.0 37.8049 -122.4351 846.0 5.0
2.0 37.6154 -122.3846 873.0 6.0
2.0 37.6646 -122.3978 907.0 7.0
2.0 37.8063 -122.4157 967.0 8.0
2.0 37.8077 -122.4202 972.0 9.0
2.0 37.7860 -122.4221 983.0 10.0
2.0 37.7876 -122.4083 994.0 11.0
2.0 37.8090 -122.4180 1004.0 12.0
2.0 37.8061 -122.4183 1011.0 13.0
3.0 37.6178 -122.3865 645.0 1.0
3.0 37.7845 -122.4094 663.0 2.0
3.0 37.7299 -122.4450 677.0 3.0
3.0 37.7489 -122.4182 690.0 4.0
3.0 37.7489 -122.4206 692.0 5.0
3.0 37.7464 -122.4125 697.0 6.0
3.0 37.7936 -122.4013 713.0 7.0
3.0 37.8057 -122.4055 718.0 8.0
3.0 37.7925 -122.4036 730.0 9.0
3.0 37.7976 -122.4137 735.0 10.0
3.0 37.7888 -122.3985 771.0 11.0
3.0 37.7980 -122.4359 785.0 12.0
3.0 37.7921 -122.4261 789.0 13.0
3.0 37.7867 -122.4255 790.0 14.0
3.0 37.7578 -122.4019 835.0 15.0
3.0 37.7883 -122.4035 844.0 16.0
3.0 37.7919 -122.4030 853.0 17.0
3.0 37.8007 -122.4210 859.0 18.0
3.0 37.8010 -122.4228 885.0 19.0
3.0 37.6180 -122.3867 916.0 20.0
3.0 37.7659 -122.4068 970.0 21.0
lati longi low_tw
37.7342 -122.3929 891.0
37.6966 -122.4222 752.0
37.7523 -122.4746 535.0
37.7132 -122.417 830.0
37.7335 -122.4527 755.0
37.7665 -122.4307 568.0
37.7782 -122.4361 842.0
37.7521 -122.4506 784.0
37.6964 -122.4178 785.0
37.6574 -122.3982 909.0
37.7362 -122.4017 802.0
37.7296 -122.4602 609.0
37.7797 -122.4243 773.0
37.7065 -122.4031 637.0
37.7996 -122.4686 664.0
37.699 -122.3972 817.0
37.7143 -122.4767 673.0
37.7985 -122.4687 911.0
37.762 -122.4054 537.0
37.6833 -122.4587 815.0
37.6624 -122.4736 543.0
37.6779 -122.4466 490.0
37.7119 -122.4004 525.0
37.7313 -122.4731 675.0
37.7348 -122.4251 812.0
37.6839 -122.4521 858.0
37.6682 -122.4537 865.0
37.7773 -122.4416 866.0
37.6818 -122.4176 959.0
37.7598 -122.4764 901.0
37.6595 -122.4064 884.0
37.666 -122.4144 711.0
37.7926 -122.399 836.0
37.6998 -122.4648 488.0
37.7247 -122.4646 914.0
37.7568 -122.44 649.0
37.779 -122.4843 641.0
37.7663 -122.4907 874.0
37.7394 -122.4417 794.0
37.6648 -122.4209 766.0
37.7022 -122.4465 666.0
37.7331 -122.4055 922.0
37.7661 -122.4078 920.0
37.7538 -122.4003 913.0
37.6872 -122.403 580.0
37.7723 -122.4019 939.0
37.7575 -122.4139 547.0
37.7869 -122.468 639.0
37.6807 -122.4521 546.0
37.6776 -122.4481 860.0
37.796 -122.3971 492.0
37.6771 -122.4671 823.0
37.7293 -122.4439 898.0
37.7415 -122.4636 858.0
37.7813 -122.424 702.0
37.7995 -122.4971 482.0
37.692 -122.4753 862.0
37.7828 -122.4369 572.0
37.6659 -122.4811 898.0
37.6877 -122.4967 918.0
37.6707 -122.4903 891.0
37.7924 -122.4587 752.0
37.6934 -122.429 535.0
37.6842 -122.4099 830.0
37.7926 -122.4806 755.0
37.7262 -122.4557 568.0
37.7551 -122.4209 842.0
37.7202 -122.4664 784.0
37.679 -122.4859 785.0
37.6876 -122.4042 909.0
37.7836 -122.4196 802.0
37.7988 -122.4655 609.0
37.6684 -122.4468 773.0
37.7773 -122.4347 637.0
37.7717 -122.4183 664.0
37.7584 -122.4628 817.0
37.7662 -122.408 673.0
37.7904 -122.4604 911.0
37.661 -122.415 537.0
37.6633 -122.4847 815.0
37.6598 -122.4873 543.0
37.6513 -122.4064 490.0
37.7589 -122.4801 525.0
37.6691 -122.4957 675.0
37.7754 -122.4599 812.0
37.7465 -122.4354 858.0
37.7509 -122.4119 865.0
37.6877 -122.3938 866.0
37.6542 -122.4531 959.0
37.667 -122.3917 901.0
37.6765 -122.4686 884.0
37.7163 -122.4023 711.0
37.651 -122.4529 836.0
37.763 -122.4131 488.0
37.7087 -122.3949 914.0
37.7648 -122.4356 649.0
37.7991 -122.488 641.0
37.6783 -122.4873 874.0
37.7636 -122.4095 794.0
37.7086 -122.4273 766.0
37.7438 -122.4761 666.0
37.7253 -122.4157 922.0
37.7219 -122.4074 920.0
37.7631 -122.4383 913.0
37.6921 -122.4971 580.0
37.7099 -122.4416 939.0
37.762 -122.4218 547.0
37.6932 -122.4307 639.0
37.7299 -122.4961 546.0
37.7084 -122.4459 860.0
37.7915 -122.4996 492.0
37.7683 -122.4089 823.0
37.6835 -122.4256 898.0
37.75 -122.4113 858.0
37.6577 -122.3977 702.0
37.757 -122.4841 482.0
37.7672 -122.3934 862.0
37.7422 -122.3993 572.0
37.695 -122.4783 898.0
37.6946 -122.4862 918.0
