cabid lati longi timestamp sequence
3.0 37.6162 -122.3901 627.0 5.0
3.0 37.7554 -122.4356 685.0 6.0
3.0 37.6164 -122.3909 705.0 7.0
3.0 37.7270 -122.4005 720.0 8.0
3.0 37.7854 -122.4060 734.0 9.0
3.0 37.7513 -122.4317 749.0 10.0
3.0 37.7586 -122.4194 753.0 11.0
3.0 37.7394 -122.4439 773.0 12.0
3.0 37.7845 -122.4401 791.0 13.0
4.0 37.6285 -122.4022 603.0 1.0
4.0 37.7924 -122.3991 622.0 2.0
4.0 37.7902 -122.4007 624.0 3.0
4.0 37.7719 -122.4308 639.0 4.0
4.0 37.6396 -122.4053 692.0 5.0
4.0 37.7896 -122.3947 709.0 6.0
4.0 37.7860 -122.4016 712.0 7.0
4.0 37.7785 -122.4150 723.0 8.0
4.0 37.7876 -122.4069 872.0 9.0
4.0 37.7850 -122.4271 881.0 10.0
4.0 37.7853 -122.4050 890.0 11.0
4.0 37.7866 -122.4024 893.0 12.0
4.0 37.7965 -122.4005 899.0 13.0
4.0 37.7891 -122.4072 904.0 14.0
4.0 37.7852 -122.4366 911.0 15.0
4.0 37.7875 -122.4294 918.0 16.0
4.0 37.6179 -122.3865 944.0 17.0
4.0 37.6169 -122.3878 1013.0 18.0
5.0 37.7881 -122.4167 557.0 1.0
5.0 37.7950 -122.4301 631.0 2.0
5.0 37.7621 -122.4619 645.0 3.0
5.0 37.7740 -122.4410 658.0 4.0
5.0 37.7848 -122.4381 664.0 5.0
5.0 37.7872 -122.4098 680.0 6.0
5.0 37.7804 -122.3898 689.0 7.0
5.0 37.7875 -122.4072 697.0 8.0
5.0 37.7899 -122.4052 703.0 9.0
5.0 37.7948 -122.4005 707.0 10.0
5.0 37.7952 -122.4207 716.0 11.0
5.0 37.7915 -122.4021 746.0 12.0
5.0 37.7669 -122.4028 758.0 13.0
5.0 37.7821 -122.4093 766.0 14.0
5.0 37.7923 -122.4040 776.0 15.0
5.0 37.7887 -122.4052 784.0 16.0
5.0 37.7799 -122.4599 799.0 17.0
5.0 37.7866 -122.4521 806.0 18.0
5.0 37.7861 -122.4108 821.0 19.0
5.0 37.8016 -122.4120 860.0 20.0
5.0 37.7941 -122.4214 865.0 21.0
6.0 37.6177 -122.3861 639.0 1.0
6.0 37.7944 -122.4018 660.0 2.0
6.0 37.6153 -122.3899 769.0 3.0
6.0 37.7641 -122.4362 787.0 4.0
6.0 37.6177 -122.3859 851.0 5.0
6.0 37.7846 -122.4045 915.0 6.0
6.0 37.6152 -122.3902 998.0 7.0
1.0 37.7760 -122.4211 682.0 1.0
2.0 37.7296 -122.4032 552.0 1.0
2.0 37.8021 -122.4019 566.0 2.0
2.0 37.7917 -122.4027 587.0 3.0
2.0 37.6179 -122.3871 614.0 4.0
2.0 37.6119 -122.3955 721.0 5.0
2.0 37.4257 -122.0977 743.0 6.0
2.0 37.7894 -122.4023 815.0 7.0
2.0 37.7906 -122.4324 829.0 8.0
2.0 37.7902 -122.4207 837.0 9.0
2.0 37.7886 -122.3928 846.0 10.0
2.0 37.7766 -122.3956 972.0 11.0
2.0 37.7766 -122.3958 974.0 12.0
2.0 37.7717 -122.4019 977.0 13.0
2.0 37.7874 -122.4111 985.0 14.0
2.0 37.7995 -122.4093 991.0 15.0
2.0 37.7948 -122.4002 996.0 16.0
2.0 37.7848 -122.3899 1001.0 17.0
2.0 37.7821 -122.3925 1007.0 18.0
2.0 37.7797 -122.3949 1013.0 19.0
3.0 37.7877 -122.3998 550.0 1.0
3.0 37.7847 -122.4093 555.0 2.0
3.0 37.7860 -122.4121 559.0 3.0
3.0 37.7876 -122.4117 566.0 4.0
3.0 37.8030 -122.4021 573.0 5.0
3.0 37.7906 -122.4208 609.0 6.0
3.0 37.7864 -122.4078 617.0 7.0
3.0 37.7652 -122.4194 627.0 8.0
3.0 37.7836 -122.4082 636.0 9.0
3.0 37.7869 -122.4189 645.0 10.0
3.0 37.7773 -122.4087 653.0 11.0
3.0 37.7782 -122.4099 655.0 12.0
3.0 37.7866 -122.4052 663.0 13.0
3.0 37.7874 -122.4104 666.0 14.0
3.0 37.7839 -122.4377 671.0 15.0
3.0 37.7830 -122.4321 678.0 16.0
3.0 37.7781 -122.4279 683.0 17.0
3.0 37.7820 -122.4279 693.0 18.0
3.0 37.7799 -122.4152 698.0 19.0
3.0 37.7845 -122.4068 708.0 20.0
3.0 37.7918 -122.4072 717.0 21.0
3.0 37.7951 -122.4013 744.0 22.0
3.0 37.7901 -122.4058 751.0 23.0
3.0 37.7936 -122.4017 756.0 24.0
3.0 37.7904 -122.4225 762.0 25.0
3.0 37.8027 -122.4295 783.0 26.0
3.0 37.6179 -122.3857 810.0 27.0
3.0 37.7460 -122.3873 847.0 28.0
3.0 37.7815 -122.4654 866.0 29.0
3.0 37.7860 -122.4572 870.0 30.0
3.0 37.8025 -122.4306 887.0 31.0
3.0 37.7860 -122.4197 922.0 32.0
3.0 37.7637 -122.3977 932.0 33.0
4.0 37.6165 -122.3880 540.0 1.0
4.0 37.6426 -122.4663 554.0 2.0
lati longi low_tw
37.6535 -122.4685 891.0
37.7804 -122.4766 752.0
37.7192 -122.3903 535.0
37.7692 -122.4109 830.0
37.7806 -122.4903 755.0
37.7342 -122.3929 568.0
37.6966 -122.4222 842.0
37.7523 -122.4746 784.0
37.7132 -122.417 785.0
37.7335 -122.4527 909.0
37.7665 -122.4307 802.0
37.7782 -122.4361 609.0
37.7521 -122.4506 773.0
37.6964 -122.4178 637.0
37.6574 -122.3982 664.0
37.7362 -122.4017 817.0
37.7296 -122.4602 673.0
37.7797 -122.4243 911.0
37.7065 -122.4031 537.0
37.7996 -122.4686 815.0
37.699 -122.3972 543.0
37.7143 -122.4767 490.0
37.7985 -122.4687 525.0
37.762 -122.4054 675.0
37.6833 -122.4587 812.0
37.6624 -122.4736 858.0
37.6779 -122.4466 865.0
37.7119 -122.4004 866.0
37.7313 -122.4731 959.0
37.7348 -122.4251 901.0
37.6839 -122.4521 884.0
37.6682 -122.4537 711.0
37.7773 -122.4416 836.0
37.6818 -122.4176 488.0
37.7598 -122.4764 914.0
37.6595 -122.4064 649.0
37.666 -122.4144 641.0
37.7926 -122.399 874.0
37.6998 -122.4648 794.0
37.7247 -122.4646 766.0
37.7568 -122.44 666.0
37.779 -122.4843 922.0
37.7663 -122.4907 920.0
37.7394 -122.4417 913.0
37.6648 -122.4209 580.0
37.7022 -122.4465 939.0
37.7331 -122.4055 547.0
37.7661 -122.4078 639.0
37.7538 -122.4003 546.0
37.6872 -122.403 860.0
37.7723 -122.4019 891.0
37.7575 -122.4139 752.0
37.7869 -122.468 535.0
37.6807 -122.4521 830.0
37.6776 -122.4481 755.0
37.796 -122.3971 568.0
37.6771 -122.4671 842.0
37.7293 -122.4439 784.0
37.7415 -122.4636 785.0
37.7813 -122.424 909.0
37.7995 -122.4971 802.0
37.692 -122.4753 609.0
37.7828 -122.4369 773.0
37.6659 -122.4811 637.0
37.6877 -122.4967 664.0
37.6707 -122.4903 817.0
37.7924 -122.4587 673.0
37.6934 -122.429 911.0
37.6842 -122.4099 537.0
37.7926 -122.4806 815.0
37.7262 -122.4557 543.0
37.7551 -122.4209 490.0
37.7202 -122.4664 525.0
37.679 -122.4859 675.0
37.6876 -122.4042 812.0
37.7836 -122.4196 858.0
37.7988 -122.4655 865.0
37.6684 -122.4468 866.0
37.7773 -122.4347 959.0
37.7717 -122.4183 901.0
37.7584 -122.4628 884.0
37.7662 -122.408 711.0
37.7904 -122.4604 836.0
37.661 -122.415 488.0
37.6633 -122.4847 914.0
37.6598 -122.4873 649.0
37.6513 -122.4064 641.0
37.7589 -122.4801 874.0
37.6691 -122.4957 794.0
37.7754 -122.4599 766.0
37.7465 -122.4354 666.0
37.7509 -122.4119 922.0
37.6877 -122.3938 920.0
37.6542 -122.4531 913.0
37.667 -122.3917 580.0
37.6765 -122.4686 939.0
37.7163 -122.4023 547.0
37.651 -122.4529 639.0
37.763 -122.4131 546.0
37.7087 -122.3949 860.0
