cabid lati longi timestamp sequence
4.0 37.7872 -122.4077 778.0 11.0
4.0 37.7902 -122.4309 788.0 12.0
4.0 37.7893 -122.4155 794.0 13.0
4.0 37.7895 -122.4141 796.0 14.0
4.0 37.7822 -122.4173 799.0 15.0
4.0 37.7719 -122.4253 807.0 16.0
4.0 37.7868 -122.4509 818.0 17.0
4.0 37.7869 -122.4618 822.0 18.0
4.0 37.7975 -122.4324 834.0 19.0
4.0 37.8030 -122.4200 851.0 20.0
4.0 37.8030 -122.4201 902.0 21.0
4.0 37.7867 -122.3980 996.0 22.0
4.0 37.7906 -122.4024 1005.0 23.0
4.0 37.8069 -122.4105 1016.0 24.0
4.0 37.8035 -122.4150 1019.0 25.0
5.0 37.6161 -122.3883 609.0 1.0
5.0 37.7927 -122.4021 630.0 2.0
5.0 37.6161 -122.3883 748.0 3.0
5.0 37.7881 -122.4106 766.0 4.0
5.0 37.7846 -122.4083 777.0 5.0
5.0 37.8004 -122.4171 784.0 6.0
5.0 37.7955 -122.4034 791.0 7.0
5.0 37.7862 -122.4245 805.0 8.0
5.0 37.7843 -122.4090 811.0 9.0
5.0 37.7928 -122.4186 818.0 10.0
5.0 37.6089 -122.3902 887.0 11.0
5.0 37.5543 -122.2552 904.0 12.0
5.0 37.6149 -122.3899 957.0 13.0
5.0 37.7900 -122.4260 1005.0 14.0
5.0 37.7878 -122.4082 1014.0 15.0
6.0 37.7908 -122.4325 630.0 1.0
6.0 37.7774 -122.4552 675.0 2.0
6.0 37.7880 -122.4097 686.0 3.0
6.0 37.7708 -122.4407 719.0 4.0
6.0 37.7946 -122.3931 734.0 5.0
6.0 37.7933 -122.3933 740.0 6.0
6.0 37.7950 -122.4048 747.0 7.0
6.0 37.7656 -122.3891 840.0 8.0
6.0 37.8066 -122.4423 858.0 9.0
6.0 37.8084 -122.4100 874.0 10.0
6.0 37.7873 -122.4075 886.0 11.0
6.0 37.7866 -122.4083 887.0 12.0
6.0 37.7491 -122.4164 903.0 13.0
6.0 37.7473 -122.4138 909.0 14.0
6.0 37.7157 -122.4475 923.0 15.0
6.0 37.7250 -122.4345 930.0 16.0
6.0 37.7799 -122.4320 954.0 17.0
6.0 37.7899 -122.4056 964.0 18.0
6.0 37.7809 -122.3916 971.0 19.0
6.0 37.7764 -122.3958 979.0 20.0
6.0 37.7551 -122.4254 998.0 21.0
6.0 37.7587 -122.4212 1002.0 22.0
6.0 37.7733 -122.4215 1009.0 23.0
6.0 37.7752 -122.4192 1010.0 24.0
6.0 37.7730 -122.4323 1019.0 25.0
1.0 37.7899 -122.3994 552.0 1.0
1.0 37.7874 -122.4083 582.0 2.0
1.0 37.7934 -122.3981 591.0 3.0
1.0 37.8006 -122.4373 620.0 4.0
1.0 37.7893 -122.4019 633.0 5.0
1.0 37.7905 -122.3977 636.0 6.0
1.0 37.7838 -122.3992 642.0 7.0
1.0 37.7874 -122.4082 655.0 8.0
1.0 37.7924 -122.4108 659.0 9.0
1.0 37.7869 -122.4093 665.0 10.0
1.0 37.7751 -122.4039 673.0 11.0
1.0 37.7932 -122.4208 687.0 12.0
1.0 37.7932 -122.4139 690.0 13.0
1.0 37.7679 -122.4290 713.0 14.0
1.0 37.7668 -122.3999 725.0 15.0
1.0 37.7626 -122.3961 732.0 16.0
1.0 37.7514 -122.3943 739.0 17.0
1.0 37.6152 -122.3902 785.0 18.0
1.0 37.7851 -122.4005 800.0 19.0
1.0 37.6161 -122.3883 821.0 20.0
1.0 37.6583 -122.4848 842.0 21.0
1.0 37.6153 -122.3902 857.0 22.0
1.0 37.5313 -122.2650 878.0 23.0
1.0 37.7560 -122.4052 920.0 24.0
1.0 37.7523 -122.4183 926.0 25.0
1.0 37.7523 -122.4187 931.0 26.0
1.0 37.7483 -122.4203 933.0 27.0
2.0 37.6150 -122.3924 633.0 1.0
2.0 37.7918 -122.4105 654.0 2.0
2.0 37.7904 -122.4207 668.0 3.0
2.0 37.7871 -122.4487 675.0 4.0
2.0 37.7886 -122.4501 678.0 5.0
2.0 37.7840 -122.4079 693.0 6.0
2.0 37.7922 -122.4083 713.0 7.0
2.0 37.8062 -122.4240 724.0 8.0
2.0 37.7939 -122.4313 736.0 9.0
2.0 37.7944 -122.4019 750.0 10.0
2.0 37.7921 -122.4069 755.0 11.0
2.0 37.7998 -122.4157 760.0 12.0
2.0 37.7899 -122.4257 768.0 13.0
2.0 37.7955 -122.3990 788.0 14.0
2.0 37.7946 -122.3995 790.0 15.0
2.0 37.7879 -122.4014 797.0 16.0
2.0 37.7873 -122.4004 798.0 17.0
2.0 37.7740 -122.3990 805.0 18.0
2.0 37.7740 -122.3990 809.0 19.0
2.0 37.7884 -122.4087 817.0 20.0
2.0 37.7892 -122.4088 818.0 21.0
2.0 37.7998 -122.4375 827.0 22.0
2.0 37.7970 -122.4364 838.0 23.0
2.0 37.7875 -122.4404 843.0 24.0
2.0 37.7733 -122.4376 849.0 25.0
2.0 37.7791 -122.4519 911.0 26.0
2.0 37.8083 -122.4099 927.0 27.0
2.0 37.8066 -122.4206 931.0 28.0
lati longi low_tw
37.7816 -122.4069 530.0
37.7467 -122.4128 811.0
37.7009 -122.3936 541.0
37.741 -122.4877 786.0
37.78 -122.4599 907.0
37.6609 -122.4979 892.0
37.7229 -122.4286 657.0
37.7965 -122.4442 585.0
37.7057 -122.4131 935.0
37.751 -122.4381 859.0
37.6576 -122.458 666.0
37.6947 -122.4219 572.0
37.6861 -122.4902 760.0
37.654 -122.4027 882.0
37.6817 -122.4714 580.0
37.7953 -122.4372 758.0
37.7662 -122.4672 915.0
37.7428 -122.4953 782.0
37.7336 -122.4563 733.0
37.6872 -122.4967 942.0
37.6755 -122.4504 748.0
37.708 -122.4042 509.0
37.7622 -122.4382 727.0
37.7486 -122.4395 562.0
37.6722 -122.3941 641.0
37.7991 -122.4563 618.0
37.7417 -122.4275 939.0
37.7378 -122.4325 873.0
37.7687 -122.4875 871.0
37.6586 -122.4366 733.0
37.6703 -122.4677 530.0
37.7968 -122.4504 811.0
37.6921 -122.466 541.0
37.7271 -122.3951 786.0
37.7362 -122.3931 907.0
37.7173 -122.3972 892.0
37.6523 -122.4204 657.0
37.6686 -122.467 585.0
37.7277 -122.3977 935.0
37.6915 -122.4139 859.0
37.7907 -122.4006 666.0
37.749 -122.4205 572.0
37.7463 -122.4163 760.0
37.6822 -122.4515 882.0
37.7583 -122.4594 580.0
37.7049 -122.4679 758.0
37.7384 -122.4249 915.0
37.7492 -122.4787 782.0
37.7571 -122.4116 733.0
37.6759 -122.4031 942.0
37.6985 -122.4167 748.0
37.6846 -122.4902 509.0
37.6574 -122.4175 727.0
37.6864 -122.4789 562.0
37.742 -122.4773 641.0
37.6718 -122.4781 618.0
37.7001 -122.4451 939.0
37.7698 -122.4482 873.0
37.743 -122.3906 871.0
37.781 -122.4188 733.0
