cabid lati longi timestamp sequence
1.0 37.6162 -122.3883 545.0 1.0
1.0 37.7864 -122.4046 565.0 2.0
1.0 37.7716 -122.3987 586.0 3.0
1.0 37.7858 -122.4382 604.0 4.0
1.0 37.7830 -122.4275 613.0 5.0
1.0 37.7834 -122.4406 616.0 6.0
1.0 37.7816 -122.4462 630.0 7.0
1.0 37.7814 -122.4461 631.0 8.0
1.0 37.7850 -122.4420 638.0 9.0
1.0 37.7810 -122.4638 645.0 10.0
1.0 37.7215 -122.4562 667.0 11.0
1.0 37.7235 -122.4562 675.0 12.0
1.0 37.7544 -122.5023 690.0 13.0
1.0 37.7729 -122.4799 705.0 14.0
1.0 37.7875 -122.4058 723.0 15.0
1.0 37.7924 -122.3951 760.0 16.0
1.0 37.7794 -122.4185 767.0 17.0
1.0 37.7792 -122.4184 768.0 18.0
1.0 37.7902 -122.4036 776.0 19.0
1.0 37.7917 -122.3984 830.0 20.0
1.0 37.7895 -122.4082 838.0 21.0
1.0 37.7979 -122.4144 845.0 22.0
1.0 37.7992 -122.4088 851.0 23.0
1.0 37.8014 -122.4022 854.0 24.0
2.0 37.7760 -122.4211 682.0 1.0
2.0 37.8082 -122.4161 698.0 2.0
2.0 37.7996 -122.4093 702.0 3.0
2.0 37.7863 -122.4130 709.0 4.0
2.0 37.7934 -122.3988 724.0 5.0
2.0 37.7887 -122.4101 729.0 6.0
2.0 37.6793 -122.3884 770.0 7.0
2.0 37.7952 -122.4049 787.0 8.0
2.0 37.7955 -122.4033 788.0 9.0
2.0 37.7836 -122.4406 801.0 10.0
2.0 37.7795 -122.4320 806.0 11.0
2.0 37.7255 -122.4341 825.0 12.0
2.0 37.6507 -122.4068 862.0 13.0
2.0 37.7947 -122.4006 878.0 14.0
2.0 37.6019 -122.3795 937.0 15.0
2.0 37.6004 -122.3840 954.0 16.0
2.0 37.6039 -122.3825 970.0 17.0
3.0 37.7296 -122.4032 552.0 1.0
3.0 37.8021 -122.4019 566.0 2.0
3.0 37.7917 -122.4027 587.0 3.0
3.0 37.6179 -122.3871 614.0 4.0
3.0 37.6119 -122.3955 721.0 5.0
3.0 37.4257 -122.0977 743.0 6.0
3.0 37.7894 -122.4023 815.0 7.0
3.0 37.7906 -122.4324 829.0 8.0
3.0 37.7902 -122.4207 837.0 9.0
3.0 37.7886 -122.3928 846.0 10.0
3.0 37.7766 -122.3956 972.0 11.0
3.0 37.7766 -122.3958 974.0 12.0
3.0 37.7717 -122.4019 977.0 13.0
3.0 37.7874 -122.4111 985.0 14.0
3.0 37.7995 -122.4093 991.0 15.0
3.0 37.7948 -122.4002 996.0 16.0
3.0 37.7848 -122.3899 1001.0 17.0
3.0 37.7821 -122.3925 1007.0 18.0
3.0 37.7797 -122.3949 1013.0 19.0
4.0 37.7877 -122.3998 550.0 1.0
4.0 37.7847 -122.4093 555.0 2.0
4.0 37.7860 -122.4121 559.0 3.0
4.0 37.7876 -122.4117 566.0 4.0
4.0 37.8030 -122.4021 573.0 5.0
4.0 37.7906 -122.4208 609.0 6.0
4.0 37.7864 -122.4078 617.0 7.0
4.0 37.7652 -122.4194 627.0 8.0
4.0 37.7836 -122.4082 636.0 9.0
4.0 37.7869 -122.4189 645.0 10.0
4.0 37.7773 -122.4087 653.0 11.0
4.0 37.7782 -122.4099 655.0 12.0
4.0 37.7866 -122.4052 663.0 13.0
4.0 37.7874 -122.4104 666.0 14.0
4.0 37.7839 -122.4377 671.0 15.0
4.0 37.7830 -122.4321 678.0 16.0
4.0 37.7781 -122.4279 683.0 17.0
4.0 37.7820 -122.4279 693.0 18.0
4.0 37.7799 -122.4152 698.0 19.0
4.0 37.7845 -122.4068 708.0 20.0
4.0 37.7918 -122.4072 717.0 21.0
4.0 37.7951 -122.4013 744.0 22.0
4.0 37.7901 -122.4058 751.0 23.0
4.0 37.7936 -122.4017 756.0 24.0
4.0 37.7904 -122.4225 762.0 25.0
4.0 37.8027 -122.4295 783.0 26.0
4.0 37.6179 -122.3857 810.0 27.0
4.0 37.7460 -122.3873 847.0 28.0
4.0 37.7815 -122.4654 866.0 29.0
4.0 37.7860 -122.4572 870.0 30.0
4.0 37.8025 -122.4306 887.0 31.0
4.0 37.7860 -122.4197 922.0 32.0
4.0 37.7637 -122.3977 932.0 33.0
5.0 37.6165 -122.3880 540.0 1.0
5.0 37.6426 -122.4663 554.0 2.0
5.0 37.6165 -122.3879 598.0 3.0
5.0 37.7902 -122.4032 617.0 4.0
5.0 37.6160 -122.3883 734.0 5.0
5.0 37.5076 -122.2514 748.0 6.0
5.0 37.6154 -122.3902 776.0 7.0
5.0 37.8033 -122.4104 802.0 8.0
5.0 37.8084 -122.4101 811.0 9.0
5.0 37.7850 -122.4349 827.0 10.0
5.0 37.7843 -122.4402 833.0 11.0
5.0 37.7797 -122.4385 841.0 12.0
5.0 37.7849 -122.4207 848.0 13.0
5.0 37.7918 -122.3942 863.0 14.0
5.0 37.7398 -122.4240 914.0 15.0
5.0 37.7409 -122.4229 915.0 16.0
5.0 37.7608 -122.4259 925.0 17.0
5.0 37.7866 -122.3978 937.0 18.0
5.0 37.7899 -122.4052 941.0 19.0
5.0 37.6177 -122.3872 971.0 20.0
5.0 37.7112 -122.3920 988.0 21.0
5.0 37.8064 -122.4151 1013.0 22.0
6.0 37.6657 -122.3854 724.0 1.0
6.0 37.6648 -122.3855 725.0 2.0
6.0 37.6611 -122.4031 746.0 3.0
6.0 37.7859 -122.4019 759.0 4.0
6.0 37.7857 -122.4096 778.0 5.0
6.0 37.8082 -122.4166 790.0 6.0
6.0 37.7943 -122.4034 797.0 7.0
6.0 37.7893 -122.3917 807.0 8.0
6.0 37.7858 -122.4098 833.0 9.0
6.0 37.7853 -122.3982 840.0 10.0
6.0 37.7875 -122.4032 844.0 11.0
6.0 37.7687 -122.4131 854.0 12.0
6.0 37.7963 -122.4122 866.0 13.0
6.0 37.7855 -122.4096 887.0 14.0
6.0 37.6878 -122.3903 914.0 15.0
lati longi low_tw
37.7957 -122.47 624.0
37.7583 -122.4451 860.0
37.6608 -122.4832 913.0
37.7274 -122.4193 912.0
37.6843 -122.4903 588.0
37.7873 -122.4231 933.0
37.7367 -122.4936 619.0
37.7071 -122.4768 574.0
37.672 -122.4569 597.0
37.7074 -122.466 717.0
37.685 -122.4273 531.0
37.6649 -122.4963 908.0
37.7036 -122.4581 628.0
37.7265 -122.4148 618.0
37.7431 -122.4198 590.0
37.6557 -122.4653 551.0
37.654 -122.4289 535.0
37.6872 -122.4483 738.0
37.6628 -122.4691 556.0
37.7398 -122.4675 595.0
37.7413 -122.4335 685.0
37.753 -122.4103 507.0
37.7601 -122.462 900.0
37.6613 -122.4596 601.0
37.7402 -122.4563 483.0
37.7835 -122.4606 821.0
37.7809 -122.4042 918.0
37.7632 -122.4482 830.0
37.6629 -122.4313 645.0
37.6723 -122.4466 717.0
37.7161 -122.4494 680.0
37.6579 -122.4945 693.0
37.6697 -122.4825 520.0
37.7133 -122.4993 590.0
37.7779 -122.4689 501.0
37.6522 -122.4789 770.0
37.6575 -122.4824 829.0
37.7643 -122.43 520.0
37.7913 -122.4105 844.0
37.7827 -122.4524 716.0
37.7478 -122.4906 820.0
37.7372 -122.4292 732.0
37.762 -122.4872 883.0
37.727 -122.456 952.0
37.7672 -122.4433 548.0
37.6571 -122.4954 515.0
37.6604 -122.4807 808.0
37.7147 -122.4045 854.0
37.7665 -122.4838 720.0
37.7791 -122.4273 774.0
37.654 -122.3978 514.0
37.7649 -122.4099 528.0
37.7938 -122.4517 817.0
37.7567 -122.395 864.0
37.7645 -122.4573 683.0
37.7472 -122.3959 650.0
37.7633 -122.4381 840.0
37.7398 -122.423 808.0
37.7789 -122.4087 833.0
37.6904 -122.4239 868.0
37.7197 -122.4105 692.0
37.6768 -122.4956 928.0
37.7385 -122.4371 905.0
37.6896 -122.4338 642.0
37.7711 -122.4613 921.0
37.6941 -122.3985 604.0
37.7746 -122.4502 859.0
37.6529 -122.4327 743.0
37.6897 -122.4026 830.0
37.7279 -122.4446 820.0
37.7319 -122.4644 562.0
37.772 -122.4696 533.0
37.7336 -122.3986 894.0
37.6617 -122.4548 873.0
37.7778 -122.4759 899.0
37.6715 -122.4638 896.0
37.7114 -122.4316 956.0
37.7641 -122.3921 609.0
37.7121 -122.4771 622.0
37.766 -122.4696 514.0
37.7853 -122.4565 624.0
37.7165 -122.4481 860.0
37.7814 -122.4161 913.0
37.6859 -122.4007 912.0
37.7879 -122.4281 588.0
37.7795 -122.4669 933.0
37.7644 -122.4516 619.0
37.674 -122.4176 574.0
37.6987 -122.4067 597.0
37.7234 -122.4922 717.0
37.7288 -122.4894 531.0
37.7815 -122.4782 908.0
37.7436 -122.4956 628.0
37.7633 -122.414 618.0
37.6977 -122.3949 590.0
37.7233 -122.4365 551.0
37.6963 -122.499 535.0
37.7594 -122.3948 738.0
37.7305 -122.4018 556.0
37.6567 -122.4184 595.0
37.7501 -122.4375 685.0
37.7257 -122.4182 507.0
37.7894 -122.4192 900.0
37.6921 -122.4785 601.0
37.7445 -122.4717 483.0
37.6899 -122.4977 821.0
37.7683 -122.43 918.0
37.7903 -122.4228 830.0
37.7974 -122.4203 645.0
37.6914 -122.4229 717.0
37.6941 -122.4947 680.0
37.7967 -122.4467 693.0
37.7385 -122.4376 520.0
37.7136 -122.469 590.0
37.7992 -122.4237 501.0
37.6705 -122.3945 770.0
37.6533 -122.4683 829.0
37.6909 -122.4998 520.0
37.7439 -122.4541 844.0
37.6911 -122.4975 716.0
37.7251 -122.4776 820.0
37.7962 -122.4792 732.0
37.7624 -122.4081 883.0
37.7576 -122.4486 952.0
37.7226 -122.4742 548.0
37.7814 -122.4169 515.0
37.6527 -122.4089 808.0
37.6596 -122.4693 854.0
37.661 -122.4637 720.0
37.7737 -122.4589 774.0
37.7846 -122.4915 514.0
37.7669 -122.4528 528.0
37.7037 -122.472 817.0
37.7235 -122.4561 864.0
37.7676 -122.4359 683.0
37.6801 -122.4746 650.0
37.6656 -122.4531 840.0
37.7402 -122.4966 808.0
37.7697 -122.4767 833.0
37.7118 -122.4018 868.0
37.7208 -122.4096 692.0
37.7355 -122.456 928.0
37.6784 -122.4699 905.0
37.7209 -122.4831 642.0
37.6962 -122.4241 921.0
37.6718 -122.4877 604.0
37.7415 -122.4425 859.0
37.7268 -122.4654 743.0
37.7075 -122.4684 830.0
37.7365 -122.48 820.0
37.7928 -122.4105 562.0
37.6726 -122.4993 533.0
37.7065 -122.4973 894.0
37.6577 -122.3939 873.0
37.651 -122.4761 899.0
37.7029 -122.4781 896.0
37.7404 -122.4595 956.0
37.7426 -122.444 609.0
37.6734 -122.4935 622.0
37.7591 -122.4538 514.0
