cabid lati longi timestamp sequence
1.0 37.6162 -122.3883 545.0 1.0
1.0 37.7864 -122.4046 565.0 2.0
1.0 37.7716 -122.3987 586.0 3.0
1.0 37.7858 -122.4382 604.0 4.0
1.0 37.7830 -122.4275 613.0 5.0
1.0 37.7834 -122.4406 616.0 6.0
1.0 37.7816 -122.4462 630.0 7.0
1.0 37.7814 -122.4461 631.0 8.0
1.0 37.7850 -122.4420 638.0 9.0
1.0 37.7810 -122.4638 645.0 10.0
1.0 37.7215 -122.4562 667.0 11.0
1.0 37.7235 -122.4562 675.0 12.0
1.0 37.7544 -122.5023 690.0 13.0
1.0 37.7729 -122.4799 705.0 14.0
1.0 37.7875 -122.4058 723.0 15.0
1.0 37.7924 -122.3951 760.0 16.0
1.0 37.7794 -122.4185 767.0 17.0
1.0 37.7792 -122.4184 768.0 18.0
1.0 37.7902 -122.4036 776.0 19.0
1.0 37.7917 -122.3984 830.0 20.0
1.0 37.7895 -122.4082 838.0 21.0
1.0 37.7979 -122.4144 845.0 22.0
1.0 37.7992 -122.4088 851.0 23.0
1.0 37.8014 -122.4022 854.0 24.0
2.0 37.7760 -122.4211 682.0 1.0
2.0 37.8082 -122.4161 698.0 2.0
2.0 37.7996 -122.4093 702.0 3.0
2.0 37.7863 -122.4130 709.0 4.0
2.0 37.7934 -122.3988 724.0 5.0
2.0 37.7887 -122.4101 729.0 6.0
2.0 37.6793 -122.3884 770.0 7.0
2.0 37.7952 -122.4049 787.0 8.0
2.0 37.7955 -122.4033 788.0 9.0
2.0 37.7836 -122.4406 801.0 10.0
2.0 37.7795 -122.4320 806.0 11.0
2.0 37.7255 -122.4341 825.0 12.0
2.0 37.6507 -122.4068 862.0 13.0
2.0 37.7947 -122.4006 878.0 14.0
2.0 37.6019 -122.3795 937.0 15.0
2.0 37.6004 -122.3840 954.0 16.0
2.0 37.6039 -122.3825 970.0 17.0
3.0 37.7296 -122.4032 552.0 1.0
3.0 37.8021 -122.4019 566.0 2.0
3.0 37.7917 -122.4027 587.0 3.0
3.0 37.6179 -122.3871 614.0 4.0
3.0 37.6119 -122.3955 721.0 5.0
3.0 37.4257 -122.0977 743.0 6.0
3.0 37.7894 -122.4023 815.0 7.0
3.0 37.7906 -122.4324 829.0 8.0
3.0 37.7902 -122.4207 837.0 9.0
3.0 37.7886 -122.3928 846.0 10.0
3.0 37.7766 -122.3956 972.0 11.0
3.0 37.7766 -122.3958 974.0 12.0
3.0 37.7717 -122.4019 977.0 13.0
3.0 37.7874 -122.4111 985.0 14.0
3.0 37.7995 -122.4093 991.0 15.0
3.0 37.7948 -122.4002 996.0 16.0
3.0 37.7848 -122.3899 1001.0 17.0
3.0 37.7821 -122.3925 1007.0 18.0
3.0 37.7797 -122.3949 1013.0 19.0
4.0 37.7877 -122.3998 550.0 1.0
4.0 37.7847 -122.4093 555.0 2.0
4.0 37.7860 -122.4121 559.0 3.0
4.0 37.7876 -122.4117 566.0 4.0
4.0 37.8030 -122.4021 573.0 5.0
4.0 37.7906 -122.4208 609.0 6.0
4.0 37.7864 -122.4078 617.0 7.0
4.0 37.7652 -122.4194 627.0 8.0
4.0 37.7836 -122.4082 636.0 9.0
4.0 37.7869 -122.4189 645.0 10.0
4.0 37.7773 -122.4087 653.0 11.0
4.0 37.7782 -122.4099 655.0 12.0
4.0 37.7866 -122.4052 663.0 13.0
4.0 37.7874 -122.4104 666.0 14.0
4.0 37.7839 -122.4377 671.0 15.0
4.0 37.7830 -122.4321 678.0 16.0
4.0 37.7781 -122.4279 683.0 17.0
4.0 37.7820 -122.4279 693.0 18.0
4.0 37.7799 -122.4152 698.0 19.0
4.0 37.7845 -122.4068 708.0 20.0
4.0 37.7918 -122.4072 717.0 21.0
4.0 37.7951 -122.4013 744.0 22.0
4.0 37.7901 -122.4058 751.0 23.0
4.0 37.7936 -122.4017 756.0 24.0
4.0 37.7904 -122.4225 762.0 25.0
4.0 37.8027 -122.4295 783.0 26.0
4.0 37.6179 -122.3857 810.0 27.0
4.0 37.7460 -122.3873 847.0 28.0
4.0 37.7815 -122.4654 866.0 29.0
4.0 37.7860 -122.4572 870.0 30.0
4.0 37.8025 -122.4306 887.0 31.0
4.0 37.7860 -122.4197 922.0 32.0
4.0 37.7637 -122.3977 932.0 33.0
5.0 37.6165 -122.3880 540.0 1.0
5.0 37.6426 -122.4663 554.0 2.0
5.0 37.6165 -122.3879 598.0 3.0
5.0 37.7902 -122.4032 617.0 4.0
5.0 37.6160 -122.3883 734.0 5.0
5.0 37.5076 -122.2514 748.0 6.0
5.0 37.6154 -122.3902 776.0 7.0
5.0 37.8033 -122.4104 802.0 8.0
5.0 37.8084 -122.4101 811.0 9.0
5.0 37.7850 -122.4349 827.0 10.0
5.0 37.7843 -122.4402 833.0 11.0
5.0 37.7797 -122.4385 841.0 12.0
5.0 37.7849 -122.4207 848.0 13.0
5.0 37.7918 -122.3942 863.0 14.0
5.0 37.7398 -122.4240 914.0 15.0
5.0 37.7409 -122.4229 915.0 16.0
5.0 37.7608 -122.4259 925.0 17.0
5.0 37.7866 -122.3978 937.0 18.0
5.0 37.7899 -122.4052 941.0 19.0
5.0 37.6177 -122.3872 971.0 20.0
5.0 37.7112 -122.3920 988.0 21.0
5.0 37.8064 -122.4151 1013.0 22.0
6.0 37.6657 -122.3854 724.0 1.0
6.0 37.6648 -122.3855 725.0 2.0
6.0 37.6611 -122.4031 746.0 3.0
6.0 37.7859 -122.4019 759.0 4.0
6.0 37.7857 -122.4096 778.0 5.0
6.0 37.8082 -122.4166 790.0 6.0
6.0 37.7943 -122.4034 797.0 7.0
6.0 37.7893 -122.3917 807.0 8.0
6.0 37.7858 -122.4098 833.0 9.0
6.0 37.7853 -122.3982 840.0 10.0
6.0 37.7875 -122.4032 844.0 11.0
6.0 37.7687 -122.4131 854.0 12.0
6.0 37.7963 -122.4122 866.0 13.0
6.0 37.7855 -122.4096 887.0 14.0
6.0 37.6878 -122.3903 914.0 15.0
lati longi low_tw
37.7025 -122.4888 801.0
37.7949 -122.452 767.0
37.7268 -122.3924 656.0
37.7103 -122.3996 939.0
37.7185 -122.4565 553.0
37.6961 -122.4103 529.0
37.7338 -122.3914 556.0
37.7475 -122.4824 855.0
37.6795 -122.478 822.0
37.6907 -122.4398 656.0
37.6545 -122.4384 768.0
37.684 -122.4629 960.0
37.7859 -122.4978 890.0
37.7404 -122.4363 938.0
37.7934 -122.4856 523.0
37.712 -122.4315 922.0
37.7515 -122.4884 854.0
37.7874 -122.4248 879.0
37.7558 -122.4818 586.0
37.722 -122.4087 846.0
37.7438 -122.4356 714.0
37.7232 -122.4006 615.0
37.7546 -122.475 576.0
37.7094 -122.4782 527.0
37.6986 -122.3972 769.0
37.7519 -122.4978 558.0
37.7701 -122.4245 643.0
37.6567 -122.4263 628.0
37.7595 -122.4242 937.0
37.6893 -122.4606 619.0
37.7669 -122.4423 801.0
37.7349 -122.4426 767.0
37.6594 -122.413 656.0
37.6782 -122.4579 939.0
37.7715 -122.4148 553.0
37.7886 -122.427 529.0
37.784 -122.4951 556.0
37.7011 -122.4445 855.0
37.7679 -122.4817 822.0
37.799 -122.4223 656.0
37.7856 -122.4668 768.0
37.7259 -122.3904 960.0
37.7321 -122.4078 890.0
37.7569 -122.4811 938.0
37.7594 -122.4447 523.0
37.7458 -122.4218 922.0
37.7216 -122.4996 854.0
37.7067 -122.419 879.0
37.6767 -122.424 586.0
37.7125 -122.4768 846.0
37.7422 -122.4342 714.0
37.7554 -122.4033 615.0
37.7765 -122.4724 576.0
37.7637 -122.4785 527.0
37.6841 -122.4625 769.0
37.7321 -122.4819 558.0
37.7249 -122.4154 643.0
37.7671 -122.3904 628.0
37.6761 -122.3979 937.0
37.7481 -122.4619 619.0
