cabid lati longi timestamp sequence
1.0 37.6132 -122.3842 616.0 1.0
1.0 37.7449 -122.4400 642.0 2.0
1.0 37.7882 -122.4034 662.0 3.0
1.0 37.7910 -122.3994 664.0 4.0
1.0 37.6150 -122.3851 683.0 5.0
1.0 37.6172 -122.3875 773.0 6.0
1.0 37.7831 -122.4178 790.0 7.0
1.0 37.7873 -122.4168 794.0 8.0
1.0 37.7764 -122.4179 799.0 9.0
1.0 37.7882 -122.4030 811.0 10.0
2.0 37.7767 -122.3955 542.0 1.0
2.0 37.7923 -122.4061 552.0 2.0
2.0 37.7610 -122.4306 586.0 3.0
2.0 37.7882 -122.4166 601.0 4.0
2.0 37.7926 -122.4335 615.0 5.0
2.0 37.7576 -122.4189 625.0 6.0
2.0 37.7624 -122.4351 638.0 7.0
2.0 37.7945 -122.4029 654.0 8.0
2.0 37.7929 -122.4009 656.0 9.0
2.0 37.7890 -122.4117 661.0 10.0
2.0 37.7848 -122.4001 694.0 11.0
2.0 37.7742 -122.4294 700.0 12.0
2.0 37.7738 -122.4396 710.0 13.0
2.0 37.8057 -122.4130 727.0 14.0
2.0 37.8054 -122.4119 728.0 15.0
2.0 37.7968 -122.4049 734.0 16.0
2.0 37.7930 -122.3928 760.0 17.0
2.0 37.6548 -122.3817 779.0 18.0
2.0 37.7900 -122.4040 823.0 19.0
2.0 37.7855 -122.4380 832.0 20.0
2.0 37.7912 -122.4020 875.0 21.0
2.0 37.7802 -122.3899 881.0 22.0
2.0 37.7484 -122.3968 916.0 23.0
2.0 37.7484 -122.3968 918.0 24.0
2.0 37.7036 -122.3941 937.0 25.0
3.0 37.6161 -122.3842 541.0 1.0
3.0 37.6152 -122.3901 664.0 2.0
3.0 37.6142 -122.3945 691.0 3.0
3.0 37.6152 -122.3902 701.0 4.0
3.0 37.7949 -122.4005 728.0 5.0
3.0 37.8010 -122.4047 747.0 6.0
3.0 37.7921 -122.4075 754.0 7.0
3.0 37.7916 -122.4106 760.0 8.0
3.0 37.7926 -122.3976 766.0 9.0
3.0 37.7914 -122.3917 772.0 10.0
3.0 37.7872 -122.4077 778.0 11.0
3.0 37.7902 -122.4309 788.0 12.0
3.0 37.7893 -122.4155 794.0 13.0
3.0 37.7895 -122.4141 796.0 14.0
3.0 37.7822 -122.4173 799.0 15.0
3.0 37.7719 -122.4253 807.0 16.0
3.0 37.7868 -122.4509 818.0 17.0
3.0 37.7869 -122.4618 822.0 18.0
3.0 37.7975 -122.4324 834.0 19.0
3.0 37.8030 -122.4200 851.0 20.0
3.0 37.8030 -122.4201 902.0 21.0
3.0 37.7867 -122.3980 996.0 22.0
3.0 37.7906 -122.4024 1005.0 23.0
3.0 37.8069 -122.4105 1016.0 24.0
3.0 37.8035 -122.4150 1019.0 25.0
4.0 37.6161 -122.3883 609.0 1.0
4.0 37.7927 -122.4021 630.0 2.0
4.0 37.6161 -122.3883 748.0 3.0
4.0 37.7881 -122.4106 766.0 4.0
4.0 37.7846 -122.4083 777.0 5.0
4.0 37.8004 -122.4171 784.0 6.0
4.0 37.7955 -122.4034 791.0 7.0
4.0 37.7862 -122.4245 805.0 8.0
4.0 37.7843 -122.4090 811.0 9.0
4.0 37.7928 -122.4186 818.0 10.0
4.0 37.6089 -122.3902 887.0 11.0
4.0 37.5543 -122.2552 904.0 12.0
4.0 37.6149 -122.3899 957.0 13.0
4.0 37.7900 -122.4260 1005.0 14.0
4.0 37.7878 -122.4082 1014.0 15.0
5.0 37.7697 -122.4488 546.0 1.0
5.0 37.7778 -122.4093 556.0 2.0
5.0 37.7753 -122.4193 561.0 3.0
5.0 37.7607 -122.4371 568.0 4.0
5.0 37.7697 -122.4498 575.0 5.0
5.0 37.8000 -122.4075 592.0 6.0
5.0 37.7864 -122.4549 622.0 7.0
5.0 37.7908 -122.4325 630.0 8.0
5.0 37.7774 -122.4552 675.0 9.0
5.0 37.7880 -122.4097 686.0 10.0
5.0 37.7708 -122.4407 719.0 11.0
5.0 37.7946 -122.3931 734.0 12.0
5.0 37.7933 -122.3933 740.0 13.0
5.0 37.7950 -122.4048 747.0 14.0
5.0 37.7656 -122.3891 840.0 15.0
5.0 37.8066 -122.4423 858.0 16.0
5.0 37.8084 -122.4100 874.0 17.0
5.0 37.7873 -122.4075 886.0 18.0
5.0 37.7866 -122.4083 887.0 19.0
5.0 37.7491 -122.4164 903.0 20.0
5.0 37.7473 -122.4138 909.0 21.0
5.0 37.7157 -122.4475 923.0 22.0
5.0 37.7250 -122.4345 930.0 23.0
5.0 37.7799 -122.4320 954.0 24.0
5.0 37.7899 -122.4056 964.0 25.0
5.0 37.7809 -122.3916 971.0 26.0
5.0 37.7764 -122.3958 979.0 27.0
5.0 37.7551 -122.4254 998.0 28.0
5.0 37.7587 -122.4212 1002.0 29.0
5.0 37.7733 -122.4215 1009.0 30.0
5.0 37.7752 -122.4192 1010.0 31.0
5.0 37.7730 -122.4323 1019.0 32.0
6.0 37.7157 -122.4023 693.0 1.0
6.0 37.7283 -122.3998 699.0 2.0
6.0 37.7182 -122.4645 709.0 3.0
6.0 37.7441 -122.4536 727.0 4.0
6.0 37.7632 -122.4076 741.0 5.0
6.0 37.7482 -122.4064 757.0 6.0
6.0 37.7711 -122.4030 766.0 7.0
6.0 37.7632 -122.4076 772.0 8.0
6.0 37.7451 -122.4527 784.0 9.0
6.0 37.7264 -122.4237 808.0 10.0
6.0 37.7256 -122.4235 834.0 11.0
6.0 37.7287 -122.4311 838.0 12.0
6.0 37.7473 -122.4210 860.0 13.0
6.0 37.7479 -122.4209 862.0 14.0
6.0 37.6736 -122.4802 880.0 15.0
6.0 37.7171 -122.4602 903.0 16.0
6.0 37.6179 -122.3874 921.0 17.0
6.0 37.7873 -122.4022 978.0 18.0
6.0 37.7983 -122.4167 988.0 19.0
6.0 37.7883 -122.4017 1002.0 20.0
6.0 37.7867 -122.4115 1008.0 21.0
6.0 37.7867 -122.4115 1009.0 22.0
6.0 37.7856 -122.4072 1011.0 23.0
lati longi low_tw
37.7031 -122.4599 853.0
37.7377 -122.3976 680.0
37.6682 -122.4697 943.0
37.7823 -122.4026 675.0
37.7862 -122.4508 806.0
37.7053 -122.4786 529.0
37.7927 -122.3992 541.0
37.6839 -122.4889 481.0
37.715 -122.4385 738.0
37.7091 -122.4582 792.0
37.7929 -122.493 506.0
37.7205 -122.3945 840.0
37.7135 -122.4128 850.0
37.733 -122.4971 852.0
37.7419 -122.4386 713.0
37.7655 -122.4125 749.0
37.7098 -122.4139 746.0
37.7642 -122.4928 619.0
37.6701 -122.4441 492.0
37.7004 -122.4854 693.0
37.7153 -122.3924 749.0
37.6877 -122.4319 849.0
37.6857 -122.4423 670.0
37.697 -122.4685 702.0
37.7667 -122.4039 666.0
37.798 -122.3944 735.0
37.6938 -122.4035 798.0
37.6645 -122.4919 868.0
37.7205 -122.4693 648.0
37.7629 -122.4669 674.0
37.6546 -122.4501 597.0
37.7949 -122.4919 702.0
37.6922 -122.4461 922.0
37.7156 -122.4256 807.0
37.779 -122.4384 547.0
37.6666 -122.4392 875.0
37.765 -122.4796 512.0
37.6922 -122.4633 586.0
37.763 -122.4668 620.0
37.7727 -122.4749 527.0
37.6795 -122.4933 830.0
37.7545 -122.4824 657.0
37.6967 -122.4838 658.0
37.6658 -122.4953 609.0
37.7713 -122.4482 656.0
37.663 -122.4787 939.0
37.7377 -122.4349 697.0
37.7519 -122.399 910.0
37.7977 -122.4001 692.0
37.7915 -122.46 902.0
37.6967 -122.4794 669.0
37.6967 -122.4427 535.0
37.6678 -122.4743 554.0
37.6867 -122.4458 727.0
37.7158 -122.4455 563.0
37.7863 -122.4147 597.0
37.7312 -122.4515 818.0
37.6644 -122.4695 624.0
37.7216 -122.3987 575.0
37.7118 -122.4391 950.0
37.7101 -122.4465 853.0
37.6791 -122.4346 680.0
37.7348 -122.4171 943.0
37.7255 -122.4014 675.0
37.7667 -122.4105 806.0
37.756 -122.4368 529.0
37.7267 -122.4328 541.0
37.7894 -122.4596 481.0
37.7152 -122.4482 738.0
37.7831 -122.4751 792.0
37.7697 -122.4665 506.0
37.6608 -122.435 840.0
37.7358 -122.4233 850.0
37.7918 -122.4947 852.0
37.7411 -122.3981 713.0
37.7224 -122.4056 749.0
37.6973 -122.4157 746.0
37.7172 -122.4418 619.0
37.6658 -122.4035 492.0
37.7223 -122.4427 693.0
37.696 -122.4466 749.0
37.6882 -122.4739 849.0
37.7038 -122.3957 670.0
37.7096 -122.394 702.0
37.7476 -122.4748 666.0
37.7672 -122.4743 735.0
37.6704 -122.4957 798.0
37.684 -122.3975 868.0
37.7907 -122.4824 648.0
37.717 -122.4618 674.0
37.7141 -122.495 597.0
37.6819 -122.4998 702.0
37.6931 -122.4807 922.0
37.7723 -122.4676 807.0
37.78 -122.4873 547.0
37.7473 -122.4456 875.0
37.6512 -122.413 512.0
37.7769 -122.4789 586.0
37.7516 -122.4045 620.0
37.691 -122.453 527.0
37.7612 -122.495 830.0
37.7568 -122.4542 657.0
37.7406 -122.4952 658.0
37.7523 -122.4832 609.0
37.7762 -122.4702 656.0
37.7237 -122.457 939.0
37.6647 -122.4138 697.0
37.7442 -122.5 910.0
37.6533 -122.4532 692.0
37.6588 -122.4457 902.0
37.6863 -122.4473 669.0
37.7532 -122.4875 535.0
37.7555 -122.43 554.0
37.7182 -122.4812 727.0
37.7701 -122.4055 563.0
37.7226 -122.4231 597.0
37.6983 -122.3916 818.0
37.7196 -122.4864 624.0
37.7264 -122.3999 575.0
37.7998 -122.4029 950.0
