cabid lati longi timestamp sequence
1.0 37.7895 -122.4001 546.0 1.0
1.0 37.7928 -122.3945 548.0 2.0
1.0 37.7942 -122.4064 566.0 3.0
1.0 37.7919 -122.4107 571.0 4.0
1.0 37.7922 -122.4074 572.0 5.0
1.0 37.8000 -122.4106 577.0 6.0
1.0 37.8000 -122.4107 579.0 7.0
1.0 37.8051 -122.4035 583.0 8.0
1.0 37.7983 -122.4010 585.0 9.0
1.0 37.7860 -122.4533 598.0 10.0
1.0 37.7921 -122.4307 610.0 11.0
1.0 37.7868 -122.4064 618.0 12.0
1.0 37.7931 -122.3946 639.0 13.0
1.0 37.7889 -122.4118 646.0 14.0
1.0 37.7916 -122.4074 655.0 15.0
1.0 37.6165 -122.3861 684.0 16.0
1.0 37.6152 -122.3902 691.0 17.0
1.0 37.6571 -122.4097 705.0 18.0
1.0 37.6147 -122.3960 721.0 19.0
1.0 37.8349 -122.2936 746.0 20.0
1.0 37.7909 -122.4021 783.0 21.0
1.0 37.7860 -122.4098 790.0 22.0
1.0 37.7877 -122.4101 793.0 23.0
1.0 37.7967 -122.4220 802.0 24.0
1.0 37.7929 -122.3976 824.0 25.0
1.0 37.7830 -122.4031 829.0 26.0
1.0 37.7858 -122.3970 840.0 27.0
1.0 37.7948 -122.4005 847.0 28.0
1.0 37.7943 -122.4001 848.0 29.0
1.0 37.7897 -122.4023 850.0 30.0
1.0 37.7894 -122.4025 851.0 31.0
1.0 37.7854 -122.4787 867.0 32.0
1.0 37.7734 -122.4652 874.0 33.0
1.0 37.7695 -122.4245 888.0 34.0
1.0 37.7806 -122.4187 896.0 35.0
1.0 37.7989 -122.4374 904.0 36.0
1.0 37.7989 -122.4359 906.0 37.0
1.0 37.8060 -122.4098 916.0 38.0
1.0 37.8061 -122.4098 917.0 39.0
2.0 37.7951 -122.4293 666.0 1.0
2.0 37.7940 -122.3931 678.0 2.0
2.0 37.7936 -122.3926 680.0 3.0
2.0 37.7871 -122.3876 685.0 4.0
2.0 37.7932 -122.3993 691.0 5.0
2.0 37.7888 -122.4100 696.0 6.0
2.0 37.7855 -122.4396 720.0 7.0
2.0 37.7876 -122.4133 726.0 8.0
2.0 37.7833 -122.4337 737.0 9.0
2.0 37.7637 -122.4194 746.0 10.0
2.0 37.7635 -122.4195 747.0 11.0
2.0 37.7751 -122.4109 755.0 12.0
2.0 37.7843 -122.4076 759.0 13.0
2.0 37.7923 -122.3994 763.0 14.0
2.0 37.7829 -122.4097 768.0 15.0
2.0 37.7793 -122.4272 773.0 16.0
2.0 37.7370 -122.4316 791.0 17.0
2.0 37.7544 -122.4388 802.0 18.0
2.0 37.7608 -122.4350 805.0 19.0
2.0 37.7597 -122.4457 810.0 20.0
2.0 37.7619 -122.4185 821.0 21.0
2.0 37.7859 -122.4190 832.0 22.0
2.0 37.7829 -122.4207 835.0 23.0
2.0 37.8084 -122.4104 847.0 24.0
2.0 37.7831 -122.4473 960.0 25.0
2.0 37.7814 -122.4398 965.0 26.0
2.0 37.7855 -122.4110 981.0 27.0
2.0 37.7785 -122.4088 985.0 28.0
2.0 37.7961 -122.3963 1004.0 29.0
2.0 37.7803 -122.3902 1014.0 30.0
2.0 37.7800 -122.3898 1015.0 31.0
lati longi low_tw
37.7794 -122.4617 740.0
37.7039 -122.4774 855.0
37.7188 -122.4313 906.0
37.7761 -122.4577 632.0
37.6798 -122.3861 781.0
37.6791 -122.3911 775.0
37.7784 -122.4629 758.0
37.72 -122.434 796.0
37.7007 -122.4794 567.0
37.6835 -122.3902 581.0
37.6843 -122.3909 564.0
37.7069 -122.4788 665.0
37.6995 -122.4619 631.0
37.6941 -122.4603 825.0
37.6965 -122.4552 636.0
37.7056 -122.4807 594.0
37.7121 -122.428 496.0
37.701 -122.4827 685.0
37.7116 -122.4274 879.0
37.7789 -122.4577 557.0
37.7792 -122.4641 782.0
37.7114 -122.4256 882.0
37.7814 -122.4588 879.0
37.7753 -122.4581 597.0
37.712 -122.4339 512.0
37.7186 -122.4303 678.0
37.6762 -122.3913 756.0
37.679 -122.3873 638.0
37.7076 -122.4762 805.0
37.7078 -122.4762 848.0
37.7177 -122.432 740.0
37.7723 -122.4616 855.0
37.6841 -122.3891 906.0
37.7155 -122.4289 632.0
37.6967 -122.4601 781.0
37.6917 -122.4556 775.0
37.7124 -122.427 758.0
37.6847 -122.3947 796.0
37.7753 -122.4645 567.0
37.7001 -122.4612 581.0
37.6978 -122.4583 564.0
37.775 -122.4575 665.0
37.7044 -122.4745 631.0
37.7041 -122.4822 825.0
37.704 -122.4762 636.0
37.7787 -122.4582 594.0
37.6814 -122.3854 496.0
37.7809 -122.4613 685.0
37.682 -122.3923 879.0
37.7208 -122.4257 557.0
37.7185 -122.4268 782.0
37.6759 -122.3861 882.0
37.7201 -122.4257 879.0
37.7151 -122.4316 597.0
37.675 -122.3937 512.0
37.6794 -122.3916 678.0
37.6926 -122.4538 756.0
37.6928 -122.4605 638.0
37.7791 -122.4639 805.0
37.7762 -122.4605 848.0
