cabid lati longi timestamp sequence
3.0 37.7894 -122.4082 859.0 25.0
3.0 37.7908 -122.4325 867.0 26.0
3.0 37.7907 -122.4325 869.0 27.0
3.0 37.7780 -122.4232 877.0 28.0
3.0 37.7943 -122.3996 920.0 29.0
3.0 37.6161 -122.3890 948.0 30.0
3.0 37.7632 -122.3890 965.0 31.0
3.0 37.6154 -122.3927 980.0 32.0
3.0 37.7820 -122.3922 1008.0 33.0
3.0 37.7934 -122.3931 1017.0 34.0
3.0 37.7935 -122.3963 1019.0 35.0
4.0 37.6158 -122.3884 624.0 1.0
4.0 37.4856 -122.1856 645.0 2.0
4.0 37.6152 -122.3902 748.0 3.0
4.0 37.4375 -122.1233 772.0 4.0
4.0 37.6151 -122.3902 875.0 5.0
4.0 37.7944 -122.4186 899.0 6.0
4.0 37.6224 -122.4000 995.0 7.0
5.0 37.7849 -122.4347 550.0 1.0
5.0 37.7858 -122.4078 560.0 2.0
5.0 37.7852 -122.4890 625.0 3.0
5.0 37.7864 -122.4217 644.0 4.0
5.0 37.7917 -122.4074 667.0 5.0
5.0 37.8084 -122.4096 679.0 6.0
5.0 37.8030 -122.4011 689.0 7.0
5.0 37.7888 -122.3956 695.0 8.0
5.0 37.7927 -122.3986 702.0 9.0
5.0 37.7917 -122.4073 726.0 10.0
5.0 37.7984 -122.4497 738.0 11.0
5.0 37.7991 -122.4411 741.0 12.0
5.0 37.7981 -122.4483 744.0 13.0
5.0 37.8000 -122.4428 750.0 14.0
5.0 37.7975 -122.4325 756.0 15.0
5.0 37.7931 -122.3936 777.0 16.0
5.0 37.6179 -122.3867 798.0 17.0
5.0 37.7901 -122.3912 824.0 18.0
5.0 37.7870 -122.4105 831.0 19.0
5.0 37.7927 -122.4044 837.0 20.0
5.0 37.7904 -122.3904 844.0 21.0
5.0 37.6179 -122.3868 863.0 22.0
5.0 37.6151 -122.3902 961.0 23.0
5.0 37.7843 -122.4077 979.0 24.0
6.0 37.7821 -122.3924 953.0 1.0
6.0 37.7119 -122.2123 981.0 2.0
6.0 37.5894 -122.2452 1012.0 3.0
1.0 37.7744 -122.4505 564.0 1.0
1.0 37.7726 -122.4503 574.0 2.0
1.0 37.7894 -122.4094 589.0 3.0
1.0 37.7887 -122.4136 590.0 4.0
2.0 37.7654 -122.4527 567.0 1.0
2.0 37.7828 -122.3934 582.0 2.0
2.0 37.7831 -122.3931 583.0 3.0
2.0 37.7984 -122.4027 592.0 4.0
2.0 37.8011 -122.4004 616.0 5.0
2.0 37.7636 -122.3986 627.0 6.0
2.0 37.7867 -122.4016 639.0 7.0
2.0 37.7890 -122.4018 647.0 8.0
2.0 37.7951 -122.4289 685.0 9.0
2.0 37.7801 -122.4188 692.0 10.0
2.0 37.7911 -122.4162 727.0 11.0
2.0 37.7769 -122.4384 735.0 12.0
2.0 37.7858 -122.4015 930.0 13.0
2.0 37.7921 -122.4104 937.0 14.0
2.0 37.7957 -122.4094 944.0 15.0
2.0 37.7937 -122.4031 948.0 16.0
2.0 37.7855 -122.4146 955.0 17.0
2.0 37.7956 -122.4181 959.0 18.0
2.0 37.7934 -122.4012 975.0 19.0
2.0 37.7912 -122.3966 980.0 20.0
2.0 37.7896 -122.3979 981.0 21.0
2.0 37.7887 -122.4352 997.0 22.0
2.0 37.7439 -122.4791 1018.0 23.0
3.0 37.7581 -122.4369 563.0 1.0
3.0 37.6162 -122.3904 585.0 2.0
3.0 37.7916 -122.3988 734.0 3.0
3.0 37.7851 -122.4279 746.0 4.0
3.0 37.8007 -122.4262 751.0 5.0
3.0 37.7975 -122.4324 784.0 6.0
3.0 37.7869 -122.4023 798.0 7.0
3.0 37.6150 -122.3896 819.0 8.0
3.0 37.6162 -122.3882 850.0 9.0
3.0 37.7723 -122.4366 871.0 10.0
3.0 37.7810 -122.4348 878.0 11.0
3.0 37.7892 -122.4016 890.0 12.0
3.0 37.7933 -122.3944 929.0 13.0
3.0 37.7894 -122.4072 934.0 14.0
3.0 37.7907 -122.4003 939.0 15.0
3.0 37.7952 -122.3970 942.0 16.0
3.0 37.7969 -122.4008 958.0 17.0
3.0 37.7772 -122.3954 966.0 18.0
lati longi low_tw
37.6915 -122.4392 890.0
37.7801 -122.408 507.0
37.7682 -122.4386 560.0
37.7766 -122.4005 652.0
37.7699 -122.4347 883.0
37.7208 -122.4757 905.0
37.773 -122.4389 583.0
37.699 -122.4697 948.0
37.7675 -122.4307 905.0
37.7829 -122.4086 708.0
37.7675 -122.4321 738.0
37.6896 -122.4746 943.0
37.6956 -122.4702 723.0
37.6975 -122.4688 657.0
37.6991 -122.4715 805.0
37.6937 -122.4763 582.0
37.7828 -122.4062 680.0
37.6915 -122.4716 875.0
37.7705 -122.4402 839.0
37.6983 -122.4353 844.0
37.7744 -122.4341 890.0
37.6944 -122.4689 507.0
37.7206 -122.4818 560.0
37.6921 -122.4727 652.0
37.7216 -122.4788 883.0
37.7782 -122.4067 905.0
37.7229 -122.4803 583.0
37.6929 -122.4411 948.0
37.7162 -122.4751 905.0
37.6937 -122.4672 708.0
37.7181 -122.4771 738.0
37.6921 -122.4373 943.0
37.698 -122.4413 723.0
37.696 -122.4404 657.0
37.6953 -122.4402 805.0
37.6938 -122.4337 582.0
37.693 -122.4763 680.0
37.6966 -122.4412 875.0
37.7196 -122.4767 839.0
37.7686 -122.4362 844.0
