cabid lati longi timestamp sequence
1.0 37.7977 -122.4080 542.0 1.0
1.0 37.7950 -122.4183 560.0 2.0
1.0 37.7957 -122.3970 567.0 3.0
1.0 37.8013 -122.4019 642.0 4.0
1.0 37.7623 -122.4112 657.0 5.0
1.0 37.7613 -122.4293 671.0 6.0
1.0 37.7559 -122.4051 681.0 7.0
1.0 37.7583 -122.4124 688.0 8.0
1.0 37.7515 -122.4317 698.0 9.0
1.0 37.7575 -122.4347 707.0 10.0
1.0 37.7901 -122.4308 720.0 11.0
1.0 37.7793 -122.4340 730.0 12.0
1.0 37.7896 -122.3975 741.0 13.0
1.0 37.7525 -122.4184 786.0 14.0
1.0 37.7519 -122.4052 794.0 15.0
2.0 37.7721 -122.4019 567.0 1.0
2.0 37.7809 -122.4151 571.0 2.0
2.0 37.7875 -122.4183 577.0 3.0
2.0 37.7880 -122.4183 582.0 4.0
2.0 37.7900 -122.4218 597.0 5.0
2.0 37.8084 -122.4101 608.0 6.0
2.0 37.7787 -122.4146 626.0 7.0
2.0 37.7859 -122.4195 720.0 8.0
2.0 37.7844 -122.4339 765.0 9.0
2.0 37.7826 -122.4359 800.0 10.0
2.0 37.7917 -122.4406 808.0 11.0
2.0 37.7901 -122.4341 967.0 12.0
2.0 37.7731 -122.4526 977.0 13.0
2.0 37.7764 -122.4586 1014.0 14.0
3.0 37.7333 -122.4910 548.0 1.0
3.0 37.7496 -122.4741 560.0 2.0
3.0 37.7872 -122.4028 582.0 3.0
3.0 37.7867 -122.4109 603.0 4.0
3.0 37.8022 -122.4029 612.0 5.0
3.0 37.8019 -122.4017 615.0 6.0
3.0 37.7795 -122.4185 625.0 7.0
3.0 37.7795 -122.4185 627.0 8.0
3.0 37.7821 -122.4276 631.0 9.0
3.0 37.7925 -122.4038 663.0 10.0
3.0 37.7910 -122.3989 668.0 11.0
3.0 37.7931 -122.3975 672.0 12.0
3.0 37.7780 -122.4139 681.0 13.0
3.0 37.7772 -122.4071 698.0 14.0
3.0 37.7818 -122.4015 704.0 15.0
3.0 37.8021 -122.4030 714.0 16.0
3.0 37.8015 -122.4008 720.0 17.0
3.0 37.7928 -122.3981 724.0 18.0
3.0 37.7842 -122.3905 730.0 19.0
3.0 37.7796 -122.3917 733.0 20.0
3.0 37.7908 -122.4324 747.0 21.0
3.0 37.7908 -122.4324 748.0 22.0
3.0 37.7848 -122.4050 761.0 23.0
3.0 37.7769 -122.3948 766.0 24.0
3.0 37.7773 -122.3914 768.0 25.0
3.0 37.7843 -122.4806 791.0 26.0
3.0 37.7834 -122.4407 836.0 27.0
3.0 37.7965 -122.4260 843.0 28.0
3.0 37.7936 -122.3973 858.0 29.0
3.0 37.7908 -122.4325 869.0 30.0
3.0 37.7767 -122.4173 878.0 31.0
3.0 37.7754 -122.4191 883.0 32.0
3.0 37.7849 -122.4667 895.0 33.0
3.0 37.7860 -122.4574 904.0 34.0
3.0 37.7504 -122.4338 920.0 35.0
3.0 37.7481 -122.4345 924.0 36.0
3.0 37.7728 -122.4221 935.0 37.0
4.0 37.7870 -122.4110 632.0 1.0
4.0 37.6179 -122.3869 652.0 2.0
4.0 37.7768 -122.3956 683.0 3.0
4.0 37.7844 -122.4041 689.0 4.0
4.0 37.7915 -122.4105 738.0 5.0
4.0 37.7910 -122.3923 747.0 6.0
4.0 37.7634 -122.4588 767.0 7.0
4.0 37.7636 -122.4572 789.0 8.0
4.0 37.7766 -122.4297 799.0 9.0
4.0 37.7821 -122.4351 806.0 10.0
4.0 37.7664 -122.4086 820.0 11.0
4.0 37.7606 -122.4091 833.0 12.0
4.0 37.7820 -122.4045 846.0 13.0
4.0 37.8245 -122.3137 881.0 14.0
4.0 37.8210 -122.3322 882.0 15.0
4.0 37.7850 -122.3999 891.0 16.0
4.0 37.7894 -122.4027 896.0 17.0
4.0 37.7888 -122.4103 903.0 18.0
4.0 37.7915 -122.4006 908.0 19.0
4.0 37.7942 -122.3975 914.0 20.0
4.0 37.7878 -122.4577 927.0 21.0
4.0 37.7875 -122.4443 944.0 22.0
4.0 37.6776 -122.3884 978.0 23.0
4.0 37.7951 -122.3966 1017.0 24.0
lati longi low_tw
37.6972 -122.4175 860.0
37.7825 -122.4966 913.0
37.7784 -122.4764 912.0
37.7787 -122.482 588.0
37.7736 -122.4762 933.0
37.7821 -122.4927 619.0
37.6903 -122.4189 574.0
37.6735 -122.4788 597.0
37.7867 -122.4971 717.0
37.6726 -122.4788 531.0
37.6987 -122.4212 908.0
37.67 -122.4833 628.0
37.7804 -122.4894 618.0
37.7898 -122.4904 590.0
37.6905 -122.4141 551.0
37.6624 -122.488 535.0
37.6664 -122.4933 738.0
37.7859 -122.4911 556.0
37.6613 -122.4886 595.0
37.6985 -122.4139 685.0
37.6739 -122.483 507.0
37.6905 -122.4148 900.0
37.6738 -122.4804 601.0
37.6917 -122.4198 483.0
37.7744 -122.4762 821.0
37.7766 -122.4778 918.0
37.6746 -122.4793 830.0
37.7738 -122.4806 645.0
37.6981 -122.4152 717.0
37.6722 -122.4763 680.0
37.6941 -122.4187 693.0
37.7878 -122.4912 520.0
37.7843 -122.4936 590.0
37.7736 -122.4766 501.0
37.6976 -122.4169 770.0
37.7742 -122.4809 829.0
37.6693 -122.4888 520.0
37.6922 -122.4193 844.0
37.7829 -122.489 716.0
37.7809 -122.4985 820.0
37.7849 -122.4964 732.0
37.7807 -122.4795 883.0
37.6685 -122.4932 952.0
37.6633 -122.4941 548.0
37.6704 -122.4917 515.0
37.787 -122.489 808.0
37.6665 -122.4777 854.0
37.6958 -122.4197 720.0
37.6997 -122.4144 774.0
37.6953 -122.4176 514.0
37.7728 -122.4841 528.0
37.673 -122.4766 817.0
37.6684 -122.4912 864.0
37.7859 -122.4911 683.0
37.691 -122.4167 650.0
37.6979 -122.4184 840.0
37.7783 -122.4798 808.0
37.7883 -122.4958 833.0
37.6667 -122.4921 868.0
37.787 -122.4931 692.0
37.7742 -122.4759 928.0
37.6666 -122.4847 905.0
37.696 -122.4162 642.0
37.7821 -122.4786 921.0
37.6695 -122.4899 604.0
37.7774 -122.4833 859.0
37.6913 -122.418 743.0
37.7821 -122.4953 830.0
37.7838 -122.4919 820.0
37.6657 -122.4875 562.0
37.667 -122.4763 860.0
37.6697 -122.4877 913.0
37.6938 -122.4146 912.0
37.6969 -122.4201 588.0
37.6936 -122.4163 933.0
37.6633 -122.4965 619.0
37.6688 -122.4795 574.0
37.7869 -122.4928 597.0
37.6679 -122.4903 717.0
37.7859 -122.49 531.0
37.6738 -122.4795 908.0
37.785 -122.4945 628.0
37.6619 -122.4885 618.0
37.6677 -122.4967 590.0
37.6739 -122.4812 551.0
37.7783 -122.4793 535.0
37.7801 -122.477 738.0
37.6654 -122.4964 556.0
37.777 -122.4845 595.0
37.6697 -122.4845 685.0
37.7894 -122.4933 507.0
37.6724 -122.4783 900.0
37.7858 -122.4959 601.0
37.6694 -122.4802 483.0
37.6959 -122.4182 821.0
37.6965 -122.4195 918.0
37.7801 -122.495 830.0
37.695 -122.417 645.0
37.6719 -122.484 717.0
37.7877 -122.4975 680.0
37.6739 -122.4846 693.0
37.6678 -122.4878 520.0
37.6693 -122.4945 590.0
37.6935 -122.4138 501.0
37.6679 -122.4823 770.0
37.6993 -122.4172 829.0
37.7789 -122.4762 520.0
37.6667 -122.4799 844.0
37.6679 -122.4964 716.0
37.6632 -122.4902 820.0
37.6699 -122.4942 732.0
37.6974 -122.4198 883.0
37.782 -122.4829 952.0
37.7756 -122.4829 548.0
37.7785 -122.4815 515.0
37.6636 -122.4955 808.0
37.7826 -122.4889 854.0
37.6761 -122.4798 720.0
37.6738 -122.4832 774.0
37.6739 -122.476 514.0
37.6906 -122.4153 528.0
37.7861 -122.4899 817.0
37.7762 -122.4784 864.0
37.6648 -122.4949 683.0
37.6723 -122.4751 650.0
37.6673 -122.4801 840.0
37.6919 -122.4152 808.0
37.6637 -122.4954 833.0
37.7778 -122.479 868.0
37.6688 -122.4873 692.0
37.6938 -122.4127 928.0
37.7877 -122.4954 905.0
37.6725 -122.4799 642.0
37.6958 -122.4196 921.0
37.7826 -122.4778 604.0
37.6942 -122.4217 859.0
37.6735 -122.479 743.0
37.6666 -122.4926 830.0
37.6613 -122.4967 820.0
37.7767 -122.4779 562.0
