cabid lati longi timestamp sequence
3.0 37.8015 -122.4008 720.0 17.0
3.0 37.7928 -122.3981 724.0 18.0
3.0 37.7842 -122.3905 730.0 19.0
3.0 37.7796 -122.3917 733.0 20.0
3.0 37.7908 -122.4324 747.0 21.0
3.0 37.7908 -122.4324 748.0 22.0
3.0 37.7848 -122.4050 761.0 23.0
3.0 37.7769 -122.3948 766.0 24.0
3.0 37.7773 -122.3914 768.0 25.0
3.0 37.7843 -122.4806 791.0 26.0
3.0 37.7834 -122.4407 836.0 27.0
3.0 37.7965 -122.4260 843.0 28.0
3.0 37.7936 -122.3973 858.0 29.0
3.0 37.7908 -122.4325 869.0 30.0
3.0 37.7767 -122.4173 878.0 31.0
3.0 37.7754 -122.4191 883.0 32.0
3.0 37.7849 -122.4667 895.0 33.0
3.0 37.7860 -122.4574 904.0 34.0
3.0 37.7504 -122.4338 920.0 35.0
3.0 37.7481 -122.4345 924.0 36.0
3.0 37.7728 -122.4221 935.0 37.0
4.0 37.7870 -122.4110 632.0 1.0
4.0 37.6179 -122.3869 652.0 2.0
4.0 37.7768 -122.3956 683.0 3.0
4.0 37.7844 -122.4041 689.0 4.0
4.0 37.7915 -122.4105 738.0 5.0
4.0 37.7910 -122.3923 747.0 6.0
4.0 37.7634 -122.4588 767.0 7.0
4.0 37.7636 -122.4572 789.0 8.0
4.0 37.7766 -122.4297 799.0 9.0
4.0 37.7821 -122.4351 806.0 10.0
4.0 37.7664 -122.4086 820.0 11.0
4.0 37.7606 -122.4091 833.0 12.0
4.0 37.7820 -122.4045 846.0 13.0
4.0 37.8245 -122.3137 881.0 14.0
4.0 37.8210 -122.3322 882.0 15.0
4.0 37.7850 -122.3999 891.0 16.0
4.0 37.7894 -122.4027 896.0 17.0
4.0 37.7888 -122.4103 903.0 18.0
4.0 37.7915 -122.4006 908.0 19.0
4.0 37.7942 -122.3975 914.0 20.0
4.0 37.7878 -122.4577 927.0 21.0
4.0 37.7875 -122.4443 944.0 22.0
4.0 37.6776 -122.3884 978.0 23.0
4.0 37.7951 -122.3966 1017.0 24.0
1.0 37.7638 -122.4566 563.0 1.0
1.0 37.7523 -122.3972 579.0 2.0
1.0 37.7549 -122.4075 585.0 3.0
1.0 37.7863 -122.4040 598.0 4.0
1.0 37.7873 -122.4068 601.0 5.0
1.0 37.7890 -122.4123 606.0 6.0
2.0 37.7893 -122.4019 543.0 1.0
2.0 37.7900 -122.4008 544.0 2.0
2.0 37.7956 -122.4023 552.0 3.0
2.0 37.7867 -122.4503 611.0 4.0
2.0 37.7764 -122.4433 617.0 5.0
2.0 37.7637 -122.4572 627.0 6.0
2.0 37.7798 -122.5090 643.0 7.0
2.0 37.7850 -122.4797 649.0 8.0
2.0 37.7719 -122.4372 665.0 9.0
2.0 37.7709 -122.4402 666.0 10.0
2.0 37.7637 -122.4571 674.0 11.0
2.0 37.7230 -122.4413 693.0 12.0
2.0 37.7456 -122.4226 705.0 13.0
2.0 37.7863 -122.4384 724.0 14.0
2.0 37.7881 -122.4254 726.0 15.0
2.0 37.7854 -122.4197 729.0 16.0
2.0 37.7877 -122.4061 748.0 17.0
2.0 37.8001 -122.4561 764.0 18.0
2.0 37.7478 -122.4207 814.0 19.0
2.0 37.7880 -122.4126 843.0 20.0
2.0 37.7874 -122.4083 850.0 21.0
2.0 37.7639 -122.4574 866.0 22.0
2.0 37.7686 -122.4534 870.0 23.0
2.0 37.7767 -122.3945 883.0 24.0
2.0 37.7786 -122.4166 936.0 25.0
2.0 37.7911 -122.4210 944.0 26.0
2.0 37.7853 -122.4012 966.0 27.0
2.0 37.7877 -122.4083 970.0 28.0
3.0 37.6217 -122.3999 608.0 1.0
3.0 37.6154 -122.4035 617.0 2.0
3.0 37.6152 -122.3916 631.0 3.0
3.0 37.4583 -122.1414 662.0 4.0
3.0 37.6150 -122.3903 773.0 5.0
3.0 37.5166 -122.2534 791.0 6.0
3.0 37.6193 -122.3992 820.0 7.0
3.0 37.7899 -122.3979 845.0 8.0
3.0 37.7809 -122.4221 861.0 9.0
3.0 37.7835 -122.4167 873.0 10.0
3.0 37.7802 -122.3944 906.0 11.0
lati longi low_tw
37.6828 -122.4273 770.0
37.6902 -122.4239 928.0
37.797 -122.4436 554.0
37.6775 -122.383 697.0
37.675 -122.3856 731.0
37.7264 -122.4517 580.0
37.7032 -122.4645 768.0
37.7217 -122.4465 667.0
37.6786 -122.3849 755.0
37.688 -122.4294 758.0
37.6825 -122.3919 874.0
37.6731 -122.3841 499.0
37.7249 -122.4482 735.0
37.6988 -122.462 892.0
37.7197 -122.4475 890.0
37.6748 -122.3909 640.0
37.7024 -122.4634 918.0
37.7229 -122.4526 524.0
37.69 -122.4238 644.0
37.6995 -122.4641 717.0
37.6764 -122.3837 678.0
37.7229 -122.4466 545.0
37.6758 -122.3914 652.0
37.7005 -122.4598 815.0
37.7226 -122.4458 778.0
37.6947 -122.4629 618.0
37.6899 -122.4266 609.0
37.6773 -122.3913 887.0
37.6774 -122.3897 695.0
37.7985 -122.4425 878.0
37.6967 -122.4638 770.0
37.7016 -122.4617 928.0
37.6848 -122.4256 554.0
37.8016 -122.4412 697.0
37.7979 -122.4403 731.0
37.6789 -122.385 580.0
37.7236 -122.4461 768.0
37.6761 -122.383 667.0
37.8002 -122.4449 755.0
37.6959 -122.4605 758.0
37.7934 -122.4365 874.0
37.7955 -122.4368 499.0
37.6806 -122.3872 735.0
37.7251 -122.4548 892.0
37.6794 -122.3904 890.0
37.7997 -122.442 640.0
37.7232 -122.4541 918.0
37.6778 -122.3927 524.0
37.6943 -122.463 644.0
37.7245 -122.4467 717.0
37.7949 -122.4367 678.0
37.6739 -122.3872 545.0
37.7999 -122.4429 652.0
37.7241 -122.4501 815.0
37.682 -122.3844 778.0
37.7281 -122.4502 618.0
37.7018 -122.4647 609.0
37.8016 -122.443 887.0
37.7953 -122.4411 695.0
37.6858 -122.4318 878.0
