cabid lati longi timestamp sequence
4.0 37.7740 -122.4410 658.0 4.0
4.0 37.7848 -122.4381 664.0 5.0
4.0 37.7872 -122.4098 680.0 6.0
4.0 37.7804 -122.3898 689.0 7.0
4.0 37.7875 -122.4072 697.0 8.0
4.0 37.7899 -122.4052 703.0 9.0
4.0 37.7948 -122.4005 707.0 10.0
4.0 37.7952 -122.4207 716.0 11.0
4.0 37.7915 -122.4021 746.0 12.0
4.0 37.7669 -122.4028 758.0 13.0
4.0 37.7821 -122.4093 766.0 14.0
4.0 37.7923 -122.4040 776.0 15.0
4.0 37.7887 -122.4052 784.0 16.0
4.0 37.7799 -122.4599 799.0 17.0
4.0 37.7866 -122.4521 806.0 18.0
4.0 37.7861 -122.4108 821.0 19.0
4.0 37.8016 -122.4120 860.0 20.0
4.0 37.7941 -122.4214 865.0 21.0
5.0 37.6152 -122.3903 601.0 1.0
5.0 37.7851 -122.4005 616.0 2.0
5.0 37.6177 -122.3861 639.0 3.0
5.0 37.7944 -122.4018 660.0 4.0
5.0 37.6153 -122.3899 769.0 5.0
5.0 37.7641 -122.4362 787.0 6.0
5.0 37.6177 -122.3859 851.0 7.0
5.0 37.7846 -122.4045 915.0 8.0
5.0 37.6152 -122.3902 998.0 9.0
6.0 37.7891 -122.4029 750.0 1.0
6.0 37.7991 -122.4085 762.0 2.0
6.0 37.7698 -122.4133 779.0 3.0
6.0 37.7643 -122.4131 783.0 4.0
6.0 37.7618 -122.4193 785.0 5.0
6.0 37.7702 -122.4692 807.0 6.0
6.0 37.7691 -122.4682 808.0 7.0
6.0 37.7874 -122.4039 828.0 8.0
6.0 37.7876 -122.4004 831.0 9.0
6.0 37.7803 -122.4168 837.0 10.0
6.0 37.7819 -122.4177 845.0 11.0
6.0 37.7816 -122.4157 846.0 12.0
6.0 37.6149 -122.3852 864.0 13.0
6.0 37.7702 -122.4041 993.0 14.0
6.0 37.7714 -122.4087 994.0 15.0
6.0 37.7900 -122.4221 1005.0 16.0
6.0 37.7905 -122.4208 1006.0 17.0
6.0 37.7899 -122.4032 1012.0 18.0
1.0 37.7699 -122.4333 545.0 1.0
1.0 37.7872 -122.4085 555.0 2.0
1.0 37.7866 -122.4529 614.0 3.0
1.0 37.6605 -122.4773 639.0 4.0
1.0 37.7749 -122.4531 667.0 5.0
1.0 37.7591 -122.4374 676.0 6.0
1.0 37.7576 -122.4355 679.0 7.0
1.0 37.7761 -122.4215 689.0 8.0
1.0 37.7993 -122.4088 709.0 9.0
1.0 37.7935 -122.4125 713.0 10.0
1.0 37.7880 -122.4189 720.0 11.0
2.0 37.7791 -122.3973 777.0 1.0
2.0 37.7909 -122.4340 793.0 2.0
2.0 37.7879 -122.4080 822.0 3.0
2.0 37.8007 -122.4446 833.0 4.0
2.0 37.8049 -122.4351 846.0 5.0
2.0 37.6154 -122.3846 873.0 6.0
2.0 37.6646 -122.3978 907.0 7.0
2.0 37.8063 -122.4157 967.0 8.0
2.0 37.8077 -122.4202 972.0 9.0
2.0 37.7860 -122.4221 983.0 10.0
2.0 37.7876 -122.4083 994.0 11.0
2.0 37.8090 -122.4180 1004.0 12.0
2.0 37.8061 -122.4183 1011.0 13.0
3.0 37.6178 -122.3865 645.0 1.0
3.0 37.7845 -122.4094 663.0 2.0
3.0 37.7299 -122.4450 677.0 3.0
3.0 37.7489 -122.4182 690.0 4.0
3.0 37.7489 -122.4206 692.0 5.0
3.0 37.7464 -122.4125 697.0 6.0
3.0 37.7936 -122.4013 713.0 7.0
3.0 37.8057 -122.4055 718.0 8.0
3.0 37.7925 -122.4036 730.0 9.0
3.0 37.7976 -122.4137 735.0 10.0
3.0 37.7888 -122.3985 771.0 11.0
3.0 37.7980 -122.4359 785.0 12.0
3.0 37.7921 -122.4261 789.0 13.0
3.0 37.7867 -122.4255 790.0 14.0
3.0 37.7578 -122.4019 835.0 15.0
3.0 37.7883 -122.4035 844.0 16.0
3.0 37.7919 -122.4030 853.0 17.0
3.0 37.8007 -122.4210 859.0 18.0
3.0 37.8010 -122.4228 885.0 19.0
3.0 37.6180 -122.3867 916.0 20.0
3.0 37.7659 -122.4068 970.0 21.0
lati longi low_tw
37.7169 -122.4085 891.0
37.7591 -122.4691 752.0
37.6991 -122.4217 535.0
37.74 -122.3919 830.0
37.7587 -122.466 755.0
37.7004 -122.421 568.0
37.7407 -122.4494 842.0
37.7385 -122.385 784.0
37.7407 -122.4452 785.0
37.6988 -122.4159 909.0
37.7419 -122.3911 802.0
37.7565 -122.4737 609.0
37.7599 -122.469 773.0
37.6989 -122.4165 637.0
37.74 -122.3844 664.0
37.7545 -122.4721 817.0
37.721 -122.4164 673.0
37.6977 -122.42 911.0
37.7344 -122.4494 537.0
37.7182 -122.4102 815.0
37.7177 -122.4084 543.0
37.7209 -122.4079 490.0
37.757 -122.4736 525.0
37.7001 -122.417 675.0
37.7538 -122.4669 812.0
37.7035 -122.4212 858.0
37.6978 -122.414 865.0
37.7414 -122.3907 866.0
37.7406 -122.4507 959.0
37.7542 -122.4693 901.0
37.7342 -122.4509 884.0
37.7185 -122.4121 711.0
37.759 -122.4659 836.0
37.7066 -122.4124 488.0
37.7044 -122.4133 914.0
37.7534 -122.4663 649.0
37.7063 -122.4208 641.0
37.743 -122.4465 874.0
37.7001 -122.4199 794.0
37.7061 -122.4139 766.0
37.7583 -122.4676 666.0
37.7013 -122.4152 922.0
37.7053 -122.4197 920.0
37.7055 -122.4195 913.0
37.7404 -122.4515 580.0
37.7608 -122.4705 939.0
37.7158 -122.4098 547.0
37.7209 -122.4154 639.0
37.74 -122.452 546.0
37.6975 -122.4136 860.0
37.7431 -122.3928 492.0
37.7039 -122.414 823.0
37.7062 -122.4138 898.0
37.7196 -122.4129 858.0
37.7152 -122.4145 702.0
37.7345 -122.3872 482.0
37.7344 -122.3912 862.0
37.7176 -122.4159 572.0
37.74 -122.3854 898.0
37.7005 -122.4217 918.0
37.7648 -122.4356 891.0
37.7991 -122.488 752.0
37.6783 -122.4873 535.0
37.7636 -122.4095 830.0
37.7086 -122.4273 755.0
37.7438 -122.4761 568.0
37.7253 -122.4157 842.0
37.7219 -122.4074 784.0
37.7631 -122.4383 785.0
37.6921 -122.4971 909.0
37.7099 -122.4416 802.0
37.762 -122.4218 609.0
37.6932 -122.4307 773.0
37.7299 -122.4961 637.0
37.7084 -122.4459 664.0
37.7915 -122.4996 817.0
37.7683 -122.4089 673.0
37.6835 -122.4256 911.0
37.75 -122.4113 537.0
37.6577 -122.3977 815.0
37.757 -122.4841 543.0
37.7672 -122.3934 490.0
37.7422 -122.3993 525.0
37.695 -122.4783 675.0
37.6946 -122.4862 812.0
37.7278 -122.4859 858.0
37.7851 -122.4138 865.0
37.7946 -122.4659 866.0
37.7294 -122.4991 959.0
37.6671 -122.4303 901.0
37.7246 -122.4665 884.0
37.7178 -122.4153 711.0
37.7557 -122.4498 836.0
37.6827 -122.4983 488.0
37.7356 -122.4279 914.0
37.7122 -122.4861 649.0
37.795 -122.4486 641.0
37.7977 -122.4689 874.0
37.7331 -122.4926 794.0
37.7772 -122.4558 766.0
37.7212 -122.4687 666.0
37.7848 -122.4959 922.0
37.7721 -122.4481 920.0
37.6731 -122.4118 913.0
37.777 -122.4307 580.0
37.7762 -122.3978 939.0
37.7576 -122.3916 547.0
37.6562 -122.4923 639.0
37.751 -122.4553 546.0
37.6719 -122.4037 860.0
37.7868 -122.4569 492.0
37.7006 -122.4881 823.0
37.7852 -122.4429 898.0
37.6811 -122.4744 858.0
37.7989 -122.4379 702.0
37.7849 -122.4405 482.0
37.7396 -122.397 862.0
37.775 -122.4032 572.0
37.6766 -122.4773 898.0
37.7289 -122.4049 918.0
