cabid lati longi timestamp sequence
1.0 37.7860 -122.4090 607.0 1.0
1.0 37.6156 -122.3885 682.0 2.0
1.0 37.5880 -122.3573 728.0 3.0
1.0 37.5538 -122.3006 734.0 4.0
1.0 37.6298 -122.4024 764.0 5.0
1.0 37.6510 -122.3837 770.0 6.0
1.0 37.6465 -122.4063 801.0 7.0
1.0 37.7851 -122.4049 817.0 8.0
1.0 37.7892 -122.4032 827.0 9.0
1.0 37.7877 -122.4437 835.0 10.0
1.0 37.7797 -122.4185 848.0 11.0
1.0 37.7846 -122.4039 854.0 12.0
1.0 37.7685 -122.4164 888.0 13.0
1.0 37.7453 -122.4176 896.0 14.0
1.0 37.7624 -122.4194 903.0 15.0
1.0 37.7538 -122.3988 914.0 16.0
1.0 37.7727 -122.4028 919.0 17.0
1.0 37.7788 -122.4149 923.0 18.0
1.0 37.7953 -122.4033 951.0 19.0
1.0 37.7783 -122.4403 960.0 20.0
1.0 37.7795 -122.4387 962.0 21.0
1.0 37.7839 -122.4438 965.0 22.0
1.0 37.7874 -122.4527 970.0 23.0
1.0 37.7460 -122.4158 992.0 24.0
2.0 37.7828 -122.4122 543.0 1.0
2.0 37.7760 -122.4027 546.0 2.0
2.0 37.7645 -122.4186 557.0 3.0
2.0 37.7584 -122.4188 560.0 4.0
2.0 37.7574 -122.4190 562.0 5.0
2.0 37.7642 -122.4653 576.0 6.0
2.0 37.7663 -122.4540 580.0 7.0
2.0 37.7699 -122.4537 582.0 8.0
2.0 37.7727 -122.4410 584.0 9.0
2.0 37.7551 -122.4041 829.0 10.0
2.0 37.7966 -122.4243 847.0 11.0
2.0 37.7847 -122.4089 885.0 12.0
2.0 37.7880 -122.4187 891.0 13.0
2.0 37.7909 -122.4176 894.0 14.0
2.0 37.7641 -122.4570 910.0 15.0
2.0 37.7638 -122.4572 911.0 16.0
2.0 37.7824 -122.4022 927.0 17.0
2.0 37.7847 -122.4090 933.0 18.0
2.0 37.7804 -122.3899 941.0 19.0
2.0 37.8008 -122.4014 957.0 20.0
2.0 37.7917 -122.4097 963.0 21.0
2.0 37.7922 -122.3947 983.0 22.0
2.0 37.7799 -122.4321 1003.0 23.0
2.0 37.7781 -122.4351 1014.0 24.0
3.0 37.6159 -122.3888 644.0 1.0
3.0 37.7898 -122.4034 665.0 2.0
3.0 37.7925 -122.3981 714.0 3.0
3.0 37.7904 -122.4274 720.0 4.0
3.0 37.7855 -122.4003 772.0 5.0
3.0 37.7850 -122.4093 777.0 6.0
3.0 37.7926 -122.4036 801.0 7.0
3.0 37.7891 -122.4081 805.0 8.0
3.0 37.7931 -122.3973 820.0 9.0
3.0 37.7883 -122.4466 833.0 10.0
3.0 37.7919 -122.4096 843.0 11.0
3.0 37.6164 -122.3884 870.0 12.0
3.0 37.7917 -122.4074 980.0 13.0
3.0 37.8077 -122.4190 989.0 14.0
3.0 37.8077 -122.4190 990.0 15.0
3.0 37.7919 -122.4125 998.0 16.0
3.0 37.7918 -122.4073 1003.0 17.0
3.0 37.7968 -122.3994 1010.0 18.0
4.0 37.7695 -122.4442 628.0 1.0
4.0 37.7541 -122.4394 636.0 2.0
4.0 37.7742 -122.4408 651.0 3.0
4.0 37.7637 -122.4572 657.0 4.0
4.0 37.7638 -122.4580 663.0 5.0
4.0 37.6179 -122.3868 714.0 6.0
4.0 37.6162 -122.3882 801.0 7.0
4.0 37.7514 -122.3943 819.0 8.0
4.0 37.7546 -122.4050 830.0 9.0
4.0 37.7523 -122.4181 839.0 10.0
4.0 37.7573 -122.4188 842.0 11.0
4.0 37.7959 -122.4293 858.0 12.0
4.0 37.7913 -122.3989 869.0 13.0
4.0 37.7689 -122.4277 879.0 14.0
4.0 37.7804 -122.4128 888.0 15.0
4.0 37.7732 -122.4031 894.0 16.0
4.0 37.7828 -122.3952 905.0 17.0
4.0 37.6157 -122.3915 924.0 18.0
4.0 37.7882 -122.4047 977.0 19.0
4.0 37.8000 -122.4075 984.0 20.0
4.0 37.7996 -122.4361 993.0 21.0
4.0 37.7813 -122.4609 1003.0 22.0
4.0 37.7875 -122.4624 1009.0 23.0
5.0 37.7947 -122.4255 1014.0 1.0
lati longi low_tw
37.6625 -122.4175 681.0
37.6701 -122.4244 708.0
37.6957 -122.4446 650.0
37.6695 -122.3867 503.0
37.6711 -122.3908 881.0
37.7006 -122.4097 685.0
37.6617 -122.4273 740.0
37.6886 -122.4471 574.0
37.6877 -122.4463 672.0
37.6692 -122.4197 706.0
37.6615 -122.4213 904.0
37.6676 -122.4185 516.0
37.703 -122.4124 902.0
37.6995 -122.4098 693.0
37.6756 -122.3888 608.0
37.6623 -122.4254 501.0
37.6685 -122.4212 612.0
37.6697 -122.3849 528.0
37.6719 -122.3879 870.0
37.6741 -122.3838 719.0
37.6616 -122.4268 509.0
37.6655 -122.422 597.0
37.6747 -122.3892 854.0
37.6632 -122.4257 640.0
37.6895 -122.4444 941.0
37.6684 -122.4222 798.0
37.676 -122.3887 568.0
37.6795 -122.3831 621.0
37.6749 -122.3841 545.0
37.6769 -122.3886 786.0
37.6506 -122.4575 681.0
37.6998 -122.3974 708.0
37.7354 -122.4356 650.0
37.6666 -122.4413 503.0
37.7569 -122.4061 881.0
37.7625 -122.4503 685.0
37.7578 -122.4858 740.0
37.7634 -122.4601 574.0
37.687 -122.4075 672.0
37.6544 -122.4461 706.0
37.7727 -122.4236 904.0
37.7797 -122.4275 516.0
37.7002 -122.461 902.0
37.7769 -122.4424 693.0
37.6619 -122.3944 608.0
37.7439 -122.4416 501.0
37.7245 -122.4058 612.0
37.7557 -122.4332 528.0
37.6874 -122.4102 870.0
37.7019 -122.3919 719.0
37.6647 -122.4742 509.0
37.7516 -122.4756 597.0
37.8 -122.4864 854.0
37.6899 -122.3902 640.0
37.7386 -122.435 941.0
37.7961 -122.4746 798.0
37.742 -122.4686 568.0
37.7641 -122.4083 621.0
37.7462 -122.4625 545.0
37.7383 -122.4158 786.0
