cabid lati longi timestamp sequence
4.0 37.7872 -122.4077 778.0 11.0
4.0 37.7902 -122.4309 788.0 12.0
4.0 37.7893 -122.4155 794.0 13.0
4.0 37.7895 -122.4141 796.0 14.0
4.0 37.7822 -122.4173 799.0 15.0
4.0 37.7719 -122.4253 807.0 16.0
4.0 37.7868 -122.4509 818.0 17.0
4.0 37.7869 -122.4618 822.0 18.0
4.0 37.7975 -122.4324 834.0 19.0
4.0 37.8030 -122.4200 851.0 20.0
4.0 37.8030 -122.4201 902.0 21.0
4.0 37.7867 -122.3980 996.0 22.0
4.0 37.7906 -122.4024 1005.0 23.0
4.0 37.8069 -122.4105 1016.0 24.0
4.0 37.8035 -122.4150 1019.0 25.0
5.0 37.6161 -122.3883 609.0 1.0
5.0 37.7927 -122.4021 630.0 2.0
5.0 37.6161 -122.3883 748.0 3.0
5.0 37.7881 -122.4106 766.0 4.0
5.0 37.7846 -122.4083 777.0 5.0
5.0 37.8004 -122.4171 784.0 6.0
5.0 37.7955 -122.4034 791.0 7.0
5.0 37.7862 -122.4245 805.0 8.0
5.0 37.7843 -122.4090 811.0 9.0
5.0 37.7928 -122.4186 818.0 10.0
5.0 37.6089 -122.3902 887.0 11.0
5.0 37.5543 -122.2552 904.0 12.0
5.0 37.6149 -122.3899 957.0 13.0
5.0 37.7900 -122.4260 1005.0 14.0
5.0 37.7878 -122.4082 1014.0 15.0
6.0 37.7908 -122.4325 630.0 1.0
6.0 37.7774 -122.4552 675.0 2.0
6.0 37.7880 -122.4097 686.0 3.0
6.0 37.7708 -122.4407 719.0 4.0
6.0 37.7946 -122.3931 734.0 5.0
6.0 37.7933 -122.3933 740.0 6.0
6.0 37.7950 -122.4048 747.0 7.0
6.0 37.7656 -122.3891 840.0 8.0
6.0 37.8066 -122.4423 858.0 9.0
6.0 37.8084 -122.4100 874.0 10.0
6.0 37.7873 -122.4075 886.0 11.0
6.0 37.7866 -122.4083 887.0 12.0
6.0 37.7491 -122.4164 903.0 13.0
6.0 37.7473 -122.4138 909.0 14.0
6.0 37.7157 -122.4475 923.0 15.0
6.0 37.7250 -122.4345 930.0 16.0
6.0 37.7799 -122.4320 954.0 17.0
6.0 37.7899 -122.4056 964.0 18.0
6.0 37.7809 -122.3916 971.0 19.0
6.0 37.7764 -122.3958 979.0 20.0
6.0 37.7551 -122.4254 998.0 21.0
6.0 37.7587 -122.4212 1002.0 22.0
6.0 37.7733 -122.4215 1009.0 23.0
6.0 37.7752 -122.4192 1010.0 24.0
6.0 37.7730 -122.4323 1019.0 25.0
1.0 37.7899 -122.3994 552.0 1.0
1.0 37.7874 -122.4083 582.0 2.0
1.0 37.7934 -122.3981 591.0 3.0
1.0 37.8006 -122.4373 620.0 4.0
1.0 37.7893 -122.4019 633.0 5.0
1.0 37.7905 -122.3977 636.0 6.0
1.0 37.7838 -122.3992 642.0 7.0
1.0 37.7874 -122.4082 655.0 8.0
1.0 37.7924 -122.4108 659.0 9.0
1.0 37.7869 -122.4093 665.0 10.0
1.0 37.7751 -122.4039 673.0 11.0
1.0 37.7932 -122.4208 687.0 12.0
1.0 37.7932 -122.4139 690.0 13.0
1.0 37.7679 -122.4290 713.0 14.0
1.0 37.7668 -122.3999 725.0 15.0
1.0 37.7626 -122.3961 732.0 16.0
1.0 37.7514 -122.3943 739.0 17.0
1.0 37.6152 -122.3902 785.0 18.0
1.0 37.7851 -122.4005 800.0 19.0
1.0 37.6161 -122.3883 821.0 20.0
1.0 37.6583 -122.4848 842.0 21.0
1.0 37.6153 -122.3902 857.0 22.0
1.0 37.5313 -122.2650 878.0 23.0
1.0 37.7560 -122.4052 920.0 24.0
1.0 37.7523 -122.4183 926.0 25.0
1.0 37.7523 -122.4187 931.0 26.0
1.0 37.7483 -122.4203 933.0 27.0
2.0 37.6150 -122.3924 633.0 1.0
2.0 37.7918 -122.4105 654.0 2.0
2.0 37.7904 -122.4207 668.0 3.0
2.0 37.7871 -122.4487 675.0 4.0
2.0 37.7886 -122.4501 678.0 5.0
2.0 37.7840 -122.4079 693.0 6.0
2.0 37.7922 -122.4083 713.0 7.0
2.0 37.8062 -122.4240 724.0 8.0
2.0 37.7939 -122.4313 736.0 9.0
2.0 37.7944 -122.4019 750.0 10.0
2.0 37.7921 -122.4069 755.0 11.0
2.0 37.7998 -122.4157 760.0 12.0
2.0 37.7899 -122.4257 768.0 13.0
2.0 37.7955 -122.3990 788.0 14.0
2.0 37.7946 -122.3995 790.0 15.0
2.0 37.7879 -122.4014 797.0 16.0
2.0 37.7873 -122.4004 798.0 17.0
2.0 37.7740 -122.3990 805.0 18.0
2.0 37.7740 -122.3990 809.0 19.0
2.0 37.7884 -122.4087 817.0 20.0
2.0 37.7892 -122.4088 818.0 21.0
2.0 37.7998 -122.4375 827.0 22.0
2.0 37.7970 -122.4364 838.0 23.0
2.0 37.7875 -122.4404 843.0 24.0
2.0 37.7733 -122.4376 849.0 25.0
2.0 37.7791 -122.4519 911.0 26.0
2.0 37.8083 -122.4099 927.0 27.0
2.0 37.8066 -122.4206 931.0 28.0
lati longi low_tw
37.708 -122.4042 811.0
37.7622 -122.4382 541.0
37.7486 -122.4395 786.0
37.6722 -122.3941 907.0
37.7991 -122.4563 892.0
37.7417 -122.4275 657.0
37.7378 -122.4325 585.0
37.7687 -122.4875 935.0
37.6586 -122.4366 859.0
37.6703 -122.4677 666.0
37.7968 -122.4504 572.0
37.6921 -122.466 760.0
37.7271 -122.3951 882.0
37.7362 -122.3931 580.0
37.7173 -122.3972 758.0
37.6523 -122.4204 915.0
37.6686 -122.467 782.0
37.7277 -122.3977 733.0
37.6915 -122.4139 942.0
37.7907 -122.4006 748.0
37.749 -122.4205 509.0
37.7463 -122.4163 727.0
37.6822 -122.4515 562.0
37.7583 -122.4594 641.0
37.7049 -122.4679 618.0
37.7384 -122.4249 939.0
37.7492 -122.4787 873.0
37.7571 -122.4116 871.0
37.6759 -122.4031 733.0
37.6985 -122.4167 902.0
37.6846 -122.4902 554.0
37.6574 -122.4175 790.0
37.6864 -122.4789 580.0
37.742 -122.4773 643.0
37.6718 -122.4781 496.0
37.7001 -122.4451 772.0
37.7698 -122.4482 907.0
37.743 -122.3906 897.0
37.781 -122.4188 786.0
37.7719 -122.4095 515.0
37.7779 -122.3957 951.0
37.7024 -122.4773 714.0
37.6524 -122.4649 649.0
37.6985 -122.4831 949.0
37.7655 -122.4478 717.0
37.714 -122.439 659.0
37.6941 -122.4948 581.0
37.7137 -122.4981 804.0
37.7873 -122.3935 690.0
37.7292 -122.4909 505.0
37.7626 -122.4015 777.0
37.6599 -122.4809 624.0
37.7339 -122.4924 620.0
37.7197 -122.469 596.0
37.6534 -122.4744 918.0
37.7096 -122.482 493.0
37.7491 -122.4933 536.0
37.7015 -122.4132 582.0
37.665 -122.4936 836.0
37.7673 -122.4611 803.0
37.6886 -122.4882 811.0
37.6883 -122.4949 541.0
37.7427 -122.4558 786.0
37.6937 -122.488 907.0
37.6968 -122.4966 892.0
37.74 -122.4478 657.0
37.7351 -122.4561 585.0
37.7985 -122.4363 935.0
37.7668 -122.4633 859.0
37.7413 -122.4555 666.0
37.7404 -122.4518 572.0
37.8009 -122.429 760.0
37.6956 -122.488 882.0
37.7349 -122.4529 580.0
37.7966 -122.428 758.0
37.6879 -122.4879 915.0
37.77 -122.4578 782.0
37.7734 -122.4575 733.0
37.8 -122.4311 942.0
37.7518 -122.4924 748.0
37.7692 -122.4613 509.0
37.7411 -122.4496 727.0
37.7409 -122.4518 562.0
37.7973 -122.4325 641.0
37.7955 -122.4323 618.0
37.7434 -122.4486 939.0
37.7973 -122.4364 873.0
37.7696 -122.4625 871.0
37.6961 -122.4901 733.0
37.799 -122.4367 902.0
37.7378 -122.4496 554.0
37.739 -122.4479 790.0
37.7463 -122.4861 580.0
37.7962 -122.4295 643.0
37.7755 -122.4647 496.0
37.6966 -122.4872 772.0
37.7675 -122.4591 907.0
37.6886 -122.4889 897.0
37.7428 -122.4862 786.0
37.7454 -122.489 515.0
37.75 -122.4942 951.0
37.7744 -122.4636 714.0
37.7401 -122.4554 649.0
37.7398 -122.4477 949.0
37.7689 -122.4595 717.0
37.7687 -122.4596 659.0
37.8026 -122.4318 581.0
37.75 -122.4938 804.0
37.7359 -122.4553 690.0
37.7677 -122.4669 505.0
37.7448 -122.4895 777.0
37.7384 -122.4503 624.0
37.7477 -122.4911 620.0
37.7479 -122.4943 596.0
37.6969 -122.4894 918.0
37.7436 -122.45 493.0
37.7369 -122.448 536.0
37.7687 -122.4593 582.0
37.6953 -122.4925 836.0
37.6528 -122.4553 803.0
