cabid lati longi timestamp sequence
4.0 37.7906 -122.4208 609.0 6.0
4.0 37.7864 -122.4078 617.0 7.0
4.0 37.7652 -122.4194 627.0 8.0
4.0 37.7836 -122.4082 636.0 9.0
4.0 37.7869 -122.4189 645.0 10.0
4.0 37.7773 -122.4087 653.0 11.0
4.0 37.7782 -122.4099 655.0 12.0
4.0 37.7866 -122.4052 663.0 13.0
4.0 37.7874 -122.4104 666.0 14.0
4.0 37.7839 -122.4377 671.0 15.0
4.0 37.7830 -122.4321 678.0 16.0
4.0 37.7781 -122.4279 683.0 17.0
4.0 37.7820 -122.4279 693.0 18.0
4.0 37.7799 -122.4152 698.0 19.0
4.0 37.7845 -122.4068 708.0 20.0
4.0 37.7918 -122.4072 717.0 21.0
4.0 37.7951 -122.4013 744.0 22.0
4.0 37.7901 -122.4058 751.0 23.0
4.0 37.7936 -122.4017 756.0 24.0
4.0 37.7904 -122.4225 762.0 25.0
4.0 37.8027 -122.4295 783.0 26.0
4.0 37.6179 -122.3857 810.0 27.0
4.0 37.7460 -122.3873 847.0 28.0
4.0 37.7815 -122.4654 866.0 29.0
4.0 37.7860 -122.4572 870.0 30.0
4.0 37.8025 -122.4306 887.0 31.0
4.0 37.7860 -122.4197 922.0 32.0
4.0 37.7637 -122.3977 932.0 33.0
5.0 37.6165 -122.3880 540.0 1.0
5.0 37.6426 -122.4663 554.0 2.0
5.0 37.6165 -122.3879 598.0 3.0
5.0 37.7902 -122.4032 617.0 4.0
5.0 37.6160 -122.3883 734.0 5.0
5.0 37.5076 -122.2514 748.0 6.0
5.0 37.6154 -122.3902 776.0 7.0
5.0 37.8033 -122.4104 802.0 8.0
5.0 37.8084 -122.4101 811.0 9.0
5.0 37.7850 -122.4349 827.0 10.0
5.0 37.7843 -122.4402 833.0 11.0
5.0 37.7797 -122.4385 841.0 12.0
5.0 37.7849 -122.4207 848.0 13.0
5.0 37.7918 -122.3942 863.0 14.0
5.0 37.7398 -122.4240 914.0 15.0
5.0 37.7409 -122.4229 915.0 16.0
5.0 37.7608 -122.4259 925.0 17.0
5.0 37.7866 -122.3978 937.0 18.0
5.0 37.7899 -122.4052 941.0 19.0
5.0 37.6177 -122.3872 971.0 20.0
5.0 37.7112 -122.3920 988.0 21.0
5.0 37.8064 -122.4151 1013.0 22.0
6.0 37.6657 -122.3854 724.0 1.0
6.0 37.6648 -122.3855 725.0 2.0
6.0 37.6611 -122.4031 746.0 3.0
6.0 37.7859 -122.4019 759.0 4.0
6.0 37.7857 -122.4096 778.0 5.0
6.0 37.8082 -122.4166 790.0 6.0
6.0 37.7943 -122.4034 797.0 7.0
6.0 37.7893 -122.3917 807.0 8.0
6.0 37.7858 -122.4098 833.0 9.0
6.0 37.7853 -122.3982 840.0 10.0
6.0 37.7875 -122.4032 844.0 11.0
6.0 37.7687 -122.4131 854.0 12.0
6.0 37.7963 -122.4122 866.0 13.0
6.0 37.7855 -122.4096 887.0 14.0
6.0 37.6878 -122.3903 914.0 15.0
1.0 37.6132 -122.3842 616.0 1.0
1.0 37.7449 -122.4400 642.0 2.0
1.0 37.7882 -122.4034 662.0 3.0
1.0 37.7910 -122.3994 664.0 4.0
1.0 37.6150 -122.3851 683.0 5.0
1.0 37.6172 -122.3875 773.0 6.0
1.0 37.7831 -122.4178 790.0 7.0
1.0 37.7873 -122.4168 794.0 8.0
1.0 37.7764 -122.4179 799.0 9.0
1.0 37.7882 -122.4030 811.0 10.0
2.0 37.7767 -122.3955 542.0 1.0
2.0 37.7923 -122.4061 552.0 2.0
2.0 37.7610 -122.4306 586.0 3.0
2.0 37.7882 -122.4166 601.0 4.0
2.0 37.7926 -122.4335 615.0 5.0
2.0 37.7576 -122.4189 625.0 6.0
2.0 37.7624 -122.4351 638.0 7.0
2.0 37.7945 -122.4029 654.0 8.0
2.0 37.7929 -122.4009 656.0 9.0
2.0 37.7890 -122.4117 661.0 10.0
2.0 37.7848 -122.4001 694.0 11.0
2.0 37.7742 -122.4294 700.0 12.0
2.0 37.7738 -122.4396 710.0 13.0
2.0 37.8057 -122.4130 727.0 14.0
2.0 37.8054 -122.4119 728.0 15.0
2.0 37.7968 -122.4049 734.0 16.0
2.0 37.7930 -122.3928 760.0 17.0
2.0 37.6548 -122.3817 779.0 18.0
2.0 37.7900 -122.4040 823.0 19.0
2.0 37.7855 -122.4380 832.0 20.0
2.0 37.7912 -122.4020 875.0 21.0
2.0 37.7802 -122.3899 881.0 22.0
2.0 37.7484 -122.3968 916.0 23.0
2.0 37.7484 -122.3968 918.0 24.0
2.0 37.7036 -122.3941 937.0 25.0
3.0 37.6161 -122.3842 541.0 1.0
3.0 37.6152 -122.3901 664.0 2.0
3.0 37.6142 -122.3945 691.0 3.0
3.0 37.6152 -122.3902 701.0 4.0
3.0 37.7949 -122.4005 728.0 5.0
3.0 37.8010 -122.4047 747.0 6.0
3.0 37.7921 -122.4075 754.0 7.0
3.0 37.7916 -122.4106 760.0 8.0
3.0 37.7926 -122.3976 766.0 9.0
3.0 37.7914 -122.3917 772.0 10.0
3.0 37.7872 -122.4077 778.0 11.0
3.0 37.7902 -122.4309 788.0 12.0
3.0 37.7893 -122.4155 794.0 13.0
3.0 37.7895 -122.4141 796.0 14.0
3.0 37.7822 -122.4173 799.0 15.0
3.0 37.7719 -122.4253 807.0 16.0
3.0 37.7868 -122.4509 818.0 17.0
3.0 37.7869 -122.4618 822.0 18.0
3.0 37.7975 -122.4324 834.0 19.0
3.0 37.8030 -122.4200 851.0 20.0
3.0 37.8030 -122.4201 902.0 21.0
3.0 37.7867 -122.3980 996.0 22.0
3.0 37.7906 -122.4024 1005.0 23.0
3.0 37.8069 -122.4105 1016.0 24.0
3.0 37.8035 -122.4150 1019.0 25.0
4.0 37.6161 -122.3883 609.0 1.0
4.0 37.7927 -122.4021 630.0 2.0
4.0 37.6161 -122.3883 748.0 3.0
4.0 37.7881 -122.4106 766.0 4.0
4.0 37.7846 -122.4083 777.0 5.0
lati longi low_tw
37.6671 -122.3941 793.0
37.7583 -122.4133 711.0
37.7769 -122.404 781.0
37.7935 -122.4352 778.0
37.7826 -122.3916 568.0
37.7913 -122.4006 831.0
37.7864 -122.3917 490.0
37.7748 -122.396 749.0
37.7932 -122.4296 925.0
37.7712 -122.4061 860.0
37.7885 -122.4089 884.0
37.773 -122.3948 734.0
37.7661 -122.4686 831.0
37.7997 -122.4093 526.0
37.7676 -122.4139 759.0
37.6584 -122.4763 862.0
37.7927 -122.3928 547.0
37.7995 -122.399 554.0
37.7674 -122.3934 846.0
37.7254 -122.448 635.0
37.7354 -122.4154 878.0
37.7943 -122.4181 885.0
37.7584 -122.3954 739.0
37.7555 -122.4593 626.0
37.7547 -122.4059 859.0
37.7913 -122.4206 727.0
37.7869 -122.4561 738.0
37.7698 -122.4007 902.0
37.7949 -122.3912 870.0
37.7956 -122.4068 915.0
37.7634 -122.4133 817.0
37.7915 -122.4256 893.0
37.7714 -122.3998 632.0
37.7781 -122.4135 573.0
37.7702 -122.4191 534.0
37.7604 -122.3986 539.0
37.7714 -122.4239 813.0
37.7885 -122.4222 706.0
37.7722 -122.3909 650.0
37.7969 -122.4034 605.0
37.7848 -122.4469 776.0
37.7023 -122.45 590.0
37.7076 -122.4903 696.0
37.7791 -122.4268 577.0
37.6708 -122.4292 541.0
37.6555 -122.4721 525.0
37.7579 -122.4078 828.0
37.7661 -122.4215 603.0
37.7769 -122.4622 610.0
37.7525 -122.3924 675.0
37.6785 -122.4796 793.0
37.7821 -122.4014 711.0
37.7567 -122.4152 781.0
37.7876 -122.3944 778.0
37.7811 -122.4001 568.0
37.7594 -122.4249 831.0
37.7692 -122.4234 490.0
37.661 -122.4352 749.0
37.7611 -122.4107 925.0
37.7663 -122.4258 860.0
37.7585 -122.4005 884.0
37.7723 -122.3906 734.0
37.772 -122.409 831.0
37.669 -122.4266 526.0
37.769 -122.4043 759.0
37.7016 -122.4538 862.0
37.767 -122.3969 547.0
37.6846 -122.4972 554.0
37.7573 -122.4014 846.0
37.6794 -122.4478 635.0
37.7941 -122.4252 878.0
37.7676 -122.4161 885.0
37.7417 -122.4781 739.0
37.6904 -122.4508 626.0
37.7234 -122.4687 859.0
37.7731 -122.406 727.0
37.7581 -122.4076 738.0
37.7503 -122.4996 902.0
37.6797 -122.4343 870.0
37.681 -122.416 915.0
37.7723 -122.4215 817.0
37.7574 -122.4084 893.0
37.7796 -122.3907 632.0
37.7741 -122.3932 573.0
37.7595 -122.3929 534.0
37.7811 -122.4261 539.0
37.7663 -122.3919 813.0
37.7975 -122.418 706.0
37.7569 -122.413 650.0
37.764 -122.4809 605.0
37.7637 -122.4196 776.0
37.6709 -122.4181 590.0
37.7832 -122.402 696.0
37.7338 -122.3983 577.0
37.6869 -122.3947 541.0
37.731 -122.448 525.0
37.7742 -122.4265 828.0
37.7762 -122.4138 603.0
37.7574 -122.4044 610.0
37.7579 -122.4271 675.0
