cabid lati longi timestamp sequence
4.0 37.6165 -122.3879 598.0 3.0
4.0 37.7902 -122.4032 617.0 4.0
4.0 37.6160 -122.3883 734.0 5.0
4.0 37.5076 -122.2514 748.0 6.0
4.0 37.6154 -122.3902 776.0 7.0
4.0 37.8033 -122.4104 802.0 8.0
4.0 37.8084 -122.4101 811.0 9.0
4.0 37.7850 -122.4349 827.0 10.0
4.0 37.7843 -122.4402 833.0 11.0
4.0 37.7797 -122.4385 841.0 12.0
4.0 37.7849 -122.4207 848.0 13.0
4.0 37.7918 -122.3942 863.0 14.0
4.0 37.7398 -122.4240 914.0 15.0
4.0 37.7409 -122.4229 915.0 16.0
4.0 37.7608 -122.4259 925.0 17.0
4.0 37.7866 -122.3978 937.0 18.0
4.0 37.7899 -122.4052 941.0 19.0
4.0 37.6177 -122.3872 971.0 20.0
4.0 37.7112 -122.3920 988.0 21.0
4.0 37.8064 -122.4151 1013.0 22.0
5.0 37.7483 -122.4250 543.0 1.0
5.0 37.7838 -122.4192 556.0 2.0
5.0 37.7856 -122.4097 593.0 3.0
5.0 37.6647 -122.3853 723.0 4.0
5.0 37.6657 -122.3854 724.0 5.0
5.0 37.6648 -122.3855 725.0 6.0
5.0 37.6611 -122.4031 746.0 7.0
5.0 37.7859 -122.4019 759.0 8.0
5.0 37.7857 -122.4096 778.0 9.0
5.0 37.8082 -122.4166 790.0 10.0
5.0 37.7943 -122.4034 797.0 11.0
5.0 37.7893 -122.3917 807.0 12.0
5.0 37.7858 -122.4098 833.0 13.0
5.0 37.7853 -122.3982 840.0 14.0
5.0 37.7875 -122.4032 844.0 15.0
5.0 37.7687 -122.4131 854.0 16.0
5.0 37.7963 -122.4122 866.0 17.0
5.0 37.7855 -122.4096 887.0 18.0
5.0 37.6878 -122.3903 914.0 19.0
6.0 37.7899 -122.3910 665.0 1.0
6.0 37.7959 -122.3971 695.0 2.0
6.0 37.8028 -122.4019 698.0 3.0
6.0 37.7675 -122.3936 900.0 4.0
6.0 37.7892 -122.4070 909.0 5.0
6.0 37.7852 -122.4327 918.0 6.0
6.0 37.7911 -122.4160 923.0 7.0
6.0 37.7911 -122.4038 927.0 8.0
6.0 37.7941 -122.3976 931.0 9.0
6.0 37.7850 -122.4215 938.0 10.0
6.0 37.7848 -122.4087 954.0 11.0
6.0 37.7891 -122.4115 955.0 12.0
6.0 37.7941 -122.3976 978.0 13.0
6.0 37.7903 -122.4090 983.0 14.0
6.0 37.7877 -122.4084 990.0 15.0
6.0 37.7602 -122.4372 1006.0 16.0
1.0 37.7575 -122.4090 577.0 1.0
1.0 37.6820 -122.3888 619.0 2.0
1.0 37.7833 -122.4404 712.0 3.0
1.0 37.7239 -122.4359 740.0 4.0
2.0 37.6132 -122.3842 616.0 1.0
2.0 37.7449 -122.4400 642.0 2.0
2.0 37.7882 -122.4034 662.0 3.0
2.0 37.7910 -122.3994 664.0 4.0
2.0 37.6150 -122.3851 683.0 5.0
2.0 37.6172 -122.3875 773.0 6.0
2.0 37.7831 -122.4178 790.0 7.0
2.0 37.7873 -122.4168 794.0 8.0
2.0 37.7764 -122.4179 799.0 9.0
2.0 37.7882 -122.4030 811.0 10.0
2.0 37.7869 -122.3881 820.0 11.0
2.0 37.7831 -122.3892 825.0 12.0
2.0 37.6180 -122.3865 842.0 13.0
2.0 37.7886 -122.4056 999.0 14.0
2.0 37.7858 -122.4211 1003.0 15.0
2.0 37.7721 -122.4141 1018.0 16.0
3.0 37.7767 -122.3955 542.0 1.0
3.0 37.7923 -122.4061 552.0 2.0
3.0 37.7610 -122.4306 586.0 3.0
3.0 37.7882 -122.4166 601.0 4.0
3.0 37.7926 -122.4335 615.0 5.0
3.0 37.7576 -122.4189 625.0 6.0
3.0 37.7624 -122.4351 638.0 7.0
3.0 37.7945 -122.4029 654.0 8.0
3.0 37.7929 -122.4009 656.0 9.0
3.0 37.7890 -122.4117 661.0 10.0
3.0 37.7848 -122.4001 694.0 11.0
3.0 37.7742 -122.4294 700.0 12.0
3.0 37.7738 -122.4396 710.0 13.0
3.0 37.8057 -122.4130 727.0 14.0
3.0 37.8054 -122.4119 728.0 15.0
3.0 37.7968 -122.4049 734.0 16.0
3.0 37.7930 -122.3928 760.0 17.0
3.0 37.6548 -122.3817 779.0 18.0
3.0 37.7900 -122.4040 823.0 19.0
3.0 37.7855 -122.4380 832.0 20.0
3.0 37.7912 -122.4020 875.0 21.0
3.0 37.7802 -122.3899 881.0 22.0
3.0 37.7484 -122.3968 916.0 23.0
3.0 37.7484 -122.3968 918.0 24.0
3.0 37.7036 -122.3941 937.0 25.0
4.0 37.6161 -122.3842 541.0 1.0
4.0 37.6152 -122.3901 664.0 2.0
4.0 37.6142 -122.3945 691.0 3.0
4.0 37.6152 -122.3902 701.0 4.0
4.0 37.7949 -122.4005 728.0 5.0
4.0 37.8010 -122.4047 747.0 6.0
4.0 37.7921 -122.4075 754.0 7.0
4.0 37.7916 -122.4106 760.0 8.0
4.0 37.7926 -122.3976 766.0 9.0
4.0 37.7914 -122.3917 772.0 10.0
lati longi low_tw
37.6844 -122.4395 711.0
37.6801 -122.4038 781.0
37.6638 -122.4697 778.0
37.6883 -122.4197 568.0
37.7108 -122.4025 831.0
37.6556 -122.4082 490.0
37.7375 -122.4493 749.0
37.7026 -122.4953 925.0
37.7116 -122.4618 860.0
37.6561 -122.4809 884.0
37.6898 -122.4701 734.0
37.6564 -122.4447 831.0
37.6725 -122.485 526.0
37.7984 -122.4367 759.0
37.7104 -122.4747 862.0
37.721 -122.4405 547.0
37.6681 -122.4751 554.0
37.7571 -122.4994 846.0
37.7225 -122.4287 635.0
37.7398 -122.3962 878.0
37.7677 -122.484 885.0
37.6606 -122.4988 739.0
37.6838 -122.4284 626.0
37.6626 -122.4453 859.0
37.7291 -122.4526 727.0
37.6847 -122.4874 738.0
37.7555 -122.4086 902.0
37.6703 -122.4673 870.0
37.7445 -122.4003 915.0
37.7098 -122.4809 817.0
37.7648 -122.4904 893.0
37.7401 -122.4335 632.0
37.6903 -122.4887 573.0
37.6545 -122.4904 534.0
37.7132 -122.4195 539.0
37.7373 -122.4814 813.0
37.7836 -122.4371 706.0
37.6868 -122.4839 650.0
37.682 -122.4345 605.0
37.759 -122.4129 776.0
37.6822 -122.4372 711.0
37.7772 -122.4747 781.0
37.7709 -122.4389 778.0
37.6535 -122.4932 568.0
37.7003 -122.4889 831.0
37.7277 -122.4284 490.0
37.7318 -122.4322 749.0
37.7868 -122.4541 925.0
37.7879 -122.4053 860.0
37.7034 -122.3941 884.0
37.762 -122.4073 734.0
37.7166 -122.4253 831.0
37.768 -122.483 526.0
37.7484 -122.3954 759.0
37.6591 -122.4109 862.0
37.7721 -122.4607 547.0
37.6927 -122.4048 554.0
37.7446 -122.4726 846.0
37.6666 -122.4585 635.0
37.688 -122.4106 878.0
37.7808 -122.4774 885.0
37.6955 -122.3981 739.0
37.7117 -122.4144 626.0
37.7276 -122.4258 859.0
37.7843 -122.4088 727.0
37.6894 -122.439 738.0
37.6523 -122.4384 902.0
37.7213 -122.4039 870.0
37.6999 -122.4318 915.0
37.7037 -122.4279 817.0
37.737 -122.4273 893.0
37.676 -122.4154 632.0
37.7962 -122.4061 573.0
37.6928 -122.4116 534.0
37.7288 -122.4871 539.0
37.782 -122.4288 813.0
37.7479 -122.4573 706.0
37.7702 -122.4197 650.0
37.7329 -122.4438 605.0
37.7574 -122.4409 776.0
