cabid lati longi timestamp sequence
1.0 37.7857 -122.4131 540.0 1.0
1.0 37.7601 -122.4305 555.0 2.0
1.0 37.7789 -122.3958 567.0 3.0
1.0 37.7700 -122.4470 585.0 4.0
1.0 37.7772 -122.3952 595.0 5.0
1.0 37.7844 -122.4209 604.0 6.0
1.0 37.7882 -122.4085 609.0 7.0
2.0 37.7860 -122.4090 607.0 1.0
2.0 37.6156 -122.3885 682.0 2.0
2.0 37.5880 -122.3573 728.0 3.0
2.0 37.5538 -122.3006 734.0 4.0
2.0 37.6298 -122.4024 764.0 5.0
2.0 37.6510 -122.3837 770.0 6.0
2.0 37.6465 -122.4063 801.0 7.0
2.0 37.7851 -122.4049 817.0 8.0
2.0 37.7892 -122.4032 827.0 9.0
2.0 37.7877 -122.4437 835.0 10.0
2.0 37.7797 -122.4185 848.0 11.0
2.0 37.7846 -122.4039 854.0 12.0
2.0 37.7685 -122.4164 888.0 13.0
2.0 37.7453 -122.4176 896.0 14.0
2.0 37.7624 -122.4194 903.0 15.0
2.0 37.7538 -122.3988 914.0 16.0
2.0 37.7727 -122.4028 919.0 17.0
2.0 37.7788 -122.4149 923.0 18.0
2.0 37.7953 -122.4033 951.0 19.0
2.0 37.7783 -122.4403 960.0 20.0
2.0 37.7795 -122.4387 962.0 21.0
2.0 37.7839 -122.4438 965.0 22.0
2.0 37.7874 -122.4527 970.0 23.0
2.0 37.7460 -122.4158 992.0 24.0
2.0 37.7569 -122.4208 999.0 25.0
2.0 37.7746 -122.4240 1007.0 26.0
2.0 37.7863 -122.4112 1013.0 27.0
3.0 37.7828 -122.4122 543.0 1.0
3.0 37.7760 -122.4027 546.0 2.0
3.0 37.7645 -122.4186 557.0 3.0
3.0 37.7584 -122.4188 560.0 4.0
3.0 37.7574 -122.4190 562.0 5.0
3.0 37.7642 -122.4653 576.0 6.0
3.0 37.7663 -122.4540 580.0 7.0
3.0 37.7699 -122.4537 582.0 8.0
3.0 37.7727 -122.4410 584.0 9.0
3.0 37.7551 -122.4041 829.0 10.0
3.0 37.7966 -122.4243 847.0 11.0
3.0 37.7847 -122.4089 885.0 12.0
3.0 37.7880 -122.4187 891.0 13.0
3.0 37.7909 -122.4176 894.0 14.0
3.0 37.7641 -122.4570 910.0 15.0
3.0 37.7638 -122.4572 911.0 16.0
3.0 37.7824 -122.4022 927.0 17.0
3.0 37.7847 -122.4090 933.0 18.0
3.0 37.7804 -122.3899 941.0 19.0
3.0 37.8008 -122.4014 957.0 20.0
3.0 37.7917 -122.4097 963.0 21.0
3.0 37.7922 -122.3947 983.0 22.0
3.0 37.7799 -122.4321 1003.0 23.0
3.0 37.7781 -122.4351 1014.0 24.0
4.0 37.6159 -122.3888 644.0 1.0
4.0 37.7898 -122.4034 665.0 2.0
4.0 37.7925 -122.3981 714.0 3.0
4.0 37.7904 -122.4274 720.0 4.0
4.0 37.7855 -122.4003 772.0 5.0
4.0 37.7850 -122.4093 777.0 6.0
4.0 37.7926 -122.4036 801.0 7.0
4.0 37.7891 -122.4081 805.0 8.0
4.0 37.7931 -122.3973 820.0 9.0
4.0 37.7883 -122.4466 833.0 10.0
4.0 37.7919 -122.4096 843.0 11.0
4.0 37.6164 -122.3884 870.0 12.0
4.0 37.7917 -122.4074 980.0 13.0
4.0 37.8077 -122.4190 989.0 14.0
4.0 37.8077 -122.4190 990.0 15.0
4.0 37.7919 -122.4125 998.0 16.0
4.0 37.7918 -122.4073 1003.0 17.0
4.0 37.7968 -122.3994 1010.0 18.0
5.0 37.7695 -122.4442 628.0 1.0
5.0 37.7541 -122.4394 636.0 2.0
5.0 37.7742 -122.4408 651.0 3.0
5.0 37.7637 -122.4572 657.0 4.0
5.0 37.7638 -122.4580 663.0 5.0
5.0 37.6179 -122.3868 714.0 6.0
5.0 37.6162 -122.3882 801.0 7.0
5.0 37.7514 -122.3943 819.0 8.0
5.0 37.7546 -122.4050 830.0 9.0
5.0 37.7523 -122.4181 839.0 10.0
5.0 37.7573 -122.4188 842.0 11.0
5.0 37.7959 -122.4293 858.0 12.0
5.0 37.7913 -122.3989 869.0 13.0
5.0 37.7689 -122.4277 879.0 14.0
5.0 37.7804 -122.4128 888.0 15.0
5.0 37.7732 -122.4031 894.0 16.0
5.0 37.7828 -122.3952 905.0 17.0
5.0 37.6157 -122.3915 924.0 18.0
5.0 37.7882 -122.4047 977.0 19.0
5.0 37.8000 -122.4075 984.0 20.0
5.0 37.7996 -122.4361 993.0 21.0
5.0 37.7813 -122.4609 1003.0 22.0
5.0 37.7875 -122.4624 1009.0 23.0
6.0 37.7942 -122.4232 542.0 1.0
6.0 37.7877 -122.4121 547.0 2.0
6.0 37.7772 -122.3948 555.0 3.0
6.0 37.7925 -122.3977 578.0 4.0
6.0 37.7806 -122.4188 588.0 5.0
6.0 37.7848 -122.4051 593.0 6.0
6.0 37.7872 -122.4013 610.0 7.0
6.0 37.7811 -122.4204 616.0 8.0
6.0 37.7817 -122.4227 622.0 9.0
6.0 37.7824 -122.4400 629.0 10.0
6.0 37.7845 -122.4397 631.0 11.0
6.0 37.7884 -122.4089 637.0 12.0
6.0 37.7858 -122.4049 690.0 13.0
6.0 37.6180 -122.3863 710.0 14.0
6.0 37.7484 -122.4119 944.0 15.0
6.0 37.7520 -122.4184 946.0 16.0
6.0 37.7520 -122.4184 947.0 17.0
6.0 37.7979 -122.4297 961.0 18.0
6.0 37.7972 -122.4355 964.0 19.0
6.0 37.7901 -122.4028 977.0 20.0
6.0 37.7903 -122.4016 978.0 21.0
6.0 37.7709 -122.4170 985.0 22.0
6.0 37.7855 -122.4001 1001.0 23.0
6.0 37.7947 -122.4255 1014.0 24.0
7.0 37.7848 -122.4086 947.0 1.0
7.0 37.7901 -122.4169 951.0 2.0
7.0 37.7859 -122.4107 963.0 3.0
7.0 37.7805 -122.3906 989.0 4.0
7.0 37.7765 -122.3957 996.0 5.0
7.0 37.7863 -122.4150 1006.0 6.0
7.0 37.7879 -122.4116 1009.0 7.0
lati longi low_tw
37.7654 -122.4687 646.0
37.7524 -122.4214 740.0
37.6742 -122.4778 855.0
37.6655 -122.491 906.0
37.6647 -122.4969 632.0
37.6514 -122.4239 781.0
37.6838 -122.4363 775.0
37.7053 -122.4039 758.0
37.7163 -122.4837 796.0
37.7193 -122.4837 567.0
37.6809 -122.4441 581.0
37.7906 -122.4331 564.0
37.743 -122.4448 665.0
37.6757 -122.4824 631.0
37.7215 -122.4272 825.0
37.7746 -122.497 636.0
37.7691 -122.4051 594.0
37.7395 -122.4899 496.0
37.7857 -122.4175 685.0
37.6959 -122.4516 879.0
37.671 -122.4969 557.0
37.7242 -122.4796 782.0
37.7325 -122.471 882.0
37.6974 -122.4688 879.0
37.6935 -122.4686 597.0
37.7646 -122.4002 512.0
37.6691 -122.4672 678.0
37.7458 -122.4938 756.0
37.7026 -122.4176 638.0
37.6627 -122.4921 805.0
37.7174 -122.3934 848.0
37.6626 -122.4735 675.0
37.7551 -122.4181 677.0
37.7627 -122.4701 636.0
37.7717 -122.4999 889.0
37.7892 -122.4717 560.0
37.7649 -122.4086 502.0
37.7657 -122.4798 870.0
37.6582 -122.3972 811.0
37.791 -122.4001 614.0
37.7806 -122.4792 800.0
37.797 -122.4675 883.0
37.7891 -122.492 853.0
37.7786 -122.4312 679.0
37.7652 -122.437 811.0
37.7002 -122.4029 626.0
37.6681 -122.4022 550.0
37.6504 -122.403 743.0
37.6576 -122.4764 778.0
37.7202 -122.439 516.0
37.6986 -122.437 683.0
37.6688 -122.4289 515.0
37.6653 -122.4947 863.0
37.7065 -122.4339 658.0
37.7637 -122.4038 921.0
37.6919 -122.4105 756.0
37.7865 -122.4707 885.0
37.7619 -122.4108 697.0
37.669 -122.4923 869.0
37.76 -122.4408 705.0
37.7295 -122.4241 774.0
37.6865 -122.4486 732.0
37.7907 -122.4597 711.0
37.7563 -122.4396 899.0
37.6551 -122.4316 724.0
37.7695 -122.4087 634.0
37.709 -122.3969 768.0
37.7437 -122.4649 677.0
37.7852 -122.4218 659.0
37.681 -122.4778 488.0
37.7875 -122.4943 646.0
37.779 -122.4093 740.0
37.6744 -122.4146 855.0
37.7375 -122.401 906.0
37.7392 -122.4483 632.0
37.6536 -122.4999 781.0
37.7896 -122.461 775.0
37.7931 -122.4045 758.0
37.7157 -122.4663 796.0
37.6883 -122.4781 567.0
37.7802 -122.4427 581.0
37.7934 -122.4134 564.0
37.7744 -122.4914 665.0
37.7051 -122.4666 631.0
37.7142 -122.4852 825.0
37.7779 -122.4894 636.0
37.7858 -122.4547 594.0
37.6578 -122.3969 496.0
37.6632 -122.4869 685.0
37.6538 -122.4199 879.0
37.6939 -122.3996 557.0
37.6909 -122.419 782.0
37.7684 -122.4051 882.0
37.7428 -122.4109 879.0
37.7882 -122.4607 597.0
37.6641 -122.4783 512.0
37.6809 -122.4162 678.0
37.7496 -122.4964 756.0
37.7853 -122.4954 638.0
37.6907 -122.4643 805.0
37.7225 -122.3956 848.0
37.7596 -122.4492 675.0
37.7899 -122.4046 677.0
37.7351 -122.4088 636.0
37.6523 -122.4736 889.0
37.7278 -122.418 560.0
37.6707 -122.4995 502.0
37.7072 -122.3975 870.0
37.7899 -122.473 811.0
37.6934 -122.494 614.0
37.7747 -122.4271 800.0
37.7583 -122.3967 883.0
37.7819 -122.4054 853.0
37.7893 -122.4613 679.0
37.7747 -122.4628 811.0
37.6849 -122.4474 626.0
37.75 -122.4221 550.0
37.7999 -122.4388 743.0
37.7963 -122.4414 778.0
37.7173 -122.436 516.0
37.7375 -122.4027 683.0
37.7173 -122.4479 515.0
37.6613 -122.498 863.0
37.6576 -122.4395 658.0
37.7162 -122.4112 921.0
37.662 -122.4523 756.0
37.7634 -122.4054 885.0
37.7505 -122.4209 697.0
37.6894 -122.4795 869.0
37.7471 -122.4175 705.0
37.6844 -122.4961 774.0
37.7589 -122.428 732.0
37.7223 -122.393 711.0
37.7812 -122.4631 899.0
37.6986 -122.4177 724.0
37.674 -122.4582 634.0
37.7555 -122.4186 768.0
37.7668 -122.4538 677.0
37.7748 -122.449 659.0
37.7844 -122.4951 488.0
