sarp-15-30-B-1	6	6	 0 1 2 3 4 5 
sarp-15-30-B-1	5	5	 0 1 2 3 4 
sarp-15-30-B-2	5	5	 0 1 2 3 4 
sarp-15-30-C-1	5	5	 0 1 2 3 4 
sarp-15-30-C-1	6	6	 0 1 2 3 4 5 
sarp-15-30-C-2	5	5	 0 1 2 3 4 
sarp-20-10-A-1	6	6	 0 1 2 3 4 5 
sarp-20-10-A-1	7	7	 0 1 2 3 4 5 6 
sarp-20-10-A-2	9	9	 0 1 2 3 4 5 6 7 8 
sarp-20-10-B-1	6	6	 0 1 2 3 4 5 
sarp-20-10-B-2	5	5	 0 1 2 3 4 
sarp-20-10-B-2	6	6	 0 1 2 3 4 5 
sarp-20-10-B-2	7	7	 0 1 2 3 4 5 6 
sarp-20-10-C-1	7	7	 0 1 2 3 4 5 6 
sarp-20-10-C-1	5	5	 0 1 2 3 4 
sarp-20-10-C-2	7	7	 0 1 2 3 4 5 6 
sarp-20-10-C-2	7	7	 0 1 2 3 4 5 6 
sarp-20-15-A-1	6	6	 0 1 2 3 4 5 
sarp-20-15-A-2	4	4	 0 1 2 3 
sarp-20-15-A-2	6	6	 0 1 2 3 4 5 
sarp-20-15-B-1	6	6	 0 1 2 3 4 5 
sarp-20-15-B-1	7	7	 0 1 2 3 4 5 6 
sarp-20-15-B-2			
sarp-20-15-B-2			
sarp-20-15-C-1			
sarp-20-15-C-2			
sarp-20-20-A-1			
sarp-20-20-A-2			
sarp-20-20-A-2			
sarp-20-20-B-1			
sarp-20-20-B-2			
sarp-20-20-B-2			
sarp-20-20-C-1			
sarp-20-20-C-2			
