25	5	50	40
0	  37.7514	-122.3944	0	0	540	1140
1	  37.8007	-122.4297	0	3	579	639
2	  37.7398	-122.4024	0	3	837	897
3	  37.6159	-122.3978	0	3	712	772
4	  37.7972	-122.4342	0	3	783	843
5	  37.7880	-122.4104	0	3	892	952
6	  37.8053	-122.4241	0	3	906	966
7	  37.7860	-122.4013	0	3	921	981
8	  37.6152	-122.3846	0	3	922	982
9	  37.7992	-122.4091	0	3	950	1010
10	  37.7862	-122.4021	0	3	560	620
11	  37.7864	-122.3993	0	3	666	726
12	  37.5286	-122.2666	0	3	995	1055
13	  37.7769	-122.3945	0	3	737	797
14	  37.7935	-122.4262	0	3	832	892
15	  37.6706	-122.3919	0	3	872	932
16	  37.7876	-122.4103	0	3	918	978
17	  37.7948	-122.4021	0	3	692	752
18	  37.8067	-122.4122	0	3	946	1006
19	  37.7801	-122.4125	0	3	969	1029
20	  37.7908	-122.4325	0	3	772	832
21	  37.8026	-122.4399	0	3	944	1004
22	  37.7857	-122.4096	0	3	788	848
23	  37.7945	-122.4001	0	3	965	1025
24	  37.7909	-122.4054	0	3	765	825
25	  37.7981	-122.4248	0	3	652	712
26	  37.7827	-122.4192	0	3	1006	1066
27	  37.7885	-122.4070	0	3	926	986
28	  37.8084	-122.4100	0	3	887	947
29	  37.7920	-122.4042	0	3	627	687
30	  37.8053	-122.4241	0	3	906	966
31	  37.7650	-122.4164	0	3	934	994
32	  37.7710	-122.4252	0	3	747	807
33	  37.7920	-122.4110	0	3	661	721
34	  37.7941	-122.4083	0	3	852	912
35	  37.6146	-122.3896	0	3	696	756
36	  37.7945	-122.4001	0	3	965	1025
37	  37.7880	-122.4104	0	3	892	952
38	  37.7661	-122.4501	0	3	730	790
39	  37.8026	-122.4399	0	3	944	1004
40	  37.7990	-122.4352	0	3	576	636
41	  37.7909	-122.4054	0	3	765	825
42	  37.7617	-122.4101	0	3	548	608
43	  37.7862	-122.4021	0	3	560	620
44	  37.7905	-122.4035	0	3	615	675
45	  37.7915	-122.3982	0	3	606	666
46	  37.7871	-122.4266	0	3	711	771
47	  37.7931	-122.3985	0	3	963	1023
48	  37.7397	-122.3915	0	3	813	873
49	  37.7972	-122.4342	0	3	783	843
50	  37.7818	-122.4048	0	3	618	678
51	  37.7118	-122.2122	0	1	540	1020
52	  37.7842	-122.4084	0	1	540	1020
53	  37.8055	-122.4053	0	1	540	1020
54	  37.8011	-122.4194	0	1	540	1020
55	  37.8041	-122.4385	0	1	540	1020
56	  37.5185	-122.2610	0	1	540	1020
57	  37.7911	-122.4207	0	1	540	1020
58	  37.8006	-122.4362	0	1	540	1020
59	  37.7748	-122.4040	0	1	540	1020
60	  37.8062	-122.4184	0	1	540	1020
61	  37.7868	-122.4067	0	1	540	1020
62	  37.7764	-122.3959	0	1	540	1020
63	  37.8063	-122.4047	0	1	540	1020
64	  37.7739	-122.4325	0	1	540	1020
65	  37.6179	-122.3858	0	1	540	1020
66	  37.7868	-122.4067	0	1	540	1020
67	  37.7917	-122.3980	0	1	540	1020
68	  37.7780	-122.4296	0	1	540	1020
69	  37.7118	-122.2122	0	1	540	1020
70	  37.8002	-122.4311	0	1	540	1020
71	  37.7940	-122.4015	0	1	540	1020
72	  37.7828	-122.4644	0	1	540	1020
73	  37.7868	-122.4067	0	1	540	1020
74	  37.7929	-122.3975	0	1	540	1020
75	  37.8034	-122.4334	0	1	540	1020
76	  37.7915	-122.4122	0	1	540	1020
77	  37.7950	-122.3936	0	1	540	1020
78	  37.7866	-122.4145	0	1	540	1020
79	  37.7853	-122.4000	0	1	540	1020
80	  37.8002	-122.4475	0	1	540	1020
81	  37.7684	-122.4223	0	1	540	1020
82	  37.7572	-122.4189	0	1	540	1020
83	  37.7855	-122.4213	0	1	540	1020
84	  37.7836	-122.4315	0	1	540	1020
85	  37.7243	-122.3983	0	1	540	1020
86	  37.8063	-122.4047	0	1	540	1020
87	  37.7618	-122.4211	0	1	540	1020
88	  37.8072	-122.4073	0	1	540	1020
89	  37.8082	-122.4163	0	1	540	1020
90	  37.7692	-122.4696	0	1	540	1020
91	  37.7994	-122.4233	0	-3	583	673
92	  37.7398	-122.4025	0	-3	853	943
93	  37.7154	-122.4018	0	-3	747	837
94	  37.7740	-122.4088	0	-3	799	889
95	  37.7872	-122.4086	0	-3	894	984
96	  37.7980	-122.4008	0	-3	927	1017
97	  37.7865	-122.3998	0	-3	922	1012
98	  37.7604	-122.3934	0	-3	1034	1124
99	  37.8080	-122.4158	0	-3	956	1046
100	  37.7925	-122.4030	0	-3	565	655
101	  37.7860	-122.4119	0	-3	675	765
102	  37.6146	-122.3944	0	-3	1061	1140
103	  37.7793	-122.3934	0	-3	762	852
104	  37.7829	-122.4275	0	-3	855	945
105	  37.7796	-122.3935	0	-3	910	1000
106	  37.7868	-122.4101	0	-3	918	1008
107	  37.7928	-122.3964	0	-3	726	816
108	  37.8041	-122.4029	0	-3	950	1040
109	  37.7823	-122.4105	0	-3	973	1063
110	  37.7910	-122.4326	0	-3	774	864
111	  37.7988	-122.4359	0	-3	948	1038
112	  37.7780	-122.3918	0	-3	821	911
113	  37.7848	-122.4094	0	-3	974	1064
114	  37.8004	-122.4241	0	-3	796	886
115	  37.7964	-122.4257	0	-3	678	768
116	  37.7805	-122.4187	0	-3	1012	1102
117	  37.7891	-122.4018	0	-3	928	1018
118	  37.8084	-122.4101	0	-3	890	980
119	  37.7863	-122.3988	0	-3	770	860
120	  37.7980	-122.4008	0	-3	927	1017
121	  37.7652	-122.4161	0	-3	935	1025
122	  37.7679	-122.4289	0	-3	755	845
123	  37.7921	-122.4108	0	-3	662	752
124	  37.7911	-122.4082	0	-3	900	990
125	  37.7640	-122.3976	0	-3	750	840
126	  37.7848	-122.4094	0	-3	974	1064
127	  37.7872	-122.4086	0	-3	894	984
128	  37.7694	-122.4506	0	-3	731	821
129	  37.7988	-122.4359	0	-3	948	1038
130	  37.7936	-122.3976	0	-3	589	679
131	  37.8004	-122.4241	0	-3	796	886
132	  37.7761	-122.4113	0	-3	557	647
133	  37.7925	-122.4030	0	-3	565	655
134	  37.7913	-122.3983	0	-3	627	717
135	  37.7927	-122.4034	0	-3	613	703
136	  37.7908	-122.4325	0	-3	718	808
137	  37.8031	-122.4115	0	-3	1017	1107
138	  37.7893	-122.4221	0	-3	844	934
139	  37.7740	-122.4088	0	-3	799	889
140	  37.7255	-122.4341	0	-3	645	735
141	  37.7950	-122.4047	0	-1	540	1020
142	  37.7766	-122.3955	0	-1	540	1020
143	  37.7897	-122.4206	0	-1	540	1020
144	  37.7974	-122.4322	0	-1	540	1020
145	  37.7743	-122.4352	0	-1	540	1020
146	  37.7885	-122.4034	0	-1	540	1020
147	  37.7792	-122.4109	0	-1	540	1020
148	  37.7901	-122.4018	0	-1	540	1020
149	  37.7574	-122.4177	0	-1	540	1020
150	  37.8004	-122.4105	0	-1	540	1020
151	  37.7811	-122.4624	0	-1	540	1020
152	  37.7757	-122.3969	0	-1	540	1020
153	  37.8077	-122.4122	0	-1	540	1020
154	  37.7739	-122.4325	0	-1	540	1020
155	  37.6740	-122.3896	0	-1	540	1020
156	  37.7811	-122.4624	0	-1	540	1020
157	  37.7911	-122.3988	0	-1	540	1020
158	  37.7780	-122.4297	0	-1	540	1020
159	  37.7950	-122.4047	0	-1	540	1020
160	  37.7990	-122.4242	0	-1	540	1020
161	  37.8065	-122.4142	0	-1	540	1020
162	  37.7888	-122.4878	0	-1	540	1020
163	  37.7868	-122.4066	0	-1	540	1020
164	  37.7926	-122.3978	0	-1	540	1020
165	  37.8037	-122.4366	0	-1	540	1020
166	  37.7880	-122.4028	0	-1	540	1020
167	  37.8068	-122.4203	0	-1	540	1020
168	  37.7884	-122.4067	0	-1	540	1020
169	  37.7963	-122.4004	0	-1	540	1020
170	  37.7995	-122.4235	0	-1	540	1020
171	  37.7905	-122.4002	0	-1	540	1020
172	  37.7632	-122.3976	0	-1	540	1020
173	  37.7863	-122.4215	0	-1	540	1020
174	  37.7950	-122.4215	0	-1	540	1020
175	  37.7712	-122.4108	0	-1	540	1020
176	  37.8077	-122.4122	0	-1	540	1020
177	  37.7622	-122.4218	0	-1	540	1020
178	  37.8041	-122.4051	0	-1	540	1020
179	  37.7993	-122.4189	0	-1	540	1020
180	  37.7637	-122.4568	0	-1	540	1020
