2014-05-04 15:21:24 WARN  DiskStorePathManager:162 - diskStorePath 'C:\Users\MSTOBBE\AppData\Local\Temp\2' is already used by an existing CacheManager either in the same VM or in a different process.
The diskStore path for this CacheManager will be set to C:\Users\MSTOBBE\AppData\Local\Temp\2\ehcache_auto_created2639985835668223463diskstore.
To avoid this warning consider using the CacheManager factory methods to create a singleton CacheManager or specifying a separate ehcache configuration (ehcache.xml) for each CacheManager instance.
2014-05-04 15:21:25 INFO  DataDomainProvider:253 - setting DataNode 'datanode' as default, used by all unlinked DataMaps
2014-05-04 15:21:25 INFO  EhCacheManager:159 - Cache with name 'nl.tue.opac.concoord.NoPasswordRealm.authorizationCache' does not yet exist.  Creating now.
2014-05-04 15:21:25 INFO  EhCacheManager:166 - Added EhCache named [nl.tue.opac.concoord.NoPasswordRealm.authorizationCache]
2014-05-04 15:21:25 INFO  AbstractValidatingSessionManager:224 - Enabling session validation scheduler...
cnt sarp-input x[3] 0.7
2014-05-04 15:21:26 INFO  UpdateChecker:80 - This is the latest GA release.
feasirouteall [[0, 27, 207, 178, 358, 77, 257, 94, 274, 87, 267, 128, 1, 167, 308, 181, 120, 300, 111, 291, 172, 352, 347, 68, 248, 32, 171, 351, 212, 361], [0, 106, 286, 100, 152, 157, 280, 337, 179, 53, 233, 105, 285, 88, 268, 66, 246, 57, 237, 332, 26, 359, 144, 206, 324, 134, 314, 141, 161, 20, 200, 43, 223, 341, 14, 194, 321, 9, 189, 51, 231, 177, 109, 289, 50, 230, 70, 250, 84, 264, 83, 263, 131, 311, 35, 215, 176, 23, 203, 357, 16, 196, 22, 202, 25, 205, 174, 354, 356, 175, 355, 91, 271, 361], [0, 86, 142, 165, 266, 345, 18, 133, 198, 130, 322, 13, 313, 193, 310, 40, 220, 137, 317, 42, 222, 168, 148, 180, 348, 360, 328, 62, 242, 99, 279, 361], [0, 140, 80, 320, 260, 147, 82, 145, 262, 327, 116, 296, 63, 243, 108, 288, 169, 89, 269, 21, 201, 44, 224, 325, 3, 183, 170, 135, 349, 350, 113, 122, 302, 293, 90, 270, 103, 283, 52, 232, 10, 190, 129, 74, 254, 315, 71, 251, 112, 309, 292, 115, 295, 361], [0, 123, 41, 121, 221, 301, 107, 303, 287, 127, 34, 214, 36, 216, 96, 276, 97, 277, 156, 336, 307, 126, 118, 298, 59, 239, 19, 199, 37, 217, 48, 125, 228, 92, 272, 173, 306, 6, 186, 305, 166, 28, 346, 208, 46, 163, 226, 54, 234, 353, 98, 278, 119, 299, 72, 252, 95, 343, 275, 150, 330, 149, 138, 329, 318, 17, 197, 85, 265, 76, 256, 361], [0, 124, 304, 139, 319, 143, 160, 340, 136, 58, 238, 67, 247, 11, 191, 316, 81, 261, 323, 159, 5, 185, 93, 273, 73, 253, 164, 339, 158, 110, 344, 154, 290, 39, 219, 334, 49, 151, 229, 33, 213, 338, 153, 60, 240, 75, 255, 333, 45, 225, 79, 259, 64, 244, 8, 132, 188, 312, 69, 249, 146, 7, 187, 326, 56, 236, 162, 47, 342, 227, 29, 209, 155, 38, 335, 331, 218, 2, 182, 12, 192, 104, 284, 15, 195, 101, 281, 55, 235, 4, 184, 30, 210, 361]]
feasibenefit -1119.2643580605475
lastindex 63 3001
time	3210
2014-05-04 16:21:26 INFO  AbstractValidatingSessionManager:265 - Validating all active sessions...
2014-05-04 16:21:26 INFO  AbstractValidatingSessionManager:298 - Finished session validation.  [1] sessions were stopped.
feasirouteall [[0, 18, 133, 198, 96, 276, 97, 277, 129, 53, 233, 105, 285, 20, 200, 149, 138, 329, 318, 13, 313, 193, 37, 217, 19, 199, 40, 220, 176, 63, 243, 42, 222, 160, 340, 137, 356, 175, 355, 70, 250, 84, 264, 83, 263, 61, 317, 309, 241, 117, 297, 7, 187, 32, 178, 358, 212, 361], [0, 168, 174, 86, 354, 173, 266, 59, 239, 118, 298, 353, 170, 128, 122, 348, 350, 113, 302, 293, 69, 249, 90, 270, 127, 103, 283, 76, 256, 120, 300, 68, 248, 4, 184, 158, 308, 307, 338, 30, 210, 361], [0, 41, 121, 221, 146, 169, 326, 27, 207, 77, 257, 349, 94, 274, 87, 267, 109, 289, 165, 89, 269, 132, 312, 108, 288, 50, 230, 301, 51, 231, 23, 177, 203, 357, 3, 183, 345, 54, 140, 234, 22, 202, 156, 320, 336, 155, 167, 38, 335, 218, 347, 361], [0, 124, 304, 136, 58, 238, 67, 247, 11, 191, 139, 116, 296, 319, 57, 237, 316, 159, 21, 201, 48, 228, 92, 272, 49, 163, 229, 339, 33, 213, 24, 204, 25, 343, 205, 111, 291, 74, 254, 71, 251, 112, 292, 99, 279, 361], [0, 106, 286, 36, 216, 34, 214, 81, 261, 142, 66, 246, 131, 88, 311, 268, 322, 179, 26, 145, 359, 206, 325, 151, 5, 185, 164, 73, 253, 43, 223, 161, 150, 330, 341, 14, 194, 110, 344, 154, 290, 172, 334, 44, 224, 39, 219, 352, 93, 273, 153, 9, 189, 35, 215, 65, 245, 143, 323, 60, 240, 79, 259, 64, 244, 8, 188, 75, 255, 333, 56, 236, 162, 331, 47, 342, 227, 98, 278, 147, 52, 232, 327, 85, 265, 62, 242, 115, 295, 91, 271, 361], [0, 123, 107, 303, 287, 100, 280, 144, 80, 324, 126, 260, 82, 125, 262, 171, 351, 148, 180, 360, 305, 6, 186, 328, 306, 166, 135, 346, 46, 315, 226, 16, 196, 45, 225, 152, 130, 10, 332, 190, 72, 252, 119, 299, 95, 157, 275, 29, 209, 2, 182, 134, 314, 141, 321, 104, 284, 17, 197, 310, 12, 192, 15, 195, 101, 281, 55, 235, 337, 361]]
feasibenefit -1053.6275663234412
lastindex 73 3001
time	2303
2014-05-04 17:21:26 INFO  AbstractValidatingSessionManager:265 - Validating all active sessions...
2014-05-04 17:21:26 INFO  AbstractValidatingSessionManager:298 - Finished session validation.  No sessions were stopped.
feasirouteall [[0, 175, 86, 355, 165, 266, 163, 345, 18, 343, 198, 118, 157, 298, 150, 330, 43, 223, 141, 20, 200, 321, 92, 272, 5, 185, 172, 352, 151, 331, 24, 204, 49, 140, 229, 156, 320, 337, 167, 38, 336, 218, 347, 361], [0, 41, 221, 168, 173, 77, 257, 148, 348, 328, 94, 274, 87, 174, 267, 42, 222, 114, 354, 294, 45, 225, 158, 33, 213, 338, 353, 177, 23, 203, 357, 171, 16, 154, 196, 22, 202, 334, 351, 46, 226, 54, 234, 25, 205, 91, 271, 361], [0, 27, 207, 133, 106, 286, 82, 262, 36, 216, 34, 214, 11, 191, 139, 116, 296, 319, 66, 246, 57, 237, 63, 243, 142, 13, 322, 193, 313, 161, 341, 14, 194, 110, 290, 51, 231, 50, 121, 301, 230, 70, 250, 65, 245, 75, 152, 164, 255, 344, 129, 332, 117, 297, 176, 7, 187, 356, 76, 256, 85, 265, 112, 309, 292, 115, 137, 295, 317, 99, 279, 361], [0, 107, 287, 130, 53, 233, 105, 285, 88, 268, 310, 159, 26, 145, 325, 206, 59, 239, 147, 37, 217, 48, 228, 40, 220, 89, 269, 9, 189, 44, 224, 39, 219, 93, 273, 73, 253, 19, 199, 127, 327, 108, 288, 84, 264, 83, 263, 8, 188, 60, 240, 64, 244, 79, 259, 103, 283, 69, 249, 90, 270, 111, 291, 74, 254, 339, 307, 68, 248, 32, 178, 358, 212, 361], [0, 146, 169, 58, 238, 67, 247, 81, 261, 326, 153, 96, 276, 97, 277, 100, 333, 280, 80, 126, 260, 125, 170, 122, 306, 305, 349, 350, 166, 346, 109, 289, 21, 201, 3, 183, 123, 302, 124, 304, 132, 312, 131, 35, 215, 311, 160, 340, 61, 136, 241, 143, 323, 303, 119, 299, 72, 252, 95, 275, 29, 209, 2, 182, 316, 12, 192, 17, 197, 55, 235, 134, 314, 101, 281, 71, 251, 361], [0, 128, 180, 6, 186, 360, 135, 28, 208, 120, 300, 52, 232, 10, 190, 155, 144, 335, 162, 308, 324, 47, 342, 227, 98, 278, 56, 236, 179, 149, 138, 329, 318, 104, 284, 15, 195, 4, 359, 184, 30, 315, 210, 361]]
feasibenefit -1082.781335869366
lastindex 126 3001
time	2386
feasirouteall [[0, 121, 301, 124, 304, 139, 319, 58, 238, 176, 131, 160, 340, 88, 311, 268, 67, 247, 40, 220, 63, 243, 42, 222, 114, 356, 159, 294, 45, 225, 339, 158, 33, 213, 338, 127, 35, 215, 117, 297, 69, 249, 120, 300, 177, 2, 182, 156, 307, 38, 336, 218, 30, 357, 210, 361], [0, 77, 257, 18, 172, 198, 118, 298, 59, 239, 26, 164, 344, 206, 151, 352, 48, 228, 92, 272, 108, 288, 142, 13, 322, 193, 161, 341, 14, 194, 73, 253, 147, 44, 224, 331, 24, 204, 54, 234, 72, 252, 52, 232, 327, 7, 136, 187, 137, 317, 61, 241, 15, 316, 130, 195, 95, 157, 275, 12, 192, 310, 104, 284, 17, 197, 55, 235, 337, 361], [0, 106, 286, 82, 262, 96, 276, 80, 260, 153, 36, 216, 53, 233, 138, 105, 318, 285, 66, 246, 57, 237, 152, 332, 37, 217, 19, 199, 179, 20, 200, 43, 223, 141, 321, 89, 269, 21, 201, 93, 273, 110, 290, 5, 185, 9, 189, 75, 333, 255, 359, 64, 244, 8, 188, 84, 264, 62, 242, 115, 295, 112, 292, 91, 271, 361], [0, 173, 86, 175, 355, 266, 144, 155, 167, 162, 335, 324, 342, 39, 219, 353, 347, 163, 3, 183, 109, 289, 83, 263, 65, 245, 60, 240, 165, 90, 270, 178, 358, 46, 345, 226, 47, 227, 29, 209, 98, 343, 278, 10, 190, 56, 129, 236, 74, 254, 132, 312, 309, 99, 146, 326, 279, 68, 248, 32, 212, 361], [0, 27, 207, 133, 154, 126, 134, 314, 313, 34, 214, 11, 191, 81, 261, 116, 296, 168, 306, 348, 166, 128, 346, 49, 334, 229, 25, 205, 174, 354, 85, 265, 71, 251, 111, 291, 145, 101, 281, 4, 184, 308, 325, 361], [0, 123, 41, 221, 169, 107, 303, 287, 125, 100, 280, 97, 277, 171, 351, 170, 148, 135, 350, 349, 328, 305, 94, 274, 87, 122, 267, 302, 50, 230, 70, 250, 143, 323, 79, 259, 51, 231, 119, 299, 23, 203, 315, 16, 140, 196, 22, 202, 320, 150, 330, 149, 329, 103, 283, 76, 256, 361]]
feasibenefit -1044.276446061594
lastindex 58 3001
time	2047
2014-05-04 18:21:26 INFO  AbstractValidatingSessionManager:265 - Validating all active sessions...
2014-05-04 18:21:26 INFO  AbstractValidatingSessionManager:298 - Finished session validation.  No sessions were stopped.
feasirouteall [[0, 18, 133, 172, 198, 96, 276, 80, 352, 260, 67, 247, 11, 191, 116, 296, 136, 66, 246, 57, 237, 316, 313, 161, 20, 200, 341, 43, 223, 141, 321, 143, 142, 40, 220, 63, 243, 42, 222, 35, 215, 322, 65, 245, 323, 60, 240, 103, 283, 90, 165, 270, 127, 56, 236, 307, 47, 227, 68, 248, 32, 345, 212, 361], [0, 123, 106, 286, 82, 262, 26, 140, 206, 320, 179, 53, 233, 303, 92, 272, 5, 185, 44, 224, 39, 219, 93, 273, 150, 330, 14, 194, 129, 152, 332, 51, 231, 9, 189, 8, 188, 70, 250, 84, 264, 83, 263, 309, 137, 317, 61, 241, 163, 54, 234, 359, 10, 164, 190, 98, 278, 95, 343, 344, 275, 29, 209, 2, 182, 111, 291, 74, 254, 177, 357, 361], [0, 175, 86, 355, 159, 266, 27, 207, 131, 88, 311, 268, 158, 339, 338, 128, 167, 24, 308, 347, 204, 117, 297, 7, 187, 112, 292, 115, 295, 71, 251, 361], [0, 41, 121, 301, 221, 124, 304, 139, 319, 81, 261, 169, 107, 287, 36, 216, 153, 100, 333, 280, 97, 277, 171, 351, 118, 298, 154, 59, 239, 73, 253, 19, 199, 37, 217, 48, 228, 125, 334, 178, 358, 170, 122, 148, 350, 349, 328, 6, 186, 305, 113, 173, 302, 293, 146, 69, 249, 326, 79, 259, 75, 145, 353, 255, 325, 144, 38, 218, 324, 134, 314, 138, 104, 284, 318, 17, 197, 12, 192, 15, 195, 101, 281, 55, 235, 4, 184, 30, 210, 361], [0, 151, 130, 34, 214, 310, 105, 285, 58, 238, 176, 160, 340, 356, 77, 257, 155, 335, 162, 13, 193, 89, 269, 132, 312, 108, 288, 21, 201, 3, 183, 109, 289, 50, 230, 49, 229, 33, 213, 331, 110, 290, 147, 45, 225, 157, 156, 342, 336, 337, 149, 329, 64, 244, 23, 203, 120, 300, 16, 196, 119, 299, 52, 232, 327, 85, 265, 76, 256, 91, 271, 361], [0, 168, 174, 354, 135, 166, 348, 94, 274, 180, 346, 46, 315, 226, 72, 252, 22, 202, 126, 25, 205, 360, 306, 62, 242, 99, 279, 361]]
feasibenefit -1035.9445986632309
lastindex 113 3001
time	2682
2014-05-04 19:21:26 INFO  AbstractValidatingSessionManager:265 - Validating all active sessions...
2014-05-04 19:21:26 INFO  AbstractValidatingSessionManager:298 - Finished session validation.  No sessions were stopped.
feasirouteall [[0, 171, 351, 167, 150, 330, 134, 314, 152, 332, 92, 272, 173, 6, 186, 49, 347, 353, 229, 178, 358, 46, 226, 45, 225, 22, 202, 25, 205, 62, 242, 91, 271, 361], [0, 128, 77, 257, 42, 222, 109, 289, 3, 183, 39, 219, 151, 44, 224, 110, 290, 33, 308, 213, 331, 24, 204, 103, 283, 76, 256, 120, 300, 361], [0, 27, 207, 172, 82, 262, 106, 286, 164, 96, 344, 276, 97, 277, 156, 336, 80, 352, 260, 116, 296, 136, 176, 66, 246, 57, 237, 316, 141, 321, 161, 20, 200, 43, 223, 341, 14, 194, 37, 217, 19, 199, 9, 189, 93, 154, 273, 73, 253, 89, 269, 132, 312, 356, 114, 146, 326, 294, 23, 334, 203, 140, 155, 38, 335, 218, 320, 68, 248, 32, 212, 361], [0, 123, 159, 107, 303, 287, 58, 238, 131, 160, 340, 88, 311, 268, 67, 247, 11, 191, 118, 298, 339, 158, 59, 239, 130, 149, 138, 329, 318, 13, 193, 310, 169, 40, 220, 63, 243, 108, 288, 168, 348, 349, 113, 122, 302, 293, 16, 163, 196, 72, 252, 54, 234, 343, 95, 157, 275, 98, 278, 117, 297, 7, 187, 104, 284, 17, 197, 179, 337, 162, 342, 338, 2, 182, 359, 111, 291, 71, 251, 112, 292, 115, 295, 4, 184, 101, 281, 55, 235, 361], [0, 166, 135, 346, 315, 18, 177, 198, 48, 145, 228, 26, 357, 206, 325, 5, 185, 21, 201, 51, 231, 79, 259, 127, 60, 240, 8, 188, 65, 245, 75, 153, 333, 255, 29, 209, 144, 307, 324, 129, 10, 147, 190, 119, 299, 52, 232, 327, 85, 265, 99, 309, 165, 279, 30, 345, 210, 361], [0, 41, 221, 124, 304, 139, 319, 143, 81, 261, 323, 34, 214, 105, 285, 53, 233, 36, 216, 100, 280, 133, 87, 174, 267, 354, 175, 355, 70, 250, 121, 50, 301, 230, 84, 264, 83, 263, 137, 35, 215, 61, 317, 241, 142, 69, 249, 90, 270, 64, 244, 56, 236, 47, 227, 126, 313, 322, 12, 192, 15, 195, 125, 74, 254, 170, 148, 350, 305, 328, 306, 361]]
feasibenefit -1018.8967842421109
lastindex 87 3001
time	2898
2014-05-04 20:21:27 INFO  AbstractValidatingSessionManager:265 - Validating all active sessions...
2014-05-04 20:21:27 INFO  AbstractValidatingSessionManager:298 - Finished session validation.  No sessions were stopped.
feasirouteall [[0, 41, 221, 165, 106, 286, 82, 262, 345, 18, 198, 48, 228, 9, 189, 89, 269, 142, 40, 220, 63, 136, 243, 108, 288, 124, 304, 60, 240, 316, 322, 33, 213, 24, 204, 54, 234, 25, 205, 91, 271, 361], [0, 77, 257, 135, 94, 274, 87, 267, 42, 222, 114, 143, 323, 294, 153, 22, 202, 333, 16, 163, 196, 45, 225, 72, 252, 119, 299, 52, 232, 46, 315, 226, 2, 182, 343, 30, 210, 361], [0, 140, 80, 320, 172, 260, 96, 276, 129, 34, 214, 58, 238, 67, 247, 11, 191, 81, 261, 132, 312, 116, 296, 26, 352, 206, 177, 59, 239, 152, 332, 92, 272, 21, 201, 93, 273, 39, 219, 3, 183, 357, 109, 289, 50, 230, 49, 229, 110, 290, 65, 245, 131, 35, 215, 311, 160, 340, 61, 309, 241, 69, 249, 76, 256, 120, 300, 71, 251, 112, 292, 99, 279, 361], [0, 173, 175, 86, 355, 123, 266, 97, 353, 277, 125, 303, 176, 88, 268, 66, 246, 57, 237, 20, 200, 43, 223, 161, 341, 14, 194, 73, 253, 37, 217, 19, 199, 121, 301, 168, 356, 174, 305, 348, 113, 122, 302, 293, 85, 265, 354, 62, 242, 115, 295, 361], [0, 148, 180, 360, 328, 5, 185, 145, 154, 44, 224, 158, 156, 338, 336, 144, 325, 334, 127, 79, 259, 51, 231, 23, 203, 307, 324, 147, 64, 244, 8, 139, 188, 319, 75, 130, 255, 103, 283, 146, 327, 90, 270, 326, 56, 236, 98, 278, 95, 164, 344, 275, 310, 17, 197, 104, 284, 12, 192, 15, 195, 111, 291, 74, 254, 68, 248, 32, 178, 358, 212, 361], [0, 27, 207, 107, 287, 179, 141, 321, 149, 138, 329, 105, 318, 285, 53, 233, 36, 216, 100, 359, 280, 151, 133, 118, 298, 126, 313, 13, 193, 169, 159, 171, 351, 170, 306, 350, 349, 6, 186, 166, 346, 70, 250, 84, 264, 83, 263, 137, 317, 7, 187, 117, 297, 10, 190, 157, 339, 331, 162, 47, 342, 227, 29, 209, 155, 38, 335, 218, 337, 150, 330, 55, 235, 134, 314, 101, 281, 4, 184, 361]]
feasibenefit -1071.9797949228664
lastindex 86 3001
time	2530
feasirouteall [[0, 163, 27, 207, 96, 276, 97, 277, 147, 36, 216, 11, 191, 81, 261, 132, 312, 116, 296, 327, 26, 145, 206, 325, 118, 298, 343, 59, 239, 73, 253, 19, 199, 37, 217, 134, 179, 20, 200, 149, 329, 43, 223, 14, 194, 314, 152, 332, 92, 272, 49, 177, 229, 359, 35, 215, 65, 245, 139, 69, 249, 46, 357, 226, 72, 252, 119, 299, 52, 232, 90, 270, 319, 137, 317, 61, 241, 85, 265, 115, 295, 112, 292, 104, 284, 55, 235, 4, 184, 361], [0, 106, 286, 130, 58, 238, 67, 247, 34, 214, 310, 53, 233, 105, 285, 131, 88, 311, 268, 66, 246, 160, 340, 42, 222, 108, 288, 124, 304, 89, 269, 165, 5, 185, 93, 172, 273, 157, 352, 39, 219, 337, 110, 154, 290, 334, 345, 109, 289, 51, 231, 23, 203, 151, 156, 33, 213, 331, 167, 38, 336, 218, 347, 30, 210, 361], [0, 174, 354, 86, 136, 169, 266, 170, 166, 350, 349, 94, 274, 346, 123, 21, 201, 3, 183, 44, 224, 24, 204, 45, 225, 303, 8, 188, 84, 264, 83, 263, 75, 316, 255, 129, 103, 283, 76, 256, 309, 7, 187, 62, 242, 99, 279, 361], [0, 41, 221, 77, 257, 18, 198, 48, 228, 143, 142, 57, 237, 322, 13, 193, 323, 40, 220, 176, 63, 243, 356, 175, 355, 173, 128, 1, 181, 54, 234, 144, 308, 324, 353, 25, 205, 91, 271, 361], [0, 122, 148, 180, 360, 328, 135, 87, 267, 70, 250, 121, 302, 50, 301, 230, 159, 60, 240, 79, 259, 153, 339, 150, 161, 141, 321, 138, 341, 330, 158, 338, 333, 22, 202, 120, 300, 16, 315, 133, 196, 56, 236, 313, 318, 17, 197, 12, 192, 15, 195, 101, 281, 71, 251, 361], [0, 178, 155, 335, 80, 140, 260, 100, 280, 320, 126, 82, 262, 107, 287, 9, 189, 125, 146, 168, 306, 305, 348, 28, 358, 208, 326, 64, 244, 127, 117, 297, 10, 190, 98, 278, 95, 164, 344, 275, 29, 209, 162, 47, 307, 342, 227, 2, 182, 111, 291, 74, 254, 68, 248, 32, 171, 351, 212, 361]]
feasibenefit -1099.6811467064401
lastindex 53 3001
time	2459
2014-05-04 21:21:27 INFO  AbstractValidatingSessionManager:265 - Validating all active sessions...
2014-05-04 21:21:27 INFO  AbstractValidatingSessionManager:298 - Finished session validation.  No sessions were stopped.
feasirouteall [[0, 106, 286, 96, 276, 97, 277, 18, 140, 198, 26, 145, 320, 206, 325, 118, 298, 126, 150, 20, 200, 43, 223, 161, 330, 341, 14, 194, 73, 253, 37, 217, 19, 199, 92, 272, 173, 306, 113, 122, 302, 293, 8, 188, 75, 153, 333, 255, 353, 25, 205, 62, 242, 91, 271, 361], [0, 41, 221, 124, 304, 139, 319, 81, 261, 143, 142, 67, 247, 11, 191, 322, 53, 233, 105, 285, 57, 237, 63, 243, 42, 222, 114, 146, 326, 294, 127, 323, 65, 245, 35, 215, 84, 264, 83, 263, 7, 187, 117, 297, 10, 147, 190, 29, 209, 307, 47, 227, 2, 182, 98, 278, 74, 254, 111, 291, 71, 251, 327, 85, 265, 99, 279, 101, 281, 55, 235, 4, 184, 361], [0, 174, 86, 354, 169, 266, 349, 94, 274, 166, 135, 87, 267, 49, 229, 33, 213, 315, 178, 358, 346, 180, 31, 360, 211, 361], [0, 27, 207, 133, 82, 262, 107, 287, 36, 216, 34, 214, 131, 160, 340, 88, 311, 268, 13, 313, 193, 9, 189, 125, 44, 224, 39, 219, 3, 183, 109, 289, 171, 28, 351, 208, 52, 232, 69, 249, 76, 256, 168, 120, 300, 305, 348, 361], [0, 177, 100, 151, 280, 331, 80, 260, 58, 238, 176, 66, 246, 116, 296, 175, 355, 356, 77, 257, 163, 154, 334, 357, 170, 148, 350, 6, 186, 328, 50, 121, 230, 70, 250, 301, 123, 46, 226, 54, 234, 343, 72, 252, 119, 299, 303, 64, 244, 136, 137, 317, 61, 241, 12, 192, 316, 56, 157, 236, 337, 38, 162, 218, 342, 30, 210, 361], [0, 155, 167, 335, 144, 347, 59, 239, 48, 228, 40, 220, 108, 288, 89, 269, 165, 21, 201, 93, 273, 158, 156, 338, 336, 324, 110, 290, 172, 5, 185, 60, 240, 79, 259, 51, 231, 23, 203, 345, 16, 352, 196, 45, 225, 22, 202, 152, 332, 130, 103, 283, 90, 159, 270, 310, 15, 195, 95, 164, 344, 275, 339, 134, 314, 141, 149, 138, 329, 104, 284, 318, 17, 197, 321, 179, 129, 359, 68, 248, 132, 312, 112, 309, 292, 115, 295, 361]]
feasibenefit -1079.8104601384862
lastindex 105 3001
time	2786
2014-05-04 22:21:27 INFO  AbstractValidatingSessionManager:265 - Validating all active sessions...
2014-05-04 22:21:27 INFO  AbstractValidatingSessionManager:298 - Finished session validation.  No sessions were stopped.
feasirouteall [[0, 86, 175, 132, 266, 169, 312, 116, 296, 124, 168, 348, 349, 87, 267, 114, 355, 304, 294, 103, 165, 283, 16, 345, 196, 25, 205, 62, 242, 115, 295, 112, 292, 71, 251, 91, 271, 361], [0, 159, 107, 287, 58, 238, 67, 247, 81, 261, 106, 286, 82, 262, 36, 216, 34, 214, 11, 191, 66, 246, 40, 220, 142, 57, 237, 138, 149, 329, 318, 13, 322, 193, 158, 339, 338, 39, 219, 151, 109, 289, 5, 185, 127, 9, 189, 164, 344, 33, 213, 307, 331, 24, 204, 178, 358, 46, 226, 120, 300, 361], [0, 77, 257, 163, 118, 172, 298, 352, 154, 59, 239, 26, 334, 140, 206, 155, 144, 335, 324, 320, 73, 253, 37, 217, 134, 314, 161, 20, 200, 43, 223, 141, 321, 21, 201, 93, 273, 19, 199, 89, 269, 63, 243, 108, 288, 70, 250, 84, 264, 60, 240, 79, 259, 23, 203, 54, 234, 343, 45, 225, 147, 22, 202, 72, 252, 119, 299, 64, 244, 69, 249, 327, 76, 256, 123, 74, 254, 10, 190, 98, 278, 95, 275, 150, 330, 341, 38, 162, 218, 342, 68, 248, 303, 111, 291, 361], [0, 18, 198, 96, 276, 97, 156, 277, 100, 280, 336, 167, 14, 194, 125, 44, 224, 347, 3, 183, 170, 122, 148, 166, 350, 328, 305, 113, 346, 302, 293, 85, 265, 99, 146, 326, 279, 361], [0, 27, 207, 80, 126, 260, 173, 94, 274, 135, 306, 174, 354, 42, 222, 160, 340, 143, 323, 51, 231, 157, 353, 337, 110, 290, 177, 133, 315, 357, 52, 232, 90, 270, 117, 297, 7, 187, 137, 317, 61, 241, 104, 284, 17, 197, 313, 55, 235, 101, 281, 4, 184, 30, 210, 361], [0, 41, 221, 53, 233, 105, 285, 176, 131, 88, 311, 268, 179, 359, 48, 145, 228, 92, 272, 356, 121, 50, 301, 230, 49, 325, 229, 129, 152, 332, 8, 139, 188, 319, 65, 245, 136, 83, 263, 309, 35, 215, 75, 316, 255, 153, 56, 236, 47, 227, 333, 29, 209, 2, 182, 130, 310, 12, 192, 15, 195, 32, 171, 351, 212, 361]]
feasibenefit -1073.8974428509787
lastindex 60 3001
average	-1068.015993383906	-1119.2643580605475
time	2749
time	26055	43.425
