2014-05-03 22:18:15 WARN  DiskStorePathManager:162 - diskStorePath 'C:\Users\MSTOBBE\AppData\Local\Temp\2' is already used by an existing CacheManager either in the same VM or in a different process.
The diskStore path for this CacheManager will be set to C:\Users\MSTOBBE\AppData\Local\Temp\2\ehcache_auto_created6226188577074451967diskstore.
To avoid this warning consider using the CacheManager factory methods to create a singleton CacheManager or specifying a separate ehcache configuration (ehcache.xml) for each CacheManager instance.
2014-05-03 22:18:15 INFO  DataDomainProvider:253 - setting DataNode 'datanode' as default, used by all unlinked DataMaps
2014-05-03 22:18:16 INFO  EhCacheManager:159 - Cache with name 'nl.tue.opac.concoord.NoPasswordRealm.authorizationCache' does not yet exist.  Creating now.
2014-05-03 22:18:16 INFO  EhCacheManager:166 - Added EhCache named [nl.tue.opac.concoord.NoPasswordRealm.authorizationCache]
2014-05-03 22:18:16 INFO  AbstractValidatingSessionManager:224 - Enabling session validation scheduler...
cnt sarp-input x[3] 0.7
2014-05-03 22:18:17 INFO  UpdateChecker:80 - This is the latest GA release.
feasirouteall [[0, 89, 29, 119, 64, 31, 121, 32, 179, 154, 122, 2, 92, 19, 109, 16, 106, 11, 101, 9, 83, 99, 28, 70, 118, 20, 110, 82, 172, 40, 130, 173, 15, 105, 5, 72, 95, 162, 81, 27, 117, 26, 116, 54, 144, 43, 133, 160, 60, 150, 68, 171, 158, 90, 180, 33, 123, 35, 125, 56, 146, 49, 139, 48, 138, 181], [0, 86, 76, 39, 129, 166, 22, 112, 44, 134, 17, 107, 73, 10, 100, 67, 157, 45, 135, 47, 176, 77, 137, 167, 53, 143, 163, 23, 62, 113, 13, 103, 25, 115, 1, 91, 8, 152, 98, 3, 93, 58, 148, 7, 97, 181], [0, 65, 155, 42, 132, 63, 59, 149, 153, 66, 156, 71, 18, 84, 108, 85, 175, 174, 69, 159, 61, 151, 21, 111, 51, 141, 50, 140, 14, 104, 87, 52, 142, 75, 78, 168, 161, 12, 102, 165, 74, 88, 177, 46, 136, 41, 131, 80, 164, 24, 170, 79, 114, 6, 96, 38, 128, 178, 57, 169, 147, 181]]
feasibenefit -508.4782194018903
lastindex 62 3001
time	478
feasirouteall [[0, 76, 166, 16, 106, 71, 20, 90, 180, 110, 22, 112, 14, 104, 10, 100, 67, 157, 45, 135, 81, 40, 130, 60, 150, 171, 15, 105, 54, 144, 26, 116, 33, 161, 123, 35, 125, 56, 146, 49, 139, 48, 138, 181], [0, 88, 70, 79, 178, 59, 149, 160, 18, 84, 108, 85, 175, 174, 2, 92, 19, 109, 11, 101, 169, 9, 83, 99, 28, 118, 51, 74, 173, 141, 50, 140, 39, 129, 5, 95, 53, 143, 75, 37, 127, 65, 72, 155, 164, 162, 46, 136, 68, 23, 165, 113, 13, 103, 25, 115, 1, 91, 7, 158, 97, 8, 98, 181], [0, 89, 29, 119, 42, 132, 31, 121, 179, 21, 63, 111, 153, 32, 64, 154, 122, 77, 78, 30, 120, 167, 168, 52, 142, 87, 44, 134, 17, 107, 27, 66, 156, 117, 43, 133, 12, 102, 62, 152, 73, 69, 159, 61, 151, 82, 172, 41, 131, 80, 163, 24, 114, 6, 96, 3, 93, 58, 148, 38, 128, 57, 170, 177, 147, 181]]
feasibenefit -447.2131665402694
lastindex 84 3001
time	545
feasirouteall [[0, 42, 132, 63, 59, 149, 153, 18, 108, 19, 109, 16, 106, 11, 101, 9, 99, 28, 70, 118, 20, 90, 180, 110, 44, 134, 17, 107, 39, 65, 129, 40, 130, 160, 67, 10, 100, 157, 45, 135, 27, 66, 156, 117, 87, 53, 143, 155, 12, 102, 46, 136, 68, 23, 158, 113, 13, 103, 85, 175, 25, 115, 84, 1, 91, 174, 82, 69, 159, 61, 151, 73, 172, 163, 177, 58, 148, 7, 97, 8, 98, 181], [0, 75, 78, 30, 120, 168, 52, 142, 22, 112, 15, 105, 51, 141, 50, 140, 14, 104, 5, 83, 95, 173, 62, 152, 71, 43, 133, 165, 54, 144, 26, 116, 33, 161, 123, 35, 125, 56, 146, 49, 139, 48, 138, 181], [0, 89, 29, 119, 88, 31, 121, 179, 21, 178, 111, 2, 92, 74, 79, 32, 169, 122, 86, 76, 164, 176, 64, 60, 150, 81, 171, 47, 154, 77, 137, 167, 166, 72, 38, 128, 41, 131, 80, 162, 24, 170, 114, 6, 96, 3, 93, 181]]
feasibenefit -470.094757542362
lastindex 41 3001
time	601
feasirouteall [[0, 90, 18, 84, 108, 19, 109, 16, 106, 9, 99, 39, 129, 28, 118, 20, 180, 110, 22, 112, 14, 104, 44, 134, 27, 82, 117, 43, 133, 60, 150, 172, 174, 26, 116, 33, 123, 56, 146, 49, 139, 48, 138, 65, 155, 1, 91, 8, 98, 181], [0, 89, 70, 68, 160, 69, 159, 61, 151, 21, 111, 2, 158, 92, 79, 32, 179, 169, 122, 11, 101, 83, 75, 30, 120, 52, 142, 173, 15, 105, 165, 66, 45, 135, 76, 23, 156, 113, 13, 103, 85, 175, 25, 115, 6, 96, 41, 131, 3, 93, 166, 38, 128, 58, 148, 7, 97, 181], [0, 88, 62, 152, 71, 73, 63, 178, 67, 157, 153, 59, 149, 81, 171, 42, 132, 31, 121, 163, 80, 170, 64, 29, 119, 86, 72, 154, 176, 40, 130, 51, 141, 5, 95, 17, 107, 54, 144, 161, 53, 143, 87, 12, 102, 46, 136, 74, 162, 164, 177, 77, 78, 167, 168, 35, 125, 181]]
feasibenefit -340.9927624219588
lastindex 38 3001
time	465
feasirouteall [[0, 29, 119, 88, 2, 92, 16, 106, 30, 120, 52, 142, 22, 112, 50, 140, 89, 179, 178, 45, 135, 71, 54, 144, 26, 116, 53, 143, 33, 161, 123, 35, 125, 56, 146, 49, 139, 48, 138, 181], [0, 42, 132, 81, 59, 149, 18, 108, 171, 79, 31, 121, 21, 63, 111, 153, 32, 64, 154, 122, 11, 169, 101, 19, 109, 51, 141, 65, 9, 83, 155, 99, 28, 118, 20, 90, 180, 110, 14, 104, 44, 134, 17, 107, 15, 105, 5, 72, 95, 162, 60, 150, 47, 173, 77, 137, 78, 37, 127, 75, 167, 168, 46, 136, 165, 6, 96, 38, 128, 41, 131, 57, 147, 181], [0, 86, 76, 39, 129, 70, 160, 10, 100, 40, 130, 176, 34, 166, 87, 124, 85, 175, 84, 43, 133, 12, 102, 67, 157, 66, 156, 82, 174, 69, 159, 61, 151, 73, 172, 163, 23, 74, 113, 13, 103, 25, 115, 1, 91, 62, 152, 3, 93, 177, 164, 80, 24, 170, 68, 114, 7, 158, 97, 58, 148, 8, 98, 181]]
feasibenefit -525.3499846387538
lastindex 100 3001
time	474
feasirouteall [[0, 42, 132, 31, 121, 63, 59, 149, 153, 73, 18, 84, 108, 85, 175, 174, 2, 92, 88, 163, 80, 170, 28, 118, 20, 110, 65, 9, 155, 99, 81, 178, 10, 100, 27, 66, 156, 117, 71, 47, 171, 161, 137, 77, 36, 167, 126, 181], [0, 72, 76, 21, 111, 32, 162, 122, 11, 101, 19, 109, 16, 87, 106, 44, 134, 15, 105, 51, 141, 39, 129, 50, 140, 14, 104, 67, 157, 45, 135, 64, 154, 177, 83, 53, 143, 37, 127, 166, 13, 103, 25, 115, 1, 91, 6, 96, 58, 148, 173, 49, 139, 181], [0, 86, 78, 30, 120, 75, 168, 52, 142, 22, 112, 165, 17, 107, 89, 5, 95, 176, 179, 60, 150, 40, 130, 79, 70, 62, 152, 43, 133, 90, 180, 54, 144, 26, 116, 69, 159, 61, 151, 82, 172, 23, 160, 113, 12, 102, 74, 46, 136, 3, 93, 169, 38, 128, 41, 131, 164, 24, 68, 114, 7, 158, 97, 8, 98, 181]]
feasibenefit -435.57997111443643
lastindex 49 3001
time	499
feasirouteall [[0, 72, 74, 18, 108, 84, 174, 82, 172, 32, 164, 162, 122, 2, 62, 152, 92, 19, 109, 16, 87, 106, 90, 20, 180, 110, 22, 112, 15, 105, 68, 40, 130, 34, 177, 158, 124, 37, 127, 35, 125, 181], [0, 86, 65, 11, 101, 9, 155, 99, 28, 118, 51, 141, 89, 39, 129, 50, 140, 52, 142, 14, 104, 44, 134, 17, 107, 5, 95, 176, 179, 60, 150, 63, 153, 45, 135, 67, 157, 66, 71, 156, 54, 144, 26, 116, 33, 161, 123, 56, 146, 49, 139, 48, 138, 1, 91, 8, 98, 181], [0, 29, 119, 42, 132, 81, 31, 121, 88, 70, 171, 178, 59, 149, 76, 10, 100, 160, 79, 169, 77, 78, 75, 167, 168, 53, 143, 166, 83, 173, 23, 73, 113, 165, 12, 102, 46, 136, 64, 163, 80, 170, 41, 131, 69, 159, 61, 151, 13, 103, 85, 175, 25, 115, 6, 96, 3, 93, 154, 38, 128, 58, 148, 7, 97, 181]]
feasibenefit -391.8026094664463
lastindex 31 3001
time	530
2014-05-03 23:18:16 INFO  AbstractValidatingSessionManager:265 - Validating all active sessions...
2014-05-03 23:18:16 INFO  AbstractValidatingSessionManager:298 - Finished session validation.  [1] sessions were stopped.
feasirouteall [[0, 65, 83, 173, 18, 108, 88, 29, 119, 11, 101, 9, 155, 99, 28, 118, 20, 90, 180, 110, 17, 107, 73, 10, 100, 178, 163, 39, 129, 50, 140, 14, 104, 44, 134, 26, 116, 43, 133, 12, 102, 23, 113, 36, 77, 167, 126, 181], [0, 89, 31, 121, 21, 111, 32, 179, 122, 2, 92, 19, 109, 16, 87, 106, 52, 142, 22, 112, 15, 105, 51, 74, 141, 5, 95, 72, 177, 162, 164, 80, 60, 150, 40, 130, 63, 153, 45, 135, 47, 79, 169, 137, 78, 37, 127, 75, 168, 24, 170, 68, 114, 6, 96, 62, 158, 165, 13, 103, 1, 91, 8, 152, 98, 58, 148, 7, 97, 181], [0, 42, 132, 81, 59, 149, 76, 86, 166, 70, 171, 160, 67, 157, 27, 71, 117, 85, 175, 84, 82, 69, 159, 61, 151, 66, 172, 156, 174, 54, 144, 53, 143, 161, 46, 136, 41, 131, 64, 176, 154, 3, 93, 56, 146, 49, 139, 48, 138, 181]]
feasibenefit -459.83806072601277
lastindex 74 3001
time	548
feasirouteall [[0, 64, 42, 132, 82, 69, 159, 61, 151, 73, 172, 68, 154, 163, 21, 63, 111, 153, 2, 158, 92, 19, 109, 16, 87, 106, 52, 142, 22, 112, 5, 83, 95, 177, 173, 15, 105, 62, 152, 27, 66, 156, 117, 26, 116, 54, 144, 43, 90, 133, 53, 143, 12, 102, 46, 136, 70, 23, 160, 180, 113, 13, 103, 56, 146, 49, 139, 48, 138, 181], [0, 72, 74, 18, 108, 85, 175, 84, 174, 32, 164, 162, 122, 65, 9, 155, 99, 28, 118, 51, 141, 50, 140, 14, 104, 71, 10, 100, 67, 157, 45, 135, 47, 79, 169, 137, 37, 127, 36, 161, 126, 181], [0, 88, 81, 59, 149, 178, 31, 121, 29, 119, 77, 78, 75, 167, 168, 11, 101, 20, 165, 110, 44, 134, 17, 107, 89, 39, 129, 179, 40, 130, 60, 150, 76, 86, 166, 3, 93, 171, 41, 131, 80, 170, 24, 176, 114, 6, 96, 38, 128, 58, 148, 25, 115, 7, 97, 8, 98, 181]]
feasibenefit -452.9104003827284
lastindex 60 3001
time	585
feasirouteall [[0, 89, 31, 121, 42, 132, 81, 59, 149, 32, 179, 122, 11, 101, 20, 90, 180, 110, 50, 140, 22, 112, 44, 134, 17, 107, 15, 105, 34, 88, 124, 26, 116, 43, 133, 12, 102, 171, 68, 23, 158, 113, 13, 103, 74, 38, 128, 178, 57, 164, 147, 181], [0, 18, 108, 16, 106, 87, 77, 9, 177, 99, 76, 40, 130, 60, 150, 63, 153, 45, 135, 79, 64, 154, 169, 5, 95, 166, 53, 143, 33, 123, 167, 35, 125, 56, 146, 49, 139, 48, 138, 181], [0, 65, 72, 29, 119, 155, 162, 21, 111, 2, 92, 69, 159, 61, 151, 82, 19, 109, 85, 175, 84, 174, 51, 141, 39, 129, 28, 118, 62, 152, 172, 73, 10, 100, 67, 157, 27, 66, 156, 117, 54, 144, 71, 47, 163, 83, 137, 37, 127, 78, 75, 168, 161, 46, 136, 173, 165, 6, 70, 96, 3, 93, 58, 148, 41, 131, 80, 24, 170, 160, 114, 25, 115, 1, 91, 7, 97, 8, 98, 181]]
feasibenefit -539.7813506429698
lastindex 47 3001
average	-457.2041282877828	-539.7813506429698
time	633
time	5365	8.941666666666666
