10	5	20	50
0	  37.7514	-122.3944	0	0	540	1140
1	  37.7948	-122.4021	0	3	692	752
2	  37.7913	-122.4230	0	3	859	919
3	  37.7941	-122.4083	0	3	852	912
4	  37.8084	-122.4100	0	3	1014	1074
5	  37.7928	-122.4035	0	3	805	865
6	  37.7818	-122.4048	0	3	618	678
7	  37.8007	-122.4297	0	3	579	639
8	  37.8088	-122.4159	0	3	817	877
9	  37.7857	-122.4248	0	3	573	633
10	  37.7699	-122.4487	0	3	886	946
11	  37.8007	-122.4223	0	3	556	616
12	  37.7844	-122.4391	0	3	690	750
13	  37.7862	-122.4053	0	3	886	946
14	  37.7863	-122.4216	0	3	661	721
15	  37.7749	-122.4531	0	3	678	738
16	  37.7789	-122.4102	0	3	743	803
17	  37.7993	-122.4399	0	3	649	709
18	  37.7981	-122.4248	0	3	652	712
19	  37.7877	-122.4049	0	3	753	813
20	  37.6152	-122.3846	0	3	922	982
21	  37.7836	-122.4315	0	1	540	1020
22	  37.7708	-122.4252	0	1	540	1020
23	  37.8081	-122.4158	0	1	540	1020
24	  37.7917	-122.4159	0	1	540	1020
25	  37.8031	-122.4198	0	1	540	1020
26	  37.7810	-122.4090	0	1	540	1020
27	  37.7118	-122.2122	0	1	540	1020
28	  37.8062	-122.4184	0	1	540	1020
29	  37.7766	-122.3922	0	1	540	1020
30	  37.7701	-122.4470	0	1	540	1020
31	  37.8066	-122.4060	0	1	540	1020
32	  37.8002	-122.4475	0	1	540	1020
33	  37.8001	-122.4044	0	1	540	1020
34	  37.8069	-122.4191	0	1	540	1020
35	  37.7918	-122.3980	0	1	540	1020
36	  37.7917	-122.4159	0	1	540	1020
37	  37.7618	-122.4211	0	1	540	1020
38	  37.7899	-122.4309	0	1	540	1020
39	  37.7119	-122.2098	0	1	540	1020
40	  37.7868	-122.4067	0	1	540	1020
41	  37.6754	-122.3890	0	1	540	1020
42	  37.7708	-122.4252	0	1	540	1020
43	  37.7764	-122.3959	0	1	540	1020
44	  37.8069	-122.4191	0	1	540	1020
45	  37.7867	-122.4028	0	1	540	1020
46	  37.7823	-122.3997	0	1	540	1020
47	  37.7572	-122.4189	0	1	540	1020
48	  37.7915	-122.4122	0	1	540	1020
49	  37.7907	-122.4005	0	1	540	1020
50	  37.7792	-122.3955	0	1	540	1020
51	  37.7754	-122.4660	0	1	540	1020
52	  37.6165	-122.3882	0	1	540	1020
53	  37.8055	-122.4053	0	1	540	1020
54	  37.7935	-122.3999	0	1	540	1020
55	  37.7842	-122.4084	0	1	540	1020
56	  37.7927	-122.3941	0	1	540	1020
57	  37.7868	-122.4067	0	1	540	1020
58	  37.8055	-122.4053	0	1	540	1020
59	  37.5185	-122.2610	0	1	540	1020
60	  37.7927	-122.3941	0	1	540	1020
61	  37.8041	-122.4385	0	1	540	1020
62	  37.7918	-122.3980	0	1	540	1020
63	  37.7750	-122.4039	0	1	540	1020
64	  37.7918	-122.3980	0	1	540	1020
65	  37.8011	-122.4194	0	1	540	1020
66	  37.8081	-122.4158	0	1	540	1020
67	  37.7692	-122.4696	0	1	540	1020
68	  37.6179	-122.3858	0	1	540	1020
69	  37.7940	-122.4015	0	1	540	1020
70	  37.7792	-122.3955	0	1	540	1020
71	  37.7928	-122.3964	0	-3	726	816
72	  37.7923	-122.4109	0	-3	867	957
73	  37.7911	-122.4082	0	-3	900	990
74	  37.8084	-122.4105	0	-3	1015	1105
75	  37.7952	-122.4049	0	-3	808	898
76	  37.7255	-122.4341	0	-3	645	735
77	  37.7994	-122.4233	0	-3	583	673
78	  37.8075	-122.4191	0	-3	820	910
79	  37.7863	-122.4148	0	-3	579	669
80	  37.7705	-122.4437	0	-3	889	979
81	  37.6163	-122.3881	0	-3	629	719
82	  37.7857	-122.4288	0	-3	693	783
83	  37.7961	-122.4052	0	-3	917	1007
84	  37.7940	-122.4230	0	-3	666	756
85	  37.7752	-122.4515	0	-3	681	771
86	  37.7943	-122.3975	0	-3	759	849
87	  37.7666	-122.4029	0	-3	738	828
88	  37.7964	-122.4257	0	-3	678	768
89	  37.7887	-122.4202	0	-3	757	847
90	  37.7604	-122.3934	0	-3	1034	1124
91	  37.7950	-122.4215	0	-1	540	1020
92	  37.7866	-122.4049	0	-1	540	1020
93	  37.8076	-122.4158	0	-1	540	1020
94	  37.7908	-122.4174	0	-1	540	1020
95	  37.7887	-122.4053	0	-1	540	1020
96	  37.7809	-122.5052	0	-1	540	1020
97	  37.7950	-122.4047	0	-1	540	1020
98	  37.8004	-122.4105	0	-1	540	1020
99	  37.7821	-122.3925	0	-1	540	1020
100	  37.7784	-122.4663	0	-1	540	1020
101	  37.7881	-122.4037	0	-1	540	1020
102	  37.7995	-122.4235	0	-1	540	1020
103	  37.8009	-122.4016	0	-1	540	1020
104	  37.8073	-122.4149	0	-1	540	1020
105	  37.7917	-122.3980	0	-1	540	1020
106	  37.7908	-122.4174	0	-1	540	1020
107	  37.7622	-122.4218	0	-1	540	1020
108	  37.7782	-122.4283	0	-1	540	1020
109	  37.7927	-122.3994	0	-1	540	1020
110	  37.7811	-122.4624	0	-1	540	1020
111	  37.6762	-122.3886	0	-1	540	1020
112	  37.7866	-122.4049	0	-1	540	1020
113	  37.7757	-122.3969	0	-1	540	1020
114	  37.8073	-122.4149	0	-1	540	1020
115	  37.7948	-122.4014	0	-1	540	1020
116	  37.7903	-122.3912	0	-1	540	1020
117	  37.7632	-122.3976	0	-1	540	1020
118	  37.7880	-122.4028	0	-1	540	1020
119	  37.7907	-122.4005	0	-1	540	1020
120	  37.7844	-122.4084	0	-1	540	1020
121	  37.7632	-122.4587	0	-1	540	1020
122	  37.6106	-122.3932	0	-1	540	1020
123	  37.7897	-122.4206	0	-1	540	1020
124	  37.7922	-122.4027	0	-1	540	1020
125	  37.7766	-122.3955	0	-1	540	1020
126	  37.7924	-122.3942	0	-1	540	1020
127	  37.7868	-122.4066	0	-1	540	1020
128	  37.7897	-122.4206	0	-1	540	1020
129	  37.7885	-122.4034	0	-1	540	1020
130	  37.7924	-122.3942	0	-1	540	1020
131	  37.7743	-122.4352	0	-1	540	1020
132	  37.7917	-122.3980	0	-1	540	1020
133	  37.7936	-122.3984	0	-1	540	1020
134	  37.7917	-122.3980	0	-1	540	1020
135	  37.7974	-122.4322	0	-1	540	1020
136	  37.8076	-122.4158	0	-1	540	1020
137	  37.7637	-122.4568	0	-1	540	1020
138	  37.6740	-122.3896	0	-1	540	1020
139	  37.8065	-122.4142	0	-1	540	1020
140	  37.7844	-122.4084	0	-1	540	1020
