25	5	50	60
0	  37.7514	-122.3944	0	0	540	1140
1	  37.7918	-122.4112	0	3	993	1053
2	  37.7863	-122.4216	0	3	661	721
3	  37.7948	-122.4021	0	3	692	752
4	  37.7600	-122.3964	0	3	875	935
5	  37.7783	-122.3918	0	3	964	1024
6	  37.7981	-122.4248	0	3	652	712
7	  37.8084	-122.4100	0	3	1014	1074
8	  37.7934	-122.4111	0	3	753	813
9	  37.7802	-122.4128	0	3	954	1014
10	  37.6649	-122.3973	0	3	542	602
11	  37.9899	-122.3118	0	3	546	606
12	  37.7661	-122.4501	0	3	730	790
13	  37.7838	-122.4207	0	3	735	795
14	  37.7923	-122.4007	0	3	697	757
15	  37.7827	-122.4192	0	3	1006	1066
16	  37.7846	-122.4307	0	3	734	794
17	  37.7862	-122.4333	0	3	591	651
18	  37.6148	-122.3896	0	3	855	915
19	  37.7882	-122.4083	0	3	920	980
20	  37.6180	-122.3860	0	3	646	706
21	  37.7947	-122.3994	0	3	922	982
22	  37.7699	-122.4487	0	3	886	946
23	  37.7512	-122.4352	0	3	544	604
24	  37.7794	-122.4420	0	3	1001	1061
25	  37.7914	-122.4076	0	3	654	714
26	  37.8007	-122.4297	0	3	579	639
27	  37.7801	-122.4125	0	3	969	1029
28	  37.7880	-122.4010	0	3	899	959
29	  37.7972	-122.4342	0	3	783	843
30	  37.7940	-122.3931	0	3	708	768
31	  37.7855	-122.4086	0	3	899	959
32	  37.7859	-122.4223	0	3	895	955
33	  37.7863	-122.4216	0	3	661	721
34	  37.7885	-122.4070	0	3	926	986
35	  37.7877	-122.4049	0	3	753	813
36	  37.7833	-122.4406	0	3	979	1039
37	  37.7551	-122.4233	0	3	851	911
38	  37.6541	-122.4022	0	3	793	853
39	  37.8067	-122.4122	0	3	946	1006
40	  37.7758	-122.3950	0	3	569	629
41	  37.7818	-122.4205	0	3	879	939
42	  37.8037	-122.4436	0	3	923	983
43	  37.8084	-122.4100	0	3	887	947
44	  37.8056	-122.4177	0	3	771	831
45	  37.7769	-122.4309	0	3	914	974
46	  37.7909	-122.4073	0	3	572	632
47	  37.7923	-122.4345	0	3	611	671
48	  37.7935	-122.4262	0	3	832	892
49	  37.7923	-122.4007	0	3	697	757
50	  37.8088	-122.4159	0	3	817	877
51	  37.7792	-122.3955	0	1	540	1020
52	  37.7684	-122.4223	0	1	540	1020
53	  37.8006	-122.4362	0	1	540	1020
54	  37.7906	-122.4200	0	1	540	1020
55	  37.5185	-122.2610	0	1	540	1020
56	  37.6165	-122.3882	0	1	540	1020
57	  37.8034	-122.4334	0	1	540	1020
58	  37.7929	-122.3975	0	1	540	1020
59	  37.8082	-122.4163	0	1	540	1020
60	  37.8062	-122.4184	0	1	540	1020
61	  37.7929	-122.3975	0	1	540	1020
62	  37.7809	-122.4326	0	1	540	1020
63	  37.7811	-122.4626	0	1	540	1020
64	  37.8085	-122.4135	0	1	540	1020
65	  37.8085	-122.4135	0	1	540	1020
66	  37.7927	-122.3941	0	1	540	1020
67	  37.7708	-122.4252	0	1	540	1020
68	  37.7574	-122.4126	0	1	540	1020
69	  37.7292	-122.3741	0	1	540	1020
70	  37.7904	-122.3966	0	1	540	1020
71	  37.7868	-122.4067	0	1	540	1020
72	  37.7739	-122.4325	0	1	540	1020
73	  37.7917	-122.4159	0	1	540	1020
74	  37.8011	-122.4194	0	1	540	1020
75	  37.7935	-122.3999	0	1	540	1020
76	  37.7917	-122.3980	0	1	540	1020
77	  37.7890	-122.4187	0	1	540	1020
78	  37.7907	-122.4005	0	1	540	1020
79	  37.8002	-122.4311	0	1	540	1020
80	  37.7940	-122.4015	0	1	540	1020
81	  37.7996	-122.4227	0	1	540	1020
82	  37.7842	-122.4084	0	1	540	1020
83	  37.7866	-122.4145	0	1	540	1020
84	  37.8078	-122.4108	0	1	540	1020
85	  37.8002	-122.4311	0	1	540	1020
86	  37.8016	-122.4300	0	1	540	1020
87	  37.7771	-122.4232	0	1	540	1020
88	  37.8066	-122.4140	0	1	540	1020
89	  37.7868	-122.4067	0	1	540	1020
90	  37.7866	-122.4145	0	1	540	1020
91	  37.8041	-122.4385	0	1	540	1020
92	  37.8011	-122.4194	0	1	540	1020
93	  37.7929	-122.3975	0	1	540	1020
94	  37.6179	-122.3858	0	1	540	1020
95	  37.8066	-122.4060	0	1	540	1020
96	  37.7684	-122.4223	0	1	540	1020
97	  37.8011	-122.4194	0	1	540	1020
98	  37.7856	-122.3972	0	1	540	1020
99	  37.7836	-122.4315	0	1	540	1020
100	  37.8062	-122.4184	0	1	540	1020
101	  37.8085	-122.4135	0	1	540	1020
102	  37.7932	-122.3977	0	1	540	1020
103	  37.7950	-122.4183	0	1	540	1020
104	  37.7750	-122.4039	0	1	540	1020
105	  37.7867	-122.4028	0	1	540	1020
106	  37.8034	-122.4334	0	1	540	1020
107	  37.7927	-122.3941	0	1	540	1020
108	  37.7255	-122.4029	0	1	540	1020
109	  37.7766	-122.3922	0	1	540	1020
110	  37.8002	-122.4475	0	1	540	1020
111	  37.7932	-122.4009	0	-3	997	1087
112	  37.7940	-122.4230	0	-3	666	756
113	  37.7928	-122.3964	0	-3	726	816
114	  37.7921	-122.3945	0	-3	906	996
115	  37.7865	-122.4013	0	-3	979	1069
116	  37.7964	-122.4257	0	-3	678	768
117	  37.8084	-122.4105	0	-3	1015	1105
118	  37.7951	-122.4002	0	-3	774	864
119	  37.7817	-122.4110	0	-3	955	1045
120	  37.7767	-122.3954	0	-3	586	676
121	  37.7837	-122.3901	0	-3	640	730
122	  37.7694	-122.4506	0	-3	731	821
123	  37.7888	-122.3990	0	-3	747	837
124	  37.7897	-122.4043	0	-3	706	796
125	  37.7805	-122.4187	0	-3	1012	1102
126	  37.7882	-122.4077	0	-3	746	836
127	  37.7663	-122.4248	0	-3	619	709
128	  37.7827	-122.4612	0	-3	933	1023
129	  37.7891	-122.4023	0	-3	925	1015
130	  37.7852	-122.4047	0	-3	709	799
131	  37.7926	-122.3960	0	-3	927	1017
132	  37.7705	-122.4437	0	-3	889	979
133	  37.7857	-122.4042	0	-3	564	654
134	  37.7789	-122.4384	0	-3	1002	1092
135	  37.7887	-122.4388	0	-3	674	764
136	  37.7994	-122.4233	0	-3	583	673
137	  37.7823	-122.4105	0	-3	973	1063
138	  37.7749	-122.4530	0	-3	922	1012
139	  37.7740	-122.4088	0	-3	799	889
140	  37.7936	-122.3926	0	-3	710	800
141	  37.7881	-122.4084	0	-3	902	992
142	  37.7858	-122.4219	0	-3	895	985
143	  37.7940	-122.4230	0	-3	666	756
144	  37.7891	-122.4018	0	-3	928	1018
145	  37.7887	-122.4202	0	-3	757	847
146	  37.7893	-122.4157	0	-3	991	1081
147	  37.7517	-122.4278	0	-3	853	943
148	  37.6523	-122.4021	0	-3	799	889
149	  37.8041	-122.4029	0	-3	950	1040
150	  37.7722	-122.4304	0	-3	630	720
151	  37.7802	-122.4072	0	-3	886	976
152	  37.8002	-122.4413	0	-3	924	1014
153	  37.8084	-122.4101	0	-3	890	980
154	  37.7979	-122.4005	0	-3	778	868
155	  37.7901	-122.4010	0	-3	927	1017
156	  37.7927	-122.4032	0	-3	573	663
157	  37.7970	-122.4238	0	-3	622	712
158	  37.7829	-122.4275	0	-3	855	945
159	  37.7897	-122.4043	0	-3	706	796
160	  37.8075	-122.4191	0	-3	820	910
161	  37.7844	-122.4084	0	-1	540	1020
162	  37.7905	-122.4002	0	-1	540	1020
163	  37.7901	-122.4018	0	-1	540	1020
164	  37.7906	-122.4202	0	-1	540	1020
165	  37.7885	-122.4034	0	-1	540	1020
166	  37.6106	-122.3932	0	-1	540	1020
167	  37.8037	-122.4366	0	-1	540	1020
168	  37.7926	-122.3978	0	-1	540	1020
169	  37.7993	-122.4189	0	-1	540	1020
170	  37.8004	-122.4105	0	-1	540	1020
171	  37.7926	-122.3978	0	-1	540	1020
172	  37.7757	-122.4329	0	-1	540	1020
173	  37.7807	-122.4704	0	-1	540	1020
174	  37.8081	-122.4158	0	-1	540	1020
175	  37.8081	-122.4158	0	-1	540	1020
176	  37.7924	-122.3942	0	-1	540	1020
177	  37.7866	-122.4049	0	-1	540	1020
178	  37.8014	-122.4317	0	-1	540	1020
179	  37.7342	-122.3975	0	-1	540	1020
180	  37.7868	-122.4014	0	-1	540	1020
181	  37.7811	-122.4624	0	-1	540	1020
182	  37.7739	-122.4325	0	-1	540	1020
183	  37.7908	-122.4174	0	-1	540	1020
184	  37.7974	-122.4322	0	-1	540	1020
185	  37.7922	-122.4027	0	-1	540	1020
186	  37.7911	-122.3988	0	-1	540	1020
187	  37.7843	-122.4168	0	-1	540	1020
188	  37.7907	-122.4005	0	-1	540	1020
189	  37.7990	-122.4242	0	-1	540	1020
190	  37.8065	-122.4142	0	-1	540	1020
191	  37.7963	-122.4220	0	-1	540	1020
192	  37.7766	-122.3955	0	-1	540	1020
193	  37.7884	-122.4067	0	-1	540	1020
194	  37.7908	-122.4183	0	-1	540	1020
195	  37.7990	-122.4242	0	-1	540	1020
196	  37.8012	-122.4279	0	-1	540	1020
197	  37.7771	-122.4232	0	-1	540	1020
198	  37.8066	-122.4139	0	-1	540	1020
199	  37.7868	-122.4066	0	-1	540	1020
200	  37.7884	-122.4067	0	-1	540	1020
201	  37.7743	-122.4352	0	-1	540	1020
202	  37.7974	-122.4322	0	-1	540	1020
203	  37.7926	-122.3978	0	-1	540	1020
204	  37.6740	-122.3896	0	-1	540	1020
205	  37.7881	-122.4037	0	-1	540	1020
206	  37.7905	-122.4002	0	-1	540	1020
207	  37.7974	-122.4322	0	-1	540	1020
208	  37.7853	-122.4001	0	-1	540	1020
209	  37.7950	-122.4215	0	-1	540	1020
210	  37.8004	-122.4105	0	-1	540	1020
211	  37.8081	-122.4158	0	-1	540	1020
212	  37.7872	-122.4090	0	-1	540	1020
213	  37.7924	-122.4033	0	-1	540	1020
214	  37.7936	-122.3984	0	-1	540	1020
215	  37.7948	-122.4014	0	-1	540	1020
216	  37.8037	-122.4366	0	-1	540	1020
217	  37.7924	-122.3942	0	-1	540	1020
218	  37.7587	-122.4168	0	-1	540	1020
219	  37.7821	-122.3925	0	-1	540	1020
220	  37.7995	-122.4235	0	-1	540	1020
