29	5	30	50
0	  11.3790	   8.4055	3	649	649
1	  19.9075	  18.2802	3	256	256
2	  16.1204	   0.3512	3	113	113
3	  24.0362	  20.8087	3	735	735
4	  12.6018	   5.1052	3	1197	1197
5	   6.6518	   4.8211	3	627	627
6	   8.5679	   6.9029	3	1328	1328
7	  13.5394	   0.3994	3	175	175
8	  22.7512	  10.7325	3	540	540
9	   7.1913	  15.8496	3	958	958
10	   8.2034	  20.5388	3	1245	1245
11	   3.7094	  18.4335	3	1043	1043
12	  20.6599	  15.0884	3	888	888
13	   8.3686	  17.9594	3	706	706
14	  15.9186	   7.4048	3	327	327
15	  13.7681	   3.5205	3	542	542
16	  12.5100	  20.4199	3	644	644
17	   8.3416	  21.0780	3	1132	1132
18	   2.3229	   5.9711	3	1157	1157
19	  24.9817	  14.1791	3	958	958
20	  10.3418	  13.5211	3	500	500
21	  14.5785	  24.2318	3	951	951
22	   9.9643	  21.8070	3	1100	1100
23	   3.1793	  18.1677	3	497	497
24	  17.3458	   6.8886	3	1011	1011
25	  21.9770	  13.4403	3	339	339
26	   6.3997	  19.4918	3	59	59
27	  23.0123	   0.2603	3	703	703
28	  15.5877	   6.3539	3	1284	1284
29	  21.3383	  17.9106	3	1216	1216
30	  13.1028	   7.8241	-3	649	649
31	  20.6689	  19.1436	-3	256	256
32	  13.8900	   1.0946	-3	113	113
33	  22.6851	  24.0928	-3	735	735
34	  11.8562	   4.3707	-3	1197	1197
35	   6.8628	   5.9993	-3	627	627
36	   6.2333	   6.1085	-3	1328	1328
37	  14.9649	   0.5492	-3	175	175
38	  22.4644	   8.6113	-3	540	540
39	   6.2711	  14.8598	-3	958	958
40	   8.0998	  21.2359	-3	1245	1245
41	   4.2715	  18.7104	-3	1043	1043
42	  20.8002	  16.1543	-3	888	888
43	   8.7668	  19.0855	-3	706	706
44	  15.4090	   4.7638	-3	327	327
45	  12.3424	   4.9396	-3	542	542
46	  13.2832	  20.6012	-3	644	644
47	   9.8411	  21.6683	-3	1132	1132
48	   4.3409	   5.1009	-3	1157	1157
49	  23.0788	  15.7941	-3	958	958
50	  11.6012	  13.0058	-3	500	500
51	  11.3553	  22.8940	-3	951	951
52	  10.2819	  23.6573	-3	1100	1100
53	   1.6155	  16.0428	-3	497	497
54	  18.4816	   9.9060	-3	1011	1011
55	  19.0295	  13.6002	-3	339	339
56	   5.7986	  18.9555	-3	59	59
57	  22.5800	   3.1604	-3	703	703
58	  17.8001	   7.6192	-3	1284	1284
59	  22.3247	  17.6793	-3	1216	1216
60	   7.0897	  22.6668	1	0	1440
61	  21.8986	  24.4568	1	0	1440
62	   8.9980	   6.8629	1	0	1440
63	  21.2639	  12.1772	1	0	1440
64	   0.0307	  13.6097	1	0	1440
65	  19.0658	  11.6319	1	0	1440
66	   0.0722	   5.1886	1	0	1440
67	  21.3884	   6.4719	1	0	1440
68	  24.6804	   9.1387	1	0	1440
69	   1.6397	  22.6927	1	0	1440
70	   4.0467	   5.7373	1	0	1440
71	  10.1380	  16.3717	1	0	1440
72	   2.0573	  17.2277	1	0	1440
73	  14.0385	  11.8985	1	0	1440
74	  10.0712	  17.8308	1	0	1440
75	  21.2289	   4.1370	1	0	1440
76	   4.4627	  22.8443	1	0	1440
77	  20.1799	   4.5349	1	0	1440
78	  11.0068	   2.7134	1	0	1440
79	  15.8432	  15.0118	1	0	1440
80	  20.8245	  17.9006	1	0	1440
81	   7.2395	   9.8630	1	0	1440
82	   4.7990	  21.1356	1	0	1440
83	  23.7735	   4.1007	1	0	1440
84	   8.2377	  10.8937	1	0	1440
85	  17.8467	   3.4176	1	0	1440
86	  15.4286	  20.8796	1	0	1440
87	  23.5930	  20.6927	1	0	1440
88	  14.0817	  23.9991	1	0	1440
89	   3.4519	  21.6418	1	0	1440
90	   8.9673	  24.2765	1	0	1440
91	   9.1395	  19.3414	1	0	1440
92	  10.4957	   6.3719	1	0	1440
93	  18.5399	   9.2692	1	0	1440
94	  10.8645	  22.1182	1	0	1440
95	  22.1280	   1.2931	1	0	1440
96	  17.9978	  17.1138	1	0	1440
97	   2.7284	  16.5908	1	0	1440
98	  15.5899	  18.6051	1	0	1440
99	  10.7656	  19.0419	1	0	1440
100	  10.9398	   2.4578	1	0	1440
101	  24.1307	  23.2822	1	0	1440
102	   4.6541	   0.9373	1	0	1440
103	   0.9081	  23.1672	1	0	1440
104	  13.0657	  13.2831	1	0	1440
105	   4.8739	  10.8853	1	0	1440
106	   7.6042	  20.4639	1	0	1440
107	  14.5057	  19.7373	1	0	1440
108	  18.6166	   2.1794	1	0	1440
109	   0.3465	   0.9426	1	0	1440
110	   6.2974	  20.6319	-1	0	1440
111	  19.7247	  22.5358	-1	0	1440
112	   8.9150	   4.9865	-1	0	1440
113	  23.7463	  14.6855	-1	0	1440
114	   0.7069	  12.6464	-1	0	1440
115	  18.8956	  15.1267	-1	0	1440
116	   0.1215	   6.6696	-1	0	1440
117	  21.9290	   4.4023	-1	0	1440
118	  22.5549	   6.9691	-1	0	1440
119	   2.9791	  22.4458	-1	0	1440
120	   2.5223	   8.5028	-1	0	1440
121	  12.8065	  16.8101	-1	0	1440
122	   1.8532	  21.3713	-1	0	1440
123	  13.8960	  10.9371	-1	0	1440
124	   9.2528	  20.3622	-1	0	1440
125	  19.9858	   1.4353	-1	0	1440
126	   4.1570	  21.7234	-1	0	1440
127	  20.6355	   7.3329	-1	0	1440
128	   8.3408	   1.8688	-1	0	1440
129	  14.5424	  16.2068	-1	0	1440
130	  19.3706	  18.3655	-1	0	1440
131	   7.3974	   9.6264	-1	0	1440
132	   6.4310	  20.0023	-1	0	1440
133	  23.8871	   6.7649	-1	0	1440
134	   5.7686	  13.4762	-1	0	1440
135	  22.0959	   4.8074	-1	0	1440
136	  17.1055	  19.5247	-1	0	1440
137	  24.5266	  24.0425	-1	0	1440
138	  10.4726	  24.9708	-1	0	1440
139	   5.8565	  22.1532	-1	0	1440
140	   5.9656	  22.2174	-1	0	1440
141	   6.9077	  19.3631	-1	0	1440
142	  13.4414	   5.2698	-1	0	1440
143	  15.5573	   8.5603	-1	0	1440
144	  11.1706	  19.9083	-1	0	1440
145	  23.3455	   3.6397	-1	0	1440
146	  18.6455	  15.6094	-1	0	1440
147	   5.9367	  11.6044	-1	0	1440
148	  15.2469	  19.7329	-1	0	1440
149	   9.5438	  21.5669	-1	0	1440
150	  11.6295	   7.0226	-1	0	1440
151	  22.0815	  17.8803	-1	0	1440
152	   3.3318	   3.0873	-1	0	1440
153	   4.4904	  18.3698	-1	0	1440
154	  15.2300	  10.7243	-1	0	1440
155	   6.8885	  11.8221	-1	0	1440
156	   8.4262	  23.0434	-1	0	1440
157	  15.0706	  17.5527	-1	0	1440
158	  17.4211	   2.0213	-1	0	1440
159	   0.0573	   2.0811	-1	0	1440
160	   8.2837	   1.9788	0	0	1440
161	  17.7728	   9.2764	0	0	1440
162	  22.6294	   3.9038	0	0	1440
163	  17.3575	   3.8082	0	0	1440
164	  20.2854	   5.9651	0	0	1440
165	  23.2765	  16.8645	0	0	1440
166	  19.4892	  13.0961	0	0	1440
167	  18.3183	   4.7893	0	0	1440
168	   9.3990	  17.2274	0	0	1440
169	   4.8738	   4.4528	0	0	1440
170	   1.8390	  15.5674	0	0	1440
171	  15.0994	  24.2340	0	0	1440
172	  11.1313	  23.7585	0	0	1440
173	  15.8112	  17.4638	0	0	1440
174	  21.6639	   6.0697	0	0	1440
175	  13.6874	   6.3196	0	0	1440
176	  14.6157	  12.3297	0	0	1440
177	   0.4061	  10.1059	0	0	1440
178	  12.3250	  21.3200	0	0	1440
179	   4.4664	  24.2642	0	0	1440
180	  10.1572	  13.7890	0	0	1440
181	  13.8969	  20.0175	0	0	1440
182	  22.1880	  21.0073	0	0	1440
183	   3.0330	  16.5682	0	0	1440
184	   2.8121	  20.6978	0	0	1440
185	  14.2989	  23.3727	0	0	1440
186	   3.5732	   5.3455	0	0	1440
187	  12.7503	  20.1678	0	0	1440
188	   8.8371	  11.7727	0	0	1440
