feasirouteall [[0, 18, 60, 58, 67, 15, 162, 204, 211, 42, 202, 159, 186, 48, 192, 143, 85, 287, 22, 166, 92, 112, 229, 53, 256, 197, 236, 36, 35, 180, 179, 289], [0, 23, 136, 167, 38, 1, 145, 65, 280, 116, 182, 209, 260, 10, 52, 30, 154, 196, 174, 111, 56, 200, 39, 105, 255, 120, 183, 264, 249, 289], [0, 49, 13, 130, 57, 193, 4, 201, 157, 274, 148, 81, 88, 44, 16, 134, 232, 225, 188, 278, 160, 54, 50, 64, 126, 208, 72, 194, 198, 125, 270, 216, 269, 289], [0, 25, 78, 71, 59, 215, 222, 169, 110, 203, 66, 43, 95, 210, 187, 254, 239, 82, 19, 144, 226, 129, 3, 273, 163, 34, 288, 147, 178, 139, 283, 289], [0, 51, 24, 113, 195, 33, 70, 84, 177, 168, 257, 8, 228, 214, 152, 128, 7, 141, 151, 76, 285, 272, 138, 118, 98, 220, 282, 242, 262, 289], [0, 45, 29, 135, 189, 279, 77, 173, 17, 69, 161, 87, 127, 221, 114, 213, 231, 5, 271, 46, 27, 258, 21, 119, 149, 165, 190, 171, 100, 244, 263, 289], [0, 11, 6, 155, 150, 74, 102, 132, 63, 31, 218, 276, 207, 246, 175, 86, 121, 230, 133, 12, 277, 93, 265, 106, 156, 101, 237, 250, 89, 245, 233, 289], [0, 47, 80, 26, 170, 191, 224, 90, 73, 97, 131, 275, 20, 241, 234, 217, 107, 164, 122, 123, 75, 266, 251, 219, 267, 289], [0, 40, 103, 184, 9, 108, 153, 247, 252, 99, 41, 243, 185, 32, 140, 37, 176, 284, 109, 253, 61, 181, 115, 79, 205, 259, 124, 117, 223, 261, 268, 289], [0, 104, 96, 55, 240, 142, 199, 2, 248, 68, 286, 212, 91, 146, 62, 235, 14, 206, 83, 94, 28, 137, 227, 172, 158, 238, 281, 289]]
feasibenefit 942.0953826180635
lastindex 19900 20901
time	13776

newbenfit 161632.55277141207
feasirouteall [[0, 9, 103, 108, 153, 42, 1, 145, 247, 8, 186, 252, 99, 41, 243, 152, 185, 121, 131, 46, 21, 275, 265, 93, 165, 190, 124, 101, 237, 89, 245, 268, 233, 289], [0, 47, 80, 55, 104, 26, 170, 224, 191, 199, 69, 87, 248, 231, 114, 213, 86, 258, 7, 56, 230, 111, 255, 105, 200, 151, 79, 137, 249, 75, 123, 281, 223, 219, 267, 289], [0, 23, 13, 57, 29, 136, 167, 201, 157, 173, 48, 280, 10, 192, 22, 92, 166, 64, 236, 154, 36, 20, 61, 27, 208, 205, 119, 180, 94, 164, 122, 171, 238, 266, 263, 289], [0, 40, 184, 135, 24, 77, 279, 84, 143, 168, 287, 228, 221, 12, 141, 34, 76, 106, 156, 139, 178, 285, 220, 250, 283, 289], [0, 71, 215, 59, 38, 203, 65, 116, 182, 209, 85, 260, 112, 229, 107, 256, 138, 118, 251, 98, 262, 282, 242, 289], [0, 6, 150, 74, 102, 132, 63, 31, 218, 276, 246, 207, 175, 32, 140, 37, 176, 284, 5, 133, 181, 149, 117, 277, 261, 100, 244, 289], [0, 67, 58, 11, 15, 130, 211, 155, 202, 159, 17, 274, 43, 161, 52, 95, 187, 30, 82, 53, 239, 196, 91, 174, 226, 35, 197, 235, 62, 206, 179, 289], [0, 51, 49, 45, 66, 193, 189, 113, 195, 33, 210, 70, 177, 257, 127, 214, 90, 73, 271, 97, 54, 50, 234, 217, 39, 241, 72, 198, 194, 120, 183, 216, 264, 289], [0, 18, 4, 60, 162, 204, 148, 81, 44, 88, 134, 232, 225, 188, 278, 19, 144, 129, 14, 288, 83, 28, 163, 273, 227, 172, 158, 289], [0, 25, 78, 169, 110, 222, 254, 96, 240, 142, 2, 16, 68, 286, 212, 146, 160, 126, 109, 253, 128, 115, 3, 125, 270, 269, 259, 272, 147, 289]]
feasibenefit 934.3003737310426
lastindex 21701 21801
time	14662

newbenfit 81613.12950518791
newbenfit 3904.6221622467583
feasirouteall [[0, 104, 55, 26, 96, 170, 199, 16, 248, 2, 134, 240, 36, 146, 160, 19, 278, 144, 288, 180, 35, 119, 163, 124, 179, 100, 263, 244, 268, 289], [0, 6, 71, 78, 222, 59, 215, 150, 102, 132, 110, 203, 43, 276, 246, 95, 187, 30, 254, 239, 174, 21, 133, 61, 46, 115, 205, 277, 190, 165, 117, 261, 259, 289], [0, 18, 58, 67, 162, 15, 211, 42, 202, 159, 63, 186, 31, 207, 10, 175, 64, 52, 154, 196, 7, 208, 34, 141, 151, 106, 101, 250, 285, 245, 178, 289], [0, 57, 11, 130, 155, 29, 274, 17, 201, 173, 84, 161, 87, 69, 127, 231, 228, 213, 271, 109, 253, 128, 27, 20, 94, 272, 164, 122, 171, 238, 266, 289], [0, 13, 24, 113, 70, 77, 157, 168, 8, 257, 214, 221, 152, 90, 73, 121, 91, 53, 217, 234, 197, 235, 265, 93, 138, 123, 75, 98, 282, 237, 242, 267, 219, 289], [0, 23, 108, 167, 252, 41, 99, 44, 185, 243, 5, 188, 32, 176, 37, 149, 181, 76, 79, 39, 220, 89, 137, 183, 223, 281, 233, 289], [0, 4, 60, 80, 204, 224, 74, 148, 81, 218, 225, 114, 97, 131, 258, 275, 28, 129, 83, 241, 72, 172, 227, 273, 216, 289], [0, 49, 45, 9, 103, 189, 193, 153, 247, 66, 47, 210, 142, 191, 88, 68, 286, 212, 86, 232, 12, 230, 111, 255, 105, 56, 200, 156, 249, 289], [0, 25, 136, 169, 38, 1, 145, 65, 280, 116, 182, 85, 260, 209, 82, 229, 50, 54, 126, 226, 198, 194, 125, 120, 3, 270, 269, 264, 147, 289], [0, 51, 40, 184, 135, 195, 33, 279, 48, 177, 143, 192, 22, 166, 92, 140, 287, 284, 112, 62, 236, 256, 107, 206, 14, 251, 118, 262, 139, 158, 283, 289]]
feasibenefit 934.9318927046413
lastindex 24492 25001
time	19397

feasirouteall [[0, 40, 184, 9, 17, 153, 43, 1, 145, 161, 52, 55, 187, 199, 134, 196, 91, 50, 235, 19, 278, 144, 129, 273, 194, 3, 163, 124, 288, 147, 268, 289], [0, 58, 11, 15, 155, 71, 215, 202, 159, 31, 85, 65, 209, 229, 175, 112, 12, 133, 128, 272, 107, 256, 156, 277, 117, 261, 251, 100, 244, 289], [0, 49, 4, 60, 193, 80, 204, 224, 148, 81, 88, 69, 87, 232, 114, 213, 225, 231, 5, 27, 258, 21, 46, 149, 165, 190, 171, 289], [0, 18, 67, 57, 162, 130, 211, 29, 13, 201, 274, 157, 84, 173, 143, 287, 228, 61, 109, 253, 115, 205, 259, 289], [0, 26, 47, 104, 96, 170, 248, 44, 191, 240, 82, 188, 32, 140, 37, 176, 284, 226, 181, 119, 35, 179, 118, 122, 263, 75, 266, 123, 98, 262, 242, 267, 219, 289], [0, 42, 6, 150, 74, 102, 132, 41, 186, 218, 8, 276, 246, 185, 152, 2, 131, 275, 146, 62, 14, 206, 83, 94, 28, 227, 137, 172, 158, 238, 281, 289], [0, 45, 66, 51, 189, 70, 195, 33, 210, 48, 177, 192, 214, 127, 97, 271, 111, 56, 241, 39, 200, 105, 255, 120, 183, 264, 249, 289], [0, 108, 25, 38, 169, 63, 252, 182, 116, 260, 207, 22, 166, 92, 10, 64, 30, 154, 236, 174, 7, 208, 20, 141, 34, 151, 106, 138, 164, 139, 178, 285, 282, 250, 283, 289], [0, 103, 135, 113, 24, 77, 279, 247, 168, 257, 221, 99, 90, 73, 243, 121, 36, 53, 217, 234, 197, 265, 93, 180, 76, 79, 101, 237, 89, 245, 220, 233, 223, 289], [0, 23, 59, 78, 167, 136, 203, 110, 68, 222, 142, 280, 95, 254, 239, 212, 286, 16, 86, 160, 54, 126, 72, 230, 198, 125, 270, 216, 269, 289]]
feasibenefit 958.194664117321
lastindex 17575 17601
time	8871

newbenfit 161616.66508355818
feasirouteall [[0, 51, 135, 33, 195, 113, 70, 77, 279, 84, 177, 257, 221, 127, 214, 228, 90, 73, 271, 97, 64, 234, 217, 241, 39, 208, 72, 115, 120, 183, 216, 264, 259, 289], [0, 47, 80, 104, 26, 170, 191, 224, 16, 248, 87, 86, 160, 231, 12, 230, 111, 56, 105, 200, 156, 106, 250, 255, 89, 249, 233, 289], [0, 40, 184, 9, 17, 153, 161, 95, 239, 68, 99, 243, 2, 212, 91, 146, 50, 235, 54, 126, 28, 109, 253, 198, 194, 125, 270, 137, 172, 269, 100, 281, 244, 289], [0, 25, 66, 110, 169, 254, 96, 210, 82, 240, 69, 213, 226, 131, 128, 20, 275, 107, 272, 164, 138, 123, 118, 98, 251, 267, 242, 282, 262, 289], [0, 49, 45, 103, 189, 193, 4, 8, 247, 41, 148, 81, 88, 152, 185, 232, 114, 225, 140, 284, 61, 133, 258, 21, 205, 119, 79, 277, 165, 117, 223, 261, 263, 289], [0, 42, 6, 150, 74, 102, 132, 186, 31, 218, 276, 10, 246, 175, 30, 52, 154, 196, 174, 7, 141, 34, 151, 76, 101, 285, 245, 220, 178, 139, 283, 289], [0, 13, 29, 130, 57, 24, 274, 201, 157, 173, 143, 168, 287, 85, 22, 166, 92, 112, 229, 256, 53, 197, 236, 36, 94, 180, 122, 75, 266, 238, 219, 289], [0, 18, 60, 58, 67, 162, 204, 15, 211, 202, 159, 1, 145, 43, 142, 55, 187, 199, 134, 286, 121, 35, 19, 278, 265, 62, 14, 206, 179, 124, 163, 158, 268, 289], [0, 23, 108, 136, 167, 252, 63, 44, 280, 65, 207, 209, 188, 144, 129, 93, 83, 288, 227, 273, 3, 237, 147, 289], [0, 11, 59, 71, 78, 155, 222, 215, 38, 203, 182, 116, 48, 260, 192, 32, 37, 176, 5, 27, 46, 181, 149, 190, 171, 289]]
feasibenefit 944.6636575901686
lastindex 20672 21901
time	14005

newbenfit 81635.81726495891
feasirouteall [[0, 13, 29, 130, 57, 80, 201, 173, 157, 274, 95, 239, 224, 36, 131, 46, 5, 21, 275, 180, 119, 149, 190, 165, 117, 261, 100, 263, 244, 289], [0, 40, 103, 184, 9, 17, 153, 247, 43, 161, 52, 187, 82, 30, 226, 97, 196, 174, 39, 241, 72, 115, 125, 120, 183, 216, 259, 264, 269, 289], [0, 47, 26, 170, 142, 191, 286, 99, 41, 243, 185, 2, 91, 235, 146, 7, 111, 151, 76, 106, 101, 250, 255, 89, 245, 220, 233, 289], [0, 51, 49, 45, 66, 193, 189, 195, 33, 210, 48, 177, 192, 92, 22, 166, 10, 154, 236, 64, 50, 54, 126, 208, 105, 194, 198, 270, 124, 249, 268, 289], [0, 11, 71, 78, 155, 222, 215, 55, 104, 96, 240, 199, 248, 16, 90, 73, 112, 160, 234, 53, 256, 217, 197, 107, 122, 266, 251, 289], [0, 23, 108, 4, 167, 252, 110, 148, 81, 68, 87, 254, 212, 69, 213, 225, 231, 3, 12, 128, 61, 205, 34, 156, 147, 272, 178, 289], [0, 25, 136, 169, 38, 1, 145, 65, 280, 116, 182, 209, 85, 260, 229, 35, 20, 141, 56, 200, 285, 164, 179, 118, 123, 75, 139, 262, 283, 267, 219, 289], [0, 6, 59, 150, 74, 102, 132, 63, 203, 218, 276, 246, 207, 143, 32, 37, 140, 287, 176, 284, 109, 253, 27, 181, 93, 171, 138, 98, 242, 237, 282, 289], [0, 135, 24, 113, 70, 77, 279, 84, 168, 228, 214, 257, 127, 221, 114, 86, 258, 121, 230, 271, 133, 277, 265, 14, 94, 28, 79, 158, 172, 137, 223, 238, 281, 289], [0, 18, 60, 58, 67, 15, 162, 204, 211, 42, 202, 159, 8, 31, 186, 44, 88, 152, 134, 232, 175, 188, 278, 19, 144, 129, 62, 206, 288, 83, 163, 273, 227, 289]]
feasibenefit 959.2596992700419
lastindex 21448 21901
time	17823
newbenfit 121687.51901321666

feasirouteall [[0, 23, 11, 15, 29, 155, 136, 167, 159, 173, 48, 280, 65, 10, 192, 85, 209, 229, 30, 52, 154, 196, 174, 7, 141, 34, 151, 106, 285, 101, 250, 89, 245, 178, 233, 289], [0, 38, 51, 135, 33, 195, 182, 116, 279, 260, 177, 22, 143, 166, 32, 140, 37, 176, 287, 284, 181, 79, 46, 124, 190, 117, 223, 261, 100, 244, 268, 289], [0, 66, 1, 43, 145, 96, 240, 210, 95, 187, 82, 53, 239, 226, 5, 133, 21, 197, 277, 149, 165, 75, 123, 98, 219, 267, 242, 289], [0, 42, 6, 150, 74, 102, 132, 63, 186, 218, 207, 246, 276, 127, 61, 271, 109, 253, 128, 115, 76, 205, 259, 118, 138, 272, 220, 282, 262, 289], [0, 78, 71, 222, 215, 26, 55, 104, 170, 142, 199, 248, 90, 73, 121, 286, 36, 234, 217, 14, 265, 93, 180, 28, 237, 158, 172, 289], [0, 40, 103, 184, 9, 108, 153, 247, 8, 252, 41, 81, 99, 243, 152, 185, 225, 86, 97, 12, 230, 111, 255, 105, 241, 39, 156, 139, 249, 283, 183, 289], [0, 49, 45, 25, 193, 189, 58, 202, 169, 44, 88, 16, 2, 232, 92, 188, 112, 160, 62, 146, 236, 256, 107, 206, 35, 179, 251, 289], [0, 67, 57, 130, 211, 13, 47, 80, 274, 201, 17, 157, 161, 191, 224, 87, 69, 114, 213, 231, 131, 258, 27, 56, 200, 20, 275, 94, 164, 122, 171, 238, 266, 289], [0, 18, 4, 60, 162, 204, 59, 148, 110, 203, 68, 212, 254, 91, 64, 50, 235, 54, 126, 208, 72, 194, 198, 125, 120, 270, 216, 269, 264, 289], [0, 24, 113, 70, 77, 84, 221, 257, 168, 228, 31, 214, 134, 175, 19, 278, 144, 129, 83, 288, 119, 163, 227, 273, 3, 137, 147, 263, 281, 289]]
feasibenefit 948.7753486732508
lastindex 17180 17201
time	8514

newbenfit 181626.9278641461
feasirouteall [[0, 23, 57, 11, 130, 155, 136, 167, 201, 17, 274, 161, 280, 22, 143, 166, 32, 37, 140, 287, 176, 284, 126, 61, 109, 181, 205, 28, 253, 270, 172, 289], [0, 6, 71, 215, 59, 150, 203, 44, 16, 134, 92, 85, 188, 278, 112, 160, 62, 236, 229, 256, 107, 206, 72, 79, 137, 216, 251, 223, 281, 289], [0, 51, 135, 113, 33, 195, 70, 279, 48, 177, 192, 257, 127, 214, 271, 90, 5, 73, 53, 217, 234, 197, 149, 93, 76, 106, 101, 237, 250, 89, 245, 220, 233, 289], [0, 13, 29, 38, 45, 189, 65, 157, 173, 182, 116, 209, 260, 54, 50, 64, 39, 208, 194, 198, 125, 120, 183, 269, 264, 289], [0, 49, 40, 103, 9, 184, 193, 153, 247, 110, 254, 96, 240, 142, 286, 88, 99, 121, 243, 232, 19, 144, 265, 129, 14, 83, 288, 163, 273, 3, 227, 158, 147, 289], [0, 108, 42, 102, 63, 252, 186, 31, 207, 10, 246, 175, 30, 52, 154, 196, 174, 21, 27, 115, 119, 259, 124, 165, 171, 118, 263, 98, 268, 262, 242, 289], [0, 60, 4, 204, 74, 132, 41, 148, 81, 68, 218, 225, 276, 185, 2, 212, 91, 36, 235, 146, 94, 180, 35, 179, 122, 123, 75, 238, 266, 219, 267, 289], [0, 80, 47, 26, 104, 55, 170, 224, 191, 199, 87, 69, 248, 114, 213, 231, 12, 131, 275, 20, 128, 258, 34, 141, 156, 164, 138, 272, 139, 178, 285, 282, 283, 289], [0, 25, 78, 169, 222, 66, 1, 145, 43, 95, 210, 187, 82, 239, 86, 97, 226, 46, 133, 230, 56, 200, 241, 277, 190, 117, 261, 100, 244, 289], [0, 18, 58, 67, 162, 15, 211, 202, 159, 24, 77, 84, 168, 228, 8, 221, 152, 111, 255, 105, 7, 151, 249, 289]]
feasibenefit 987.8376703888878
lastindex 18119 23501
time	14042
newbenfit 141622.8555646112

feasirouteall [[0, 23, 103, 108, 247, 167, 252, 99, 41, 243, 185, 12, 141, 76, 106, 156, 101, 250, 89, 285, 245, 220, 233, 289], [0, 25, 78, 110, 169, 222, 254, 96, 240, 87, 69, 213, 126, 231, 270, 111, 255, 105, 79, 124, 117, 223, 261, 249, 268, 289], [0, 51, 24, 113, 195, 33, 77, 177, 168, 8, 257, 221, 152, 90, 73, 121, 53, 217, 234, 197, 62, 206, 265, 93, 118, 138, 123, 262, 139, 282, 237, 283, 267, 289], [0, 42, 6, 150, 74, 102, 132, 63, 186, 218, 276, 246, 207, 143, 22, 166, 32, 140, 37, 176, 287, 284, 61, 109, 128, 253, 181, 205, 20, 34, 164, 272, 178, 289], [0, 18, 9, 57, 162, 130, 13, 153, 201, 17, 157, 274, 43, 161, 52, 95, 187, 30, 239, 196, 174, 21, 133, 5, 46, 149, 165, 190, 277, 289], [0, 71, 38, 215, 1, 145, 29, 65, 173, 182, 116, 209, 260, 10, 92, 114, 97, 154, 236, 36, 241, 258, 27, 115, 180, 119, 259, 122, 171, 266, 75, 263, 98, 219, 242, 289], [0, 45, 49, 193, 189, 47, 55, 104, 26, 170, 142, 199, 191, 68, 2, 248, 16, 286, 212, 91, 146, 160, 54, 235, 50, 39, 72, 194, 198, 125, 120, 183, 216, 269, 264, 289], [0, 67, 58, 11, 15, 211, 155, 136, 159, 202, 66, 280, 210, 82, 64, 86, 226, 131, 230, 56, 7, 208, 200, 151, 275, 35, 179, 289], [0, 40, 184, 135, 70, 279, 48, 84, 192, 228, 31, 214, 85, 175, 112, 229, 107, 256, 94, 28, 137, 172, 100, 251, 238, 281, 244, 289], [0, 60, 4, 80, 204, 224, 59, 203, 148, 81, 44, 88, 134, 232, 127, 271, 225, 188, 278, 19, 144, 129, 14, 83, 288, 163, 3, 273, 227, 158, 147, 289]]
feasibenefit 917.4870615207111
lastindex 24766 25001
time	18863
newbenfit 141683.30422582463


newbenfit 3545.361517990006
feasirouteall [[0, 49, 193, 80, 47, 26, 43, 1, 145, 170, 224, 191, 95, 187, 30, 64, 52, 239, 196, 174, 7, 208, 21, 151, 79, 124, 165, 223, 117, 261, 100, 244, 268, 289], [0, 55, 96, 240, 142, 199, 88, 286, 87, 69, 232, 213, 231, 5, 27, 46, 119, 149, 190, 171, 75, 123, 263, 219, 267, 289], [0, 23, 40, 9, 103, 184, 108, 153, 167, 252, 247, 127, 97, 271, 73, 133, 128, 241, 217, 107, 272, 277, 251, 289], [0, 45, 136, 189, 70, 280, 77, 48, 84, 192, 228, 8, 214, 221, 152, 121, 131, 20, 275, 35, 265, 93, 179, 164, 106, 139, 89, 250, 237, 283, 233, 289], [0, 25, 78, 169, 38, 222, 29, 65, 173, 182, 116, 209, 85, 92, 10, 260, 154, 36, 236, 50, 229, 14, 54, 180, 109, 194, 198, 3, 253, 158, 34, 178, 147, 289], [0, 11, 155, 71, 215, 59, 102, 132, 63, 203, 44, 246, 276, 207, 143, 22, 166, 188, 32, 140, 37, 176, 287, 284, 61, 141, 205, 181, 76, 101, 285, 245, 220, 39, 183, 289], [0, 18, 4, 60, 162, 15, 204, 159, 148, 81, 99, 41, 243, 185, 114, 225, 126, 258, 72, 115, 259, 125, 120, 270, 216, 269, 264, 289], [0, 42, 6, 150, 74, 68, 110, 186, 218, 31, 16, 90, 212, 254, 175, 112, 160, 62, 234, 53, 256, 197, 206, 138, 122, 118, 266, 98, 262, 282, 242, 289], [0, 58, 67, 57, 130, 211, 13, 66, 202, 201, 157, 17, 274, 161, 210, 82, 86, 226, 12, 230, 111, 255, 105, 56, 200, 156, 249, 289], [0, 51, 135, 33, 195, 113, 24, 104, 279, 177, 168, 257, 134, 2, 248, 91, 146, 235, 278, 19, 144, 129, 83, 288, 94, 28, 163, 273, 227, 172, 137, 238, 281, 289]]
feasibenefit 910.948144684683
lastindex 21028 23501
time	15320