14	5	15	15
0	  12.4387	   4.8218	3	174	174
1	   3.5051	   8.6002	3	363	363
2	  21.6319	  15.9081	3	1321	1321
3	  11.5562	  12.3965	3	1034	1034
4	  26.7955	  26.7234	3	286	286
5	  19.7644	  14.1427	3	735	735
6	   6.2320	  12.4050	3	383	383
7	   0.6619	  10.0457	3	831	831
8	  15.7837	   9.3426	3	212	212
9	  28.6967	   5.2047	3	571	571
10	  14.0503	  23.0712	3	61	61
11	  28.9785	  17.5554	3	771	771
12	   1.6714	  20.6104	3	496	496
13	   3.4635	  13.2276	3	804	804
14	   9.9510	  22.7713	3	108	108
15	  12.9593	  12.4507	-3	174	174
16	   5.1762	  15.0635	-3	363	363
17	  17.2172	  19.0489	-3	1321	1321
18	  29.9677	  13.9921	-3	1034	1034
19	  19.7550	  14.9265	-3	286	286
20	  12.3623	   2.6128	-3	735	735
21	   5.4979	  13.5583	-3	383	383
22	  27.1088	  28.7654	-3	831	831
23	   1.4818	  19.1095	-3	212	212
24	  22.6191	   8.7292	-3	571	571
25	  18.6439	  13.0059	-3	61	61
26	  16.9569	  11.6384	-3	771	771
27	  27.9324	   1.0149	-3	496	496
28	  28.6218	   8.7437	-3	804	804
29	  17.8099	  11.4140	-3	108	108
30	  14.4016	  16.1831	1	0	1440
31	  13.8289	  12.0125	1	0	1440
32	  26.0065	   9.8364	1	0	1440
33	  27.7781	  25.9742	1	0	1440
34	  23.8285	   8.4106	1	0	1440
35	  20.1310	   7.8788	1	0	1440
36	  25.4342	   3.1532	1	0	1440
37	  29.1567	  26.3318	1	0	1440
38	  26.1974	  14.9515	1	0	1440
39	  24.4595	   5.9172	1	0	1440
40	   4.8160	  25.1859	1	0	1440
41	  28.4307	  17.7753	1	0	1440
42	  27.1604	  25.9981	1	0	1440
43	   7.4121	  10.5525	1	0	1440
44	   1.0773	  13.0025	1	0	1440
45	  24.9762	   7.9735	-1	0	1440
46	  20.7562	  24.5870	-1	0	1440
47	   8.3196	   7.4944	-1	0	1440
48	  29.9320	   5.4800	-1	0	1440
49	  13.6359	  20.9827	-1	0	1440
50	  19.5172	  21.3063	-1	0	1440
51	  19.8245	   7.0879	-1	0	1440
52	   7.1721	  24.1419	-1	0	1440
53	  17.6404	  16.1259	-1	0	1440
54	  26.5642	  19.6870	-1	0	1440
55	  23.5956	  14.9703	-1	0	1440
56	   3.4925	  23.5276	-1	0	1440
57	  26.6087	  27.2366	-1	0	1440
58	  20.7019	   7.3568	-1	0	1440
59	   2.5408	  24.4966	-1	0	1440
60	  18.5430	  13.8378	0	0	1440
61	  19.6825	  19.1327	0	0	1440
62	  11.6277	  12.5255	0	0	1440
63	  23.8428	   8.3989	0	0	1440
64	  12.5149	  10.6742	0	0	1440
65	  16.3808	  12.7267	0	0	1440
66	   3.0068	   0.2589	0	0	1440
67	   7.4212	  13.4810	0	0	1440
68	   7.6366	  19.1870	0	0	1440
69	  26.2288	   2.2851	0	0	1440
70	   9.7198	  28.8977	0	0	1440
71	  13.8492	  10.8403	0	0	1440
72	  25.1321	  27.3191	0	0	1440
73	  10.6325	  24.1567	0	0	1440
