29	5	30	30
0	   6.2162	   7.7214	3	1106	1106
1	  13.3410	  22.7871	3	1434	1434
2	   8.6829	   2.2141	3	1201	1201
3	  24.1324	  20.2277	3	1192	1192
4	   4.0631	  12.0839	3	362	362
5	  24.3023	   9.0898	3	1269	1269
6	   4.2541	   3.2212	3	988	988
7	   6.7808	  16.7420	3	1260	1260
8	   0.9641	  20.8389	3	1200	1200
9	   2.4810	  24.7903	3	389	389
10	  15.4642	   9.6884	3	117	117
11	  10.1363	  19.8086	3	348	348
12	   2.3760	  16.8106	3	248	248
13	  22.6278	  11.7210	3	1080	1080
14	   6.5969	  10.9688	3	1076	1076
15	  13.1829	   8.6406	3	691	691
16	  10.5074	  17.2460	3	792	792
17	  20.7245	   9.8097	3	757	757
18	  13.0309	   8.1166	3	420	420
19	   3.9555	  19.2016	3	567	567
20	  20.8131	   4.2495	3	1418	1418
21	  16.7466	   5.9495	3	955	955
22	  24.0580	  19.1225	3	926	926
23	  22.7601	   4.5629	3	941	941
24	  17.9979	  20.3879	3	383	383
25	   6.3566	   0.7921	3	1262	1262
26	  14.8746	  19.5396	3	591	591
27	  11.7856	   5.1571	3	1428	1428
28	  10.1917	  13.1214	3	382	382
29	   5.1357	  23.2226	3	760	760
30	   7.1680	   7.5743	-3	1106	1106
31	  14.8640	  20.7183	-3	1434	1434
32	   8.1384	   2.4665	-3	1201	1201
33	  23.1133	  20.6554	-3	1192	1192
34	   2.5258	  12.6850	-3	362	362
35	  24.4313	   9.0696	-3	1269	1269
36	   3.1027	   1.6115	-3	988	988
37	   7.2482	  15.6770	-3	1260	1260
38	   1.0961	  23.4730	-3	1200	1200
39	   1.3358	  24.9786	-3	389	389
40	  15.5391	  11.1618	-3	117	117
41	  10.3658	  19.5428	-3	348	348
42	   3.8615	  16.0414	-3	248	248
43	  20.5461	  10.3544	-3	1080	1080
44	   7.2517	  11.8711	-3	1076	1076
45	  14.3298	   8.9544	-3	691	691
46	  11.9901	  17.5060	-3	792	792
47	  19.0814	  10.8988	-3	757	757
48	  13.7853	   7.0582	-3	420	420
49	   4.7027	  18.4933	-3	567	567
50	  22.0093	   5.7727	-3	1418	1418
51	  17.0259	   5.8486	-3	955	955
52	  23.3925	  18.4055	-3	926	926
53	  20.9378	   3.2434	-3	941	941
54	  17.5311	  21.6021	-3	383	383
55	   4.9151	   0.5426	-3	1262	1262
56	  14.0746	  19.2717	-3	591	591
57	  12.4519	   6.2749	-3	1428	1428
58	   9.1149	  10.6812	-3	382	382
59	   6.2382	  24.4516	-3	760	760
60	  21.2381	  21.8564	1	0	1440
61	  12.2176	   0.1936	1	0	1440
62	  16.0580	   1.0030	1	0	1440
63	   8.8734	  11.1188	1	0	1440
64	  10.7136	  17.3252	1	0	1440
65	   0.9493	   0.5881	1	0	1440
66	   0.9701	  23.6504	1	0	1440
67	   9.3844	   8.0099	1	0	1440
68	  22.6051	  15.4552	1	0	1440
69	  14.4535	  13.2808	1	0	1440
70	  18.6931	  14.8300	1	0	1440
71	  16.1987	   4.4067	1	0	1440
72	   7.1552	  17.1480	1	0	1440
73	  17.6703	  18.0690	1	0	1440
74	  17.1268	   4.4420	1	0	1440
75	  23.5759	   0.5641	1	0	1440
76	  23.6050	   5.7439	1	0	1440
77	  17.2964	  12.9840	1	0	1440
78	   5.1320	  11.2330	1	0	1440
79	  17.1980	  11.1418	1	0	1440
80	   0.7310	   9.3247	1	0	1440
81	   8.9873	  18.5042	1	0	1440
82	  12.8071	   7.2288	1	0	1440
83	   6.5506	   5.0050	1	0	1440
84	  21.7564	   0.1657	1	0	1440
85	   3.1196	  13.7824	1	0	1440
86	  21.2626	  18.6724	1	0	1440
87	   0.8973	   5.6454	1	0	1440
88	  19.5065	   1.5816	1	0	1440
89	   1.8350	  17.5327	1	0	1440
90	  20.4828	  24.0573	-1	0	1440
91	  10.9685	   0.1573	-1	0	1440
92	  13.9123	   1.2924	-1	0	1440
93	  11.1106	  10.3242	-1	0	1440
94	  11.7718	  20.6748	-1	0	1440
95	   2.5300	   5.9649	-1	0	1440
96	   4.9948	  19.0199	-1	0	1440
97	   8.2035	   8.5891	-1	0	1440
98	  24.3528	  15.6094	-1	0	1440
99	  13.7027	  11.8039	-1	0	1440
100	  20.3358	  14.3057	-1	0	1440
101	  18.3706	   7.2816	-1	0	1440
102	   6.7859	  19.6886	-1	0	1440
103	  21.2702	  18.8273	-1	0	1440
104	  18.4715	   7.6620	-1	0	1440
105	  21.7853	   1.8316	-1	0	1440
106	  23.6911	  10.6136	-1	0	1440
107	  18.9201	  12.4887	-1	0	1440
108	   3.2261	  10.0199	-1	0	1440
109	  15.5838	  14.4747	-1	0	1440
110	   1.1150	   8.0573	-1	0	1440
111	   7.6727	  20.5117	-1	0	1440
112	  12.4997	   1.2663	-1	0	1440
113	   8.2851	   8.0213	-1	0	1440
114	  22.0473	   9.2488	-1	0	1440
115	   0.3486	  11.4456	-1	0	1440
116	   4.1974	  17.6081	-1	0	1440
117	   1.6023	  13.4009	-1	0	1440
118	   6.9572	   2.3665	-1	0	1440
119	  16.7083	  24.8037	-1	0	1440
120	  17.8206	   4.3105	0	0	1440
121	   5.5048	  23.8754	0	0	1440
122	  16.7206	  13.9950	0	0	1440
123	   5.2972	   0.6213	0	0	1440
124	   0.0179	  20.0350	0	0	1440
125	   2.2288	  23.3029	0	0	1440
126	   0.9012	   5.9819	0	0	1440
127	  20.7496	   8.9492	0	0	1440
128	  10.3364	   2.0123	0	0	1440
129	  16.2839	  24.5948	0	0	1440
130	   9.5082	  15.2798	0	0	1440
131	   9.4326	   0.3820	0	0	1440
132	  20.4602	   2.8575	0	0	1440
133	  13.2635	   3.4044	0	0	1440
134	  13.7573	  23.8887	0	0	1440
135	   1.4674	  21.3802	0	0	1440
136	  18.1208	  15.5807	0	0	1440
137	   2.2029	   5.6206	0	0	1440
138	  18.6001	   1.0132	0	0	1440
139	   5.2525	  23.9983	0	0	1440
140	  18.7567	   1.5740	0	0	1440
141	  13.7438	   1.5112	0	0	1440
142	   3.5701	  15.2162	0	0	1440
143	  11.8648	  10.3820	0	0	1440
144	  10.8359	   3.0357	0	0	1440
145	   4.6676	   9.8017	0	0	1440
146	   5.5315	  22.6515	0	0	1440
147	  16.0057	  11.9477	0	0	1440
148	  24.4479	   2.9311	0	0	1440
