49	5	50	70
0	  13.4345	  12.7672	3	84	84
1	  13.2045	  22.6519	3	193	193
2	   0.9108	  24.8947	3	1172	1172
3	  22.3672	  24.2090	3	1016	1016
4	  15.3877	  12.5430	3	985	985
5	  21.0694	  14.5067	3	395	395
6	  15.3520	   7.1475	3	706	706
7	  11.7934	  20.9594	3	380	380
8	  17.7975	  15.7818	3	146	146
9	   5.6464	   9.9293	3	74	74
10	   3.7342	  23.4901	3	1008	1008
11	   9.4081	   0.0175	3	575	575
12	   6.6417	  22.8425	3	323	323
13	  12.7848	  19.8462	3	184	184
14	  20.4945	  13.6956	3	1303	1303
15	  19.7409	  17.8617	3	451	451
16	   5.4046	   8.9740	3	858	858
17	  24.6353	   4.3488	3	614	614
18	  22.7686	  14.9873	3	1100	1100
19	  11.4963	   9.5620	3	439	439
20	  10.9467	   4.2937	3	124	124
21	  12.7566	   5.9901	3	411	411
22	   9.6809	  16.4908	3	721	721
23	   4.4802	  19.1574	3	499	499
24	  19.1749	  23.9655	3	875	875
25	  11.7308	   6.9597	3	1112	1112
26	  20.6553	  13.5527	3	556	556
27	   0.0869	   8.5599	3	456	456
28	  23.6812	   5.4915	3	1299	1299
29	  17.5340	  23.3166	3	1168	1168
30	   9.8403	  15.3026	3	616	616
31	  13.3039	  21.3366	3	54	54
32	  24.8646	  24.2506	3	683	683
33	   0.6303	   0.2083	3	1110	1110
34	  24.0022	  13.3869	3	1040	1040
35	   6.1985	   8.6831	3	339	339
36	   4.8777	  10.6787	3	175	175
37	   2.8405	  22.2016	3	1068	1068
38	  21.1671	  11.2977	3	41	41
39	   3.9752	  14.9788	3	292	292
40	  18.5229	  24.6305	3	1113	1113
41	   3.5315	  18.6098	3	1020	1020
42	   8.1905	   2.2127	3	189	189
43	   0.5293	   8.9416	3	758	758
44	   5.2782	  15.8916	3	1174	1174
45	  13.0838	   5.9085	3	814	814
46	  19.2954	  22.2984	3	1179	1179
47	  20.7691	  24.1732	3	702	702
48	   7.9771	  23.6096	3	98	98
49	   7.5206	  12.3646	3	302	302
50	  13.9278	  12.8533	-3	84	84
51	   0.3438	  24.7516	-3	193	193
52	   5.9906	  16.8936	-3	1172	1172
53	  19.8000	  11.5052	-3	1016	1016
54	  11.5013	  23.5627	-3	985	985
55	  15.9875	  14.6679	-3	395	395
56	   7.4357	   4.1166	-3	706	706
57	  24.5592	   8.6201	-3	380	380
58	   5.9744	   7.4212	-3	146	146
59	  14.7659	  18.9020	-3	74	74
60	  10.9654	   0.0385	-3	1008	1008
61	  23.8251	   8.6894	-3	575	575
62	   8.9887	   2.1497	-3	323	323
63	  12.4233	  15.6819	-3	184	184
64	   1.6325	  11.2464	-3	1303	1303
65	  20.3344	  11.7174	-3	451	451
66	  24.9298	  12.2147	-3	858	858
67	   8.0740	  11.5774	-3	614	614
68	  13.5676	  21.1666	-3	1100	1100
69	  24.1819	   8.9128	-3	439	439
70	  19.1711	  23.5237	-3	124	124
71	  22.9222	   7.9297	-3	411	411
72	   5.1237	  21.9650	-3	721	721
73	  21.3510	  19.6122	-3	499	499
74	   7.7337	   9.9662	-3	875	875
75	  24.1013	   0.7244	-3	1112	1112
76	  24.5725	  13.4190	-3	556	556
77	  10.2703	   0.2821	-3	456	456
78	  19.0608	   7.7084	-3	1299	1299
79	   2.4639	   8.8622	-3	1168	1168
80	   5.2247	   0.0516	-3	616	616
81	  11.9565	  16.3679	-3	54	54
82	  20.5343	   3.2183	-3	683	683
83	   2.3861	  23.5538	-3	1110	1110
84	   6.7982	   3.5021	-3	1040	1040
85	  24.9964	   6.6256	-3	339	339
86	  19.8629	  15.8566	-3	175	175
87	   0.1901	  16.6318	-3	1068	1068
88	   7.9149	  11.7248	-3	41	41
89	  22.1757	  15.0475	-3	292	292
90	   1.3325	  24.2596	-3	1113	1113
91	  18.8417	  24.6003	-3	1020	1020
92	   1.5477	   3.1948	-3	189	189
93	   2.7970	  19.4995	-3	758	758
94	  23.0395	  16.4951	-3	1174	1174
95	   3.6614	   7.1556	-3	814	814
96	  22.2057	  11.7112	-3	1179	1179
97	  17.4549	  24.3998	-3	702	702
98	  18.1208	  24.7768	-3	98	98
99	  22.7039	   3.9488	-3	302	302
100	  24.2308	  11.0521	1	0	1440
101	  13.2648	   5.0758	1	0	1440
102	   8.1457	  13.7941	1	0	1440
103	  14.0174	  24.1727	1	0	1440
104	   2.6272	  19.2956	1	0	1440
105	  15.0643	  15.7110	1	0	1440
106	   0.2041	   6.1642	1	0	1440
107	  18.6727	  11.4397	1	0	1440
108	  18.9838	  17.8008	1	0	1440
109	   7.5893	  12.8254	1	0	1440
110	  24.0531	  14.4269	1	0	1440
111	  11.2403	   7.1988	1	0	1440
112	   3.2210	   0.2577	1	0	1440
113	   6.3715	   5.8482	1	0	1440
114	  19.5533	  21.4357	1	0	1440
115	  21.5592	  19.7574	1	0	1440
116	   2.6000	  24.3561	1	0	1440
117	  14.2569	   6.0626	1	0	1440
118	  17.5024	  20.0979	1	0	1440
119	  24.3116	   5.2997	1	0	1440
120	  20.6763	  24.5016	1	0	1440
121	  21.9316	  21.8384	1	0	1440
122	   5.6661	  20.9847	1	0	1440
123	  11.2652	  16.9064	1	0	1440
124	  17.1641	   9.5549	1	0	1440
125	   6.4748	   8.5906	1	0	1440
126	  16.2498	  20.7317	1	0	1440
127	  14.6532	  14.1720	1	0	1440
128	   9.2698	   1.6385	1	0	1440
129	   7.2049	  17.9533	1	0	1440
130	   2.4683	   2.8812	1	0	1440
131	  24.7196	  23.1210	1	0	1440
132	  20.3845	  10.9848	1	0	1440
133	  15.0275	  23.5679	1	0	1440
134	   0.4710	   7.1915	1	0	1440
135	   8.1228	  20.8055	1	0	1440
136	  12.6991	   0.3837	1	0	1440
137	  21.1154	  12.3572	1	0	1440
138	   6.1078	   2.0274	1	0	1440
139	   1.4273	  11.2209	1	0	1440
140	  18.9027	   3.5024	1	0	1440
141	  18.4822	  12.8116	1	0	1440
142	  17.6158	   6.1813	1	0	1440
143	  13.1953	  15.3197	1	0	1440
144	   9.0875	  22.1896	1	0	1440
145	  10.3441	   5.2007	1	0	1440
146	  19.1228	  16.4518	1	0	1440
147	   7.2281	   5.6241	1	0	1440
148	  16.8450	  11.6982	1	0	1440
149	  23.4094	   0.8468	1	0	1440
150	   4.3492	   5.2098	1	0	1440
151	  24.7722	  11.7172	1	0	1440
152	  12.1512	   5.4137	1	0	1440
153	  10.6145	  16.3427	1	0	1440
154	  13.9472	  17.8426	1	0	1440
155	  21.9669	   3.9617	1	0	1440
156	   1.4980	  13.8119	1	0	1440
157	  15.6599	   6.9651	1	0	1440
158	   7.8119	  14.5902	1	0	1440
159	   7.8983	  16.3910	1	0	1440
160	  11.3553	   4.7006	1	0	1440
161	  18.5125	   4.5877	1	0	1440
162	  14.7915	   5.7654	1	0	1440
163	  23.8218	   6.7010	1	0	1440
164	  18.5644	  17.1177	1	0	1440
165	  11.2099	   4.9197	1	0	1440
166	  21.8183	   0.1377	1	0	1440
167	  17.7731	  15.3308	1	0	1440
168	  15.2219	  22.6714	1	0	1440
169	   3.4367	   9.9647	1	0	1440
170	   4.5500	   4.0554	-1	0	1440
171	  11.7572	   5.5023	-1	0	1440
172	  15.2636	  16.8395	-1	0	1440
173	   0.3449	  20.5539	-1	0	1440
174	  15.3501	  20.6165	-1	0	1440
175	   7.1015	  13.2686	-1	0	1440
176	  16.5693	  10.0591	-1	0	1440
177	  21.6837	  21.8117	-1	0	1440
178	   1.1620	   6.1645	-1	0	1440
179	  10.5026	  19.8754	-1	0	1440
180	  20.7511	  16.4673	-1	0	1440
181	  17.0205	  17.2263	-1	0	1440
182	  20.3797	  22.6768	-1	0	1440
183	  18.8544	   6.9187	-1	0	1440
184	   3.1834	  14.4862	-1	0	1440
185	  19.6490	  23.6389	-1	0	1440
186	  15.2429	  10.0564	-1	0	1440
187	  23.4210	   5.0134	-1	0	1440
188	  24.7671	   5.2957	-1	0	1440
189	  18.2373	  20.8779	-1	0	1440
190	  18.9089	  14.1134	-1	0	1440
191	   1.8846	  16.3376	-1	0	1440
192	   5.4671	  14.0508	-1	0	1440
193	  18.5521	   1.5321	-1	0	1440
194	  23.0613	  23.8317	-1	0	1440
195	   1.7773	  23.0764	-1	0	1440
196	  16.6876	   9.5499	-1	0	1440
197	  11.3911	  18.3190	-1	0	1440
198	   2.7124	   7.4539	-1	0	1440
199	  14.7457	  15.0599	-1	0	1440
200	  24.1393	  23.7526	-1	0	1440
201	   5.6416	  10.5027	-1	0	1440
202	  19.0688	   6.2616	-1	0	1440
203	  11.5437	  23.9177	-1	0	1440
204	  17.4146	   8.8522	-1	0	1440
205	   7.7811	  24.1357	-1	0	1440
206	  12.2847	  21.5213	-1	0	1440
207	   2.8690	  10.6362	-1	0	1440
208	   2.8627	  14.0693	-1	0	1440
209	   8.6121	  18.8711	-1	0	1440
210	   6.3814	  12.1611	-1	0	1440
211	  18.5265	   4.0186	-1	0	1440
212	   6.6932	   0.3142	-1	0	1440
213	   1.6693	   3.2235	-1	0	1440
214	  11.7060	  23.3825	-1	0	1440
215	  17.8072	  22.1639	-1	0	1440
216	   2.7948	  16.3555	-1	0	1440
217	  11.0769	   3.9459	-1	0	1440
218	  16.8751	  23.2463	-1	0	1440
219	   5.0794	  21.8147	-1	0	1440
220	   3.3246	  12.7495	-1	0	1440
221	  17.5980	   3.2262	-1	0	1440
222	  11.4362	  23.4873	-1	0	1440
223	   3.2937	  17.3352	-1	0	1440
224	  19.8185	  21.3752	-1	0	1440
225	  22.6358	  21.9405	-1	0	1440
226	  11.3725	   2.4845	-1	0	1440
227	   3.6188	  20.8063	-1	0	1440
228	   0.3813	   2.0848	-1	0	1440
229	   9.3840	   1.2437	-1	0	1440
230	   2.0938	  21.7502	-1	0	1440
231	  18.9213	  17.3724	-1	0	1440
232	  18.9669	  11.4753	-1	0	1440
233	  20.1218	  12.8221	-1	0	1440
234	   2.5009	   7.5416	-1	0	1440
235	  16.0884	   2.0710	-1	0	1440
236	   1.4892	   3.7339	-1	0	1440
237	  23.8971	   7.0637	-1	0	1440
238	   3.0663	  23.0559	-1	0	1440
239	   9.9791	  16.3789	-1	0	1440
240	   2.8543	   2.6375	0	0	1440
241	  16.0270	  13.8331	0	0	1440
242	  18.6417	  22.1685	0	0	1440
243	  23.7766	  13.5242	0	0	1440
244	   2.6769	   3.2509	0	0	1440
245	  17.3238	  13.8882	0	0	1440
246	   5.6729	   5.3859	0	0	1440
247	   8.7214	   0.0356	0	0	1440
248	  18.1473	  11.1853	0	0	1440
249	  16.5606	   9.5174	0	0	1440
250	  21.3747	   7.5440	0	0	1440
251	  11.7275	  17.3121	0	0	1440
252	   7.2244	  23.4609	0	0	1440
253	  24.5669	  22.0155	0	0	1440
254	   9.4765	   0.8331	0	0	1440
255	   4.7255	  12.5915	0	0	1440
256	  18.3292	   7.6820	0	0	1440
257	  17.4011	  15.1099	0	0	1440
258	  12.8987	   5.5664	0	0	1440
259	   2.6297	  14.9616	0	0	1440
260	  23.7430	  14.6476	0	0	1440
261	  20.6251	  17.5418	0	0	1440
262	  18.4901	  18.0364	0	0	1440
263	   1.4152	  13.1545	0	0	1440
264	  20.3285	  14.6688	0	0	1440
265	  24.8014	   7.1384	0	0	1440
266	  23.9442	  13.7946	0	0	1440
267	   5.2795	   2.3466	0	0	1440
268	  19.5127	   2.3906	0	0	1440
269	   3.9311	  15.3932	0	0	1440
270	  22.2199	  22.4953	0	0	1440
271	  13.8048	   8.4629	0	0	1440
272	  15.8316	  20.5999	0	0	1440
273	  10.1301	   9.3107	0	0	1440
274	  15.0145	   8.6554	0	0	1440
275	   0.5622	  10.7204	0	0	1440
276	   3.4627	  23.5661	0	0	1440
277	  17.1534	  17.9930	0	0	1440
278	   9.1261	   6.1911	0	0	1440
279	  12.9046	  10.1286	0	0	1440
280	  18.8117	   7.2252	0	0	1440
281	  15.2473	  16.2551	0	0	1440
282	  22.9771	  11.4861	0	0	1440
283	   4.8242	  21.4109	0	0	1440
284	  21.0190	  18.5127	0	0	1440
285	  24.5912	   1.9289	0	0	1440
286	  18.6571	   2.6304	0	0	1440
287	  16.0999	  12.0860	0	0	1440
288	  13.4633	   7.1334	0	0	1440
