Set5_J100_M4_id1	2002	427	0	6103	3595.4	11
Set5_J100_M4_id2	2124	484	0	7677	3595.31	11
Set5_J100_M4_id3	2162	488.524	0	6307	3595.33	11
Set5_J100_M4_id4	1992	438.622	0	6562	3595.26	11
Set5_J100_M4_id5	1627	319	0	8698	3595.34	11
Set5_J100_M6_id1	1271	397	0	6256	3595.41	11
Set5_J100_M6_id2	1363	426	0	6792	3595.29	11
Set5_J100_M6_id3	1776	616	0	9797	3595.28	11
Set5_J100_M6_id4	1396	431	0	5317	3595.23	11
Set5_J100_M6_id5	1399	418	0	5820	3595.05	11
Set5_J150_M6_id1	3048	321.023	0	486	3595.03	11
Set5_J150_M6_id2	3681	409.117	0	548	3595.16	11
Set5_J150_M6_id3	2092	268	0	1357	3595.88	11
Set5_J150_M6_id4	2409	241	0	515	3595.65	11
Set5_J150_M6_id5	2413	467	0	2277	3595.75	11
Set5_J150_M8_id1	1753	359.098	0	795	3595.3	11
Set5_J150_M8_id2	2148	395	0	509	3594.99	11
Set5_J150_M8_id3	1649	423	0	1678	3594.11	11
Set5_J150_M8_id4	2718	124.917	0	494	3594.98	11
Set5_J150_M8_id5	1888	422	0	750	3595.27	11
Set5_J200_M6_id1	5243	139.51	0	52	3594.34	11
Set5_J200_M6_id2	100000	218.217	0	552	3595.06	11
Set5_J200_M6_id3	5972	132.302	0	295	3595.02	11
Set5_J200_M6_id4	5571	126.245	0	185	3594.94	11
Set5_J200_M6_id5	6114	136.71	0	115	3594.95	11
Set5_J200_M8_id1	3864	68.9853	0	90	3595.03	11
Set5_J200_M8_id2	22614	140.682	0	43	3595.03	11
Set5_J200_M8_id3	2791	71.7469	0	48	3595.09	11
Set5_J200_M8_id4	3574	138.903	0	100	3595.02	11
Set5_J200_M8_id5	3191	126.915	0	86	3595.04	11
Set5_J250_M10_id1	2981	209.077	0	8	3594.9	11
Set5_J250_M10_id2	100000	64.2003	0	0	3594.93	11
Set5_J250_M10_id3	100000	114.497	0	0	3594.84	11
Set5_J250_M10_id4	25748	66.8101	0	9	3594.9	11
Set5_J250_M10_id5	4338	135.167	0	9	3594.84	11
Set5_J250_M8_id1	100000	127.734	0	0	3594.73	11
Set5_J250_M8_id2	100000	130.211	0	0	3594.63	11
Set5_J250_M8_id3	100000	59.6735	0	0	3594.75	11
Set5_J250_M8_id4	100000	145.273	0	0	3594.74	11
Set5_J250_M8_id5	100000	139.159	0	0	3594.57	11
Set5_J50_M4_id1	792	554.091	0	149995	3595.54	11
Set5_J50_M4_id2	1187	535.093	0	154794	3595.8	11
Set5_J50_M4_id3	786	442.942	0	111384	3595.32	11
Set5_J50_M4_id4	1404	992.631	0	234130	3595.64	11
Set5_J50_M4_id5	1208	549	0	239179	3594.87	11
Set5_J50_M6_id1	603	364.882	0	180104	3595.1	11
Set5_J50_M6_id2	697	306.248	0	183521	3594.91	11
Set5_J50_M6_id3	1048	662	0	318684	3595.55	11
Set5_J50_M6_id4	833	482.011	0	214077	3595.38	11
Set5_J50_M6_id5	711	382.055	0	175488	3595.32	11
