2014-04-22 16:47:27 WARN  DiskStorePathManager:162 - diskStorePath 'C:\Users\MSTOBBE\AppData\Local\Temp\2' is already used by an existing CacheManager either in the same VM or in a different process.
The diskStore path for this CacheManager will be set to C:\Users\MSTOBBE\AppData\Local\Temp\2\ehcache_auto_created5708713012287277882diskstore.
To avoid this warning consider using the CacheManager factory methods to create a singleton CacheManager or specifying a separate ehcache configuration (ehcache.xml) for each CacheManager instance.
2014-04-22 16:47:28 INFO  DataDomainProvider:253 - setting DataNode 'datanode' as default, used by all unlinked DataMaps
2014-04-22 16:47:29 INFO  EhCacheManager:159 - Cache with name 'nl.tue.opac.concoord.NoPasswordRealm.authorizationCache' does not yet exist.  Creating now.
2014-04-22 16:47:29 INFO  EhCacheManager:166 - Added EhCache named [nl.tue.opac.concoord.NoPasswordRealm.authorizationCache]
2014-04-22 16:47:29 INFO  AbstractValidatingSessionManager:224 - Enabling session validation scheduler...
2014-04-22 16:47:37 INFO  UpdateChecker:80 - This is the latest GA release.
feasirouteall [[0, 39, 27, 87, 37, 14, 75, 23, 62, 33, 85, 36, 71, 81, 84, 97], [0, 28, 46, 30, 12, 76, 24, 60, 17, 94, 78, 65, 22, 47, 72, 70, 95, 7, 20, 68, 55, 97], [0, 9, 38, 86, 43, 91, 57, 45, 44, 92, 93, 19, 16, 64, 5, 48, 2, 96, 67, 18, 50, 53, 66, 97], [0, 6, 10, 58, 54, 11, 21, 59, 25, 69, 73, 8, 13, 4, 31, 61, 52, 29, 56, 26, 79, 77, 74, 97], [0, 41, 89, 32, 35, 40, 34, 82, 83, 3, 80, 51, 88, 1, 42, 15, 49, 63, 90, 97]]
feasibenefit 353.2323605185974
lastindex 13697 17901
time	184
feasirouteall [[0, 9, 17, 28, 57, 30, 76, 24, 78, 65, 47, 22, 95, 72, 70, 8, 13, 4, 31, 79, 61, 52, 56, 18, 66, 97], [0, 10, 6, 12, 58, 54, 60, 25, 37, 73, 5, 7, 33, 85, 36, 53, 81, 55, 20, 68, 84, 97], [0, 46, 11, 45, 93, 94, 59, 40, 34, 82, 21, 16, 64, 69, 88, 14, 62, 97], [0, 38, 86, 43, 41, 89, 35, 91, 32, 83, 3, 2, 80, 48, 51, 50, 96, 42, 29, 90, 77, 23, 71, 97], [0, 44, 39, 27, 92, 19, 87, 1, 75, 67, 15, 49, 63, 26, 74, 97]]
feasibenefit 356.31632765542304
lastindex 16347 19401
time	204
feasirouteall [[0, 44, 17, 16, 64, 65, 32, 19, 92, 37, 5, 48, 80, 67, 18, 96, 85, 53, 36, 66, 7, 55, 84, 97], [0, 10, 9, 38, 86, 58, 28, 57, 12, 76, 6, 60, 54, 35, 40, 34, 82, 83, 88, 25, 73, 97], [0, 11, 43, 41, 59, 47, 95, 91, 89, 13, 8, 4, 52, 61, 23, 56, 71, 26, 74, 97], [0, 46, 30, 21, 94, 78, 24, 14, 22, 72, 69, 62, 70, 1, 33, 15, 49, 63, 20, 68, 81, 97], [0, 45, 39, 27, 93, 87, 75, 3, 2, 51, 50, 42, 29, 31, 77, 90, 79, 97]]
feasibenefit 357.70083857167447
lastindex 15661 17301
time	180
feasirouteall [[0, 38, 43, 86, 34, 40, 82, 91, 15, 42, 88, 1, 29, 63, 77, 90, 49, 97], [0, 24, 14, 22, 25, 72, 73, 62, 70, 8, 13, 61, 31, 79, 23, 71, 56, 97], [0, 10, 9, 58, 28, 57, 46, 12, 76, 6, 94, 60, 41, 54, 45, 89, 21, 16, 64, 93, 27, 69, 75, 4, 52, 97], [0, 44, 39, 92, 17, 47, 65, 87, 32, 95, 19, 37, 5, 2, 67, 80, 50, 18, 85, 53, 36, 66, 26, 84, 74, 97], [0, 30, 11, 35, 59, 78, 83, 3, 51, 48, 96, 33, 7, 20, 68, 55, 81, 97]]
feasibenefit 350.73640222019094
lastindex 14234 17401
time	208
feasirouteall [[0, 10, 6, 12, 58, 11, 54, 60, 59, 41, 89, 34, 31, 82, 26, 79, 20, 68, 74, 97], [0, 46, 30, 78, 39, 17, 94, 22, 47, 65, 87, 95, 70, 8, 13, 4, 52, 61, 23, 71, 56, 97], [0, 38, 86, 28, 21, 40, 76, 14, 24, 88, 69, 37, 72, 25, 73, 62, 33, 85, 15, 29, 77, 63, 81, 97], [0, 32, 35, 83, 2, 80, 3, 51, 50, 48, 5, 7, 18, 96, 36, 53, 66, 55, 84, 97], [0, 9, 57, 43, 45, 91, 44, 16, 92, 93, 27, 64, 19, 1, 42, 67, 75, 49, 90, 97]]
feasibenefit 345.5237187859918
lastindex 12156 18001
time	162
feasirouteall [[0, 34, 82, 21, 15, 69, 8, 13, 63, 61, 23, 71, 56, 18, 66, 36, 84, 97], [0, 41, 89, 35, 40, 83, 22, 47, 32, 70, 95, 88, 2, 48, 50, 80, 96, 7, 20, 68, 55, 97], [0, 46, 94, 17, 16, 39, 64, 65, 87, 37, 42, 85, 33, 1, 29, 77, 90, 49, 26, 81, 74, 97], [0, 9, 38, 43, 86, 57, 91, 11, 45, 59, 44, 19, 93, 92, 27, 5, 67, 53, 75, 97], [0, 10, 6, 12, 58, 28, 30, 54, 60, 78, 3, 76, 24, 51, 14, 72, 25, 73, 62, 4, 31, 79, 52, 97]]
feasibenefit 341.01217496230936
lastindex 11920 17901
time	194
feasirouteall [[0, 47, 32, 95, 3, 2, 51, 50, 48, 80, 96, 33, 5, 7, 36, 53, 26, 81, 84, 55, 74, 97], [0, 10, 9, 58, 28, 57, 12, 76, 6, 24, 54, 60, 72, 27, 19, 37, 23, 75, 85, 18, 67, 71, 66, 97], [0, 45, 11, 59, 44, 16, 64, 92, 93, 8, 13, 61, 56, 29, 77, 31, 79, 97], [0, 46, 30, 78, 94, 43, 41, 89, 35, 91, 40, 34, 4, 82, 83, 15, 42, 88, 1, 52, 90, 63, 49, 97], [0, 38, 39, 17, 86, 87, 22, 14, 65, 21, 70, 25, 69, 62, 73, 20, 68, 97]]
feasibenefit 340.05211105714574
lastindex 16276 18201
time	223
feasirouteall [[0, 40, 34, 82, 32, 88, 5, 7, 80, 53, 36, 29, 55, 84, 77, 97], [0, 38, 86, 43, 91, 46, 94, 44, 39, 27, 92, 19, 87, 75, 3, 51, 48, 2, 67, 50, 96, 97], [0, 35, 83, 24, 14, 47, 95, 72, 25, 73, 62, 8, 13, 4, 52, 61, 23, 71, 56, 18, 66, 97], [0, 9, 28, 57, 6, 76, 54, 11, 45, 21, 41, 59, 93, 16, 64, 69, 37, 89, 15, 85, 42, 1, 33, 81, 90, 63, 49, 31, 79, 97], [0, 12, 10, 58, 30, 60, 17, 65, 78, 22, 70, 26, 20, 68, 74, 97]]
feasibenefit 361.07550573046404
lastindex 13606 17801
time	201
feasirouteall [[0, 6, 10, 58, 54, 22, 14, 47, 25, 95, 70, 73, 62, 8, 13, 4, 52, 61, 23, 71, 56, 97], [0, 9, 38, 86, 43, 28, 57, 24, 76, 91, 21, 11, 59, 72, 16, 64, 69, 42, 15, 31, 90, 63, 79, 97], [0, 44, 39, 27, 92, 19, 37, 87, 75, 3, 51, 67, 18, 85, 1, 29, 77, 49, 66, 97], [0, 46, 30, 78, 94, 17, 65, 32, 2, 80, 50, 48, 7, 5, 33, 96, 36, 53, 26, 55, 74, 81, 84, 97], [0, 12, 60, 41, 89, 45, 35, 40, 34, 82, 83, 88, 93, 20, 68, 97]]
feasibenefit 344.5741824416386
lastindex 17898 19201
time	166
feasirouteall [[0, 46, 30, 17, 94, 78, 11, 59, 65, 47, 22, 95, 25, 70, 37, 73, 19, 5, 7, 67, 53, 85, 29, 77, 55, 97], [0, 44, 39, 27, 92, 87, 40, 34, 82, 75, 15, 42, 33, 88, 1, 81, 63, 90, 49, 97], [0, 23, 36, 71, 26, 84, 20, 68, 74, 97], [0, 10, 9, 38, 86, 58, 57, 28, 12, 76, 6, 60, 41, 54, 45, 89, 93, 16, 64, 32, 2, 3, 51, 50, 48, 80, 18, 96, 66, 97], [0, 43, 35, 21, 91, 83, 14, 24, 72, 69, 62, 8, 13, 4, 31, 61, 52, 79, 56, 97]]
feasibenefit 349.45820915203547
lastindex 14732 16601
time	178
average	349.9681831095471	340.05211105714574
time	1905	3.175
