20	5	40	70
0	  37.7514	-122.3944	0	0	540	1140
1	  37.7863	-122.4051	0	3	796	856
2	  37.7883	-122.4165	0	3	624	684
3	  37.6179	-122.3869	0	3	984	1044
4	  37.7617	-122.4101	0	3	548	608
5	  37.7803	-122.4127	0	3	808	868
6	  37.7880	-122.4010	0	3	899	959
7	  37.7617	-122.4101	0	3	548	608
8	  37.7876	-122.4086	0	3	984	1044
9	  37.7913	-122.4230	0	3	859	919
10	  37.7920	-122.4042	0	3	627	687
11	  37.7946	-122.4029	0	3	602	662
12	  37.7849	-122.4211	0	3	585	645
13	  37.7912	-122.4241	0	3	922	982
14	  37.7398	-122.4024	0	3	837	897
15	  37.7742	-122.3987	0	3	598	658
16	  37.7710	-122.4252	0	3	747	807
17	  37.7855	-122.4086	0	3	899	959
18	  37.8061	-122.4183	0	3	716	776
19	  37.8007	-122.4223	0	3	556	616
20	  37.7854	-122.3999	0	3	979	1039
21	  37.7908	-122.4030	0	3	645	705
22	  37.7855	-122.4086	0	3	899	959
23	  37.8061	-122.4183	0	3	716	776
24	  37.7758	-122.3950	0	3	569	629
25	  37.7974	-122.4153	0	3	723	783
26	  37.7397	-122.3915	0	3	813	873
27	  37.7661	-122.4501	0	3	730	790
28	  37.8002	-122.4419	0	3	794	854
29	  37.7972	-122.4007	0	3	547	607
30	  37.7843	-122.4326	0	3	840	900
31	  37.7897	-122.4172	0	3	839	899
32	  37.7884	-122.4103	0	3	852	912
33	  37.8066	-122.4214	0	3	735	795
34	  37.7512	-122.4352	0	3	544	604
35	  37.7974	-122.4153	0	3	723	783
36	  37.7923	-122.4007	0	3	697	757
37	  37.7935	-122.3930	0	3	746	806
38	  37.7769	-122.4309	0	3	914	974
39	  37.7863	-122.4051	0	3	796	856
40	  37.7843	-122.4326	0	3	840	900
41	  37.7118	-122.2122	0	1	540	1020
42	  37.8034	-122.4334	0	1	540	1020
43	  37.7867	-122.4028	0	1	540	1020
44	  37.6163	-122.3903	0	1	540	1020
45	  37.7917	-122.4159	0	1	540	1020
46	  37.6179	-122.3858	0	1	540	1020
47	  37.7806	-122.4169	0	1	540	1020
48	  37.6165	-122.3882	0	1	540	1020
49	  37.7243	-122.3983	0	1	540	1020
50	  37.5185	-122.2610	0	1	540	1020
51	  37.7701	-122.4470	0	1	540	1020
52	  37.7927	-122.3941	0	1	540	1020
53	  37.7748	-122.4040	0	1	540	1020
54	  37.7701	-122.4470	0	1	540	1020
55	  37.7869	-122.4049	0	1	540	1020
56	  37.7792	-122.3955	0	1	540	1020
57	  37.8016	-122.4300	0	1	540	1020
58	  37.8034	-122.4334	0	1	540	1020
59	  37.7911	-122.4207	0	1	540	1020
60	  37.8034	-122.4334	0	1	540	1020
61	  37.7811	-122.4626	0	1	540	1020
62	  37.7874	-122.4033	0	1	540	1020
63	  37.7996	-122.4227	0	1	540	1020
64	  37.6754	-122.3890	0	1	540	1020
65	  37.6166	-122.3881	0	1	540	1020
66	  37.8069	-122.4191	0	1	540	1020
67	  37.6165	-122.3882	0	1	540	1020
68	  37.7950	-122.4183	0	1	540	1020
69	  37.7811	-122.4626	0	1	540	1020
70	  37.7748	-122.4040	0	1	540	1020
71	  37.7836	-122.4315	0	1	540	1020
72	  37.7927	-122.3941	0	1	540	1020
73	  37.7911	-122.4207	0	1	540	1020
74	  37.7856	-122.3972	0	1	540	1020
75	  37.7754	-122.4660	0	1	540	1020
76	  37.8034	-122.4334	0	1	540	1020
77	  37.7868	-122.4067	0	1	540	1020
78	  37.7932	-122.3977	0	1	540	1020
79	  37.8081	-122.4158	0	1	540	1020
80	  37.8006	-122.4362	0	1	540	1020
81	  37.7823	-122.3997	0	1	540	1020
82	  37.7868	-122.4067	0	1	540	1020
83	  37.7911	-122.4207	0	1	540	1020
84	  37.7868	-122.4067	0	1	540	1020
85	  37.6166	-122.3881	0	1	540	1020
86	  37.7806	-122.4169	0	1	540	1020
87	  37.5185	-122.2610	0	1	540	1020
88	  37.7869	-122.4049	0	1	540	1020
89	  37.7950	-122.3936	0	1	540	1020
90	  37.6754	-122.3890	0	1	540	1020
91	  37.7914	-122.3976	0	1	540	1020
92	  37.8034	-122.4334	0	1	540	1020
93	  37.7750	-122.4039	0	1	540	1020
94	  37.8069	-122.4191	0	1	540	1020
95	  37.7994	-122.4243	0	1	540	1020
96	  37.7866	-122.4145	0	1	540	1020
97	  37.7837	-122.3941	0	1	540	1020
98	  37.8032	-122.4010	0	1	540	1020
99	  37.7940	-122.4015	0	1	540	1020
100	  37.8002	-122.4475	0	1	540	1020
101	  37.8066	-122.4140	0	1	540	1020
102	  37.8082	-122.4163	0	1	540	1020
103	  37.7853	-122.4000	0	1	540	1020
104	  37.7891	-122.4102	0	1	540	1020
105	  37.8031	-122.4198	0	1	540	1020
106	  37.7869	-122.4049	0	1	540	1020
107	  37.7917	-122.4159	0	1	540	1020
108	  37.7868	-122.4067	0	1	540	1020
109	  37.8081	-122.4158	0	1	540	1020
110	  37.7929	-122.3975	0	1	540	1020
111	  37.7835	-122.3993	0	-3	798	888
112	  37.7883	-122.4165	0	-3	624	714
113	  37.7880	-122.4015	0	-3	1047	1137
114	  37.7761	-122.4113	0	-3	557	647
115	  37.7837	-122.4085	0	-3	810	900
116	  37.7749	-122.4530	0	-3	922	1012
117	  37.7761	-122.4113	0	-3	557	647
118	  37.7906	-122.4174	0	-3	1005	1095
119	  37.7923	-122.4109	0	-3	867	957
120	  37.7863	-122.3988	0	-3	770	860
121	  37.7871	-122.3994	0	-3	629	719
122	  37.7892	-122.4071	0	-3	590	680
123	  37.7906	-122.3963	0	-3	999	1089
124	  37.7398	-122.4025	0	-3	853	943
125	  37.7785	-122.3962	0	-3	603	693
126	  37.7679	-122.4289	0	-3	755	845
127	  37.7881	-122.4084	0	-3	902	992
128	  37.8066	-122.4203	0	-3	723	813
129	  37.6163	-122.3881	0	-3	629	719
130	  37.7854	-122.4111	0	-3	985	1075
131	  37.7934	-122.4008	0	-3	648	738
132	  37.7881	-122.4084	0	-3	902	992
133	  37.8066	-122.4203	0	-3	723	813
134	  37.7722	-122.4304	0	-3	630	720
135	  37.7944	-122.3988	0	-3	730	820
136	  37.7893	-122.4221	0	-3	844	934
137	  37.7694	-122.4506	0	-3	731	821
138	  37.8003	-122.4397	0	-3	805	895
139	  37.7960	-122.4005	0	-3	548	638
140	  37.7836	-122.4344	0	-3	853	943
141	  37.7926	-122.4009	0	-3	878	968
142	  37.7817	-122.3918	0	-3	859	949
143	  37.8056	-122.4221	0	-3	736	826
144	  37.7857	-122.4042	0	-3	564	654
145	  37.7944	-122.3988	0	-3	730	820
146	  37.7897	-122.4043	0	-3	706	796
147	  37.8005	-122.4015	0	-3	752	842
148	  37.7901	-122.4010	0	-3	927	1017
149	  37.7835	-122.3993	0	-3	798	888
150	  37.7836	-122.4344	0	-3	853	943
151	  37.7950	-122.4047	0	-1	540	1020
152	  37.8037	-122.4366	0	-1	540	1020
153	  37.7948	-122.4014	0	-1	540	1020
154	  37.6172	-122.3874	0	-1	540	1020
155	  37.7908	-122.4174	0	-1	540	1020
156	  37.6740	-122.3896	0	-1	540	1020
157	  37.7860	-122.4111	0	-1	540	1020
158	  37.6106	-122.3932	0	-1	540	1020
159	  37.7712	-122.4108	0	-1	540	1020
160	  37.7885	-122.4034	0	-1	540	1020
161	  37.7784	-122.4663	0	-1	540	1020
162	  37.7924	-122.3942	0	-1	540	1020
163	  37.7574	-122.4177	0	-1	540	1020
164	  37.7784	-122.4663	0	-1	540	1020
165	  37.7811	-122.4016	0	-1	540	1020
166	  37.7844	-122.4084	0	-1	540	1020
167	  37.8012	-122.4279	0	-1	540	1020
168	  37.8037	-122.4366	0	-1	540	1020
169	  37.7792	-122.4109	0	-1	540	1020
170	  37.8037	-122.4366	0	-1	540	1020
171	  37.7807	-122.4704	0	-1	540	1020
172	  37.7901	-122.4205	0	-1	540	1020
173	  37.7963	-122.4220	0	-1	540	1020
174	  37.6762	-122.3886	0	-1	540	1020
175	  37.6164	-122.3881	0	-1	540	1020
176	  37.8073	-122.4149	0	-1	540	1020
177	  37.6106	-122.3932	0	-1	540	1020
178	  37.7924	-122.4033	0	-1	540	1020
179	  37.7807	-122.4704	0	-1	540	1020
180	  37.7574	-122.4177	0	-1	540	1020
181	  37.7950	-122.4215	0	-1	540	1020
182	  37.7924	-122.3942	0	-1	540	1020
183	  37.7792	-122.4109	0	-1	540	1020
184	  37.7853	-122.4001	0	-1	540	1020
185	  37.7632	-122.4587	0	-1	540	1020
186	  37.8037	-122.4366	0	-1	540	1020
187	  37.7868	-122.4066	0	-1	540	1020
188	  37.7872	-122.4090	0	-1	540	1020
189	  37.8076	-122.4158	0	-1	540	1020
190	  37.7901	-122.4018	0	-1	540	1020
191	  37.7903	-122.3912	0	-1	540	1020
192	  37.7811	-122.4624	0	-1	540	1020
193	  37.7792	-122.4109	0	-1	540	1020
194	  37.7811	-122.4624	0	-1	540	1020
195	  37.6164	-122.3881	0	-1	540	1020
196	  37.7860	-122.4111	0	-1	540	1020
197	  37.7885	-122.4034	0	-1	540	1020
198	  37.7811	-122.4016	0	-1	540	1020
199	  37.8068	-122.4203	0	-1	540	1020
200	  37.6762	-122.3886	0	-1	540	1020
201	  37.7911	-122.3996	0	-1	540	1020
202	  37.8037	-122.4366	0	-1	540	1020
203	  37.7936	-122.3984	0	-1	540	1020
204	  37.8073	-122.4149	0	-1	540	1020
205	  37.7787	-122.4312	0	-1	540	1020
206	  37.7884	-122.4067	0	-1	540	1020
207	  37.7820	-122.3921	0	-1	540	1020
208	  37.7931	-122.4004	0	-1	540	1020
209	  37.8065	-122.4142	0	-1	540	1020
210	  37.7995	-122.4235	0	-1	540	1020
211	  37.8066	-122.4139	0	-1	540	1020
212	  37.7993	-122.4189	0	-1	540	1020
213	  37.7963	-122.4004	0	-1	540	1020
214	  37.7871	-122.4169	0	-1	540	1020
215	  37.7887	-122.4053	0	-1	540	1020
216	  37.7811	-122.4016	0	-1	540	1020
217	  37.7908	-122.4174	0	-1	540	1020
218	  37.7868	-122.4066	0	-1	540	1020
219	  37.8076	-122.4158	0	-1	540	1020
220	  37.7926	-122.3978	0	-1	540	1020
