cabid lati longi timestamp sequence
1.0 37.7439 -122.4391 542.0 1.0
1.0 37.7621 -122.4419 558.0 2.0
1.0 37.7775 -122.4434 566.0 3.0
1.0 37.7706 -122.4323 576.0 4.0
1.0 37.7871 -122.3944 588.0 5.0
1.0 37.7869 -122.4048 595.0 6.0
1.0 37.7793 -122.3934 605.0 7.0
1.0 37.7780 -122.4083 625.0 8.0
1.0 37.6155 -122.3845 642.0 9.0
1.0 37.6177 -122.3867 737.0 10.0
1.0 37.7601 -122.4449 763.0 11.0
1.0 37.7627 -122.4477 774.0 12.0
1.0 37.7977 -122.4389 863.0 13.0
1.0 37.7652 -122.4196 929.0 14.0
1.0 37.7849 -122.4177 937.0 15.0
1.0 37.7799 -122.4168 953.0 16.0
1.0 37.7848 -122.4088 959.0 17.0
1.0 37.7924 -122.4032 972.0 18.0
1.0 37.7706 -122.4248 984.0 19.0
1.0 37.7822 -122.4046 1000.0 20.0
2.0 37.7898 -122.4323 554.0 1.0
2.0 37.7785 -122.4267 559.0 2.0
2.0 37.7567 -122.4302 573.0 3.0
2.0 37.6179 -122.3857 593.0 4.0
2.0 37.7441 -122.4312 618.0 5.0
2.0 37.7852 -122.4065 633.0 6.0
2.0 37.7855 -122.4001 653.0 7.0
2.0 37.7819 -122.4191 662.0 8.0
2.0 37.7924 -122.4108 689.0 9.0
2.0 37.7826 -122.4038 697.0 10.0
2.0 37.7854 -122.4051 736.0 11.0
2.0 37.7787 -122.3908 742.0 12.0
2.0 37.7799 -122.3898 744.0 13.0
2.0 37.6178 -122.3867 761.0 14.0
2.0 37.7717 -122.4406 818.0 15.0
2.0 37.7517 -122.4283 827.0 16.0
2.0 37.7452 -122.4284 835.0 17.0
2.0 37.7881 -122.4178 849.0 18.0
2.0 37.7902 -122.4082 853.0 19.0
2.0 37.7803 -122.4169 860.0 20.0
3.0 37.7702 -122.4379 614.0 1.0
3.0 37.7592 -122.4355 620.0 2.0
3.0 37.7673 -122.4291 626.0 3.0
3.0 37.7692 -122.4529 635.0 4.0
3.0 37.7705 -122.4437 637.0 5.0
3.0 37.7905 -122.3983 649.0 6.0
3.0 37.7593 -122.4352 663.0 7.0
3.0 37.7703 -122.4378 668.0 8.0
3.0 37.7750 -122.4452 674.0 9.0
3.0 37.7760 -122.4454 676.0 10.0
3.0 37.7852 -122.4397 680.0 11.0
3.0 37.7761 -122.4379 683.0 12.0
3.0 37.7860 -122.4333 691.0 13.0
3.0 37.7625 -122.4217 700.0 14.0
3.0 37.7906 -122.4071 718.0 15.0
3.0 37.7898 -122.4168 722.0 16.0
3.0 37.7791 -122.4142 737.0 17.0
3.0 37.7982 -122.4036 747.0 18.0
3.0 37.7896 -122.4018 763.0 19.0
3.0 37.7894 -122.4075 764.0 20.0
3.0 37.7975 -122.4036 785.0 21.0
3.0 37.7961 -122.4016 787.0 22.0
3.0 37.7727 -122.4250 798.0 23.0
3.0 37.7861 -122.4263 804.0 24.0
3.0 37.7846 -122.4077 850.0 25.0
3.0 37.7870 -122.3888 856.0 26.0
3.0 37.7935 -122.4011 873.0 27.0
3.0 37.7889 -122.4105 879.0 28.0
3.0 37.7876 -122.4132 880.0 29.0
3.0 37.7831 -122.3969 886.0 30.0
3.0 37.7852 -122.4007 888.0 31.0
3.0 37.7854 -122.4164 893.0 32.0
3.0 37.7867 -122.4063 898.0 33.0
3.0 37.7928 -122.4013 903.0 34.0
3.0 37.7928 -122.3969 904.0 35.0
3.0 37.7999 -122.4435 917.0 36.0
3.0 37.8003 -122.4404 919.0 37.0
3.0 37.7904 -122.4024 931.0 38.0
3.0 37.7896 -122.4027 932.0 39.0
3.0 37.7648 -122.4405 944.0 40.0
3.0 37.7774 -122.4165 951.0 41.0
3.0 37.7827 -122.4676 965.0 42.0
3.0 37.7692 -122.4532 974.0 43.0
3.0 37.7979 -122.4062 990.0 44.0
3.0 37.7968 -122.4011 992.0 45.0
3.0 37.7661 -122.4025 1008.0 46.0
3.0 37.7715 -122.4021 1011.0 47.0
4.0 37.7883 -122.4050 546.0 1.0
4.0 37.7858 -122.4015 562.0 2.0
4.0 37.8043 -122.4483 576.0 3.0
4.0 37.7919 -122.4094 592.0 4.0
4.0 37.7846 -122.4051 599.0 5.0
4.0 37.5865 -122.3382 627.0 6.0
4.0 37.5317 -122.2708 638.0 7.0
4.0 37.7907 -122.3895 765.0 8.0
4.0 37.7894 -122.4034 772.0 9.0
4.0 37.7957 -122.3944 787.0 10.0
4.0 37.8084 -122.4101 792.0 11.0
4.0 37.8071 -122.4070 795.0 12.0
4.0 37.7977 -122.4079 804.0 13.0
4.0 37.6177 -122.3859 930.0 14.0
4.0 37.7923 -122.3924 952.0 15.0
4.0 37.7920 -122.3914 954.0 16.0
4.0 37.6152 -122.3903 973.0 17.0
5.0 37.7870 -122.4488 651.0 1.0
5.0 37.7842 -122.4592 674.0 2.0
5.0 37.7854 -122.4386 681.0 3.0
5.0 37.7854 -122.4387 682.0 4.0
5.0 37.7795 -122.4320 685.0 5.0
5.0 37.7899 -122.4167 700.0 6.0
5.0 37.7918 -122.3948 707.0 7.0
5.0 37.7927 -122.4010 728.0 8.0
5.0 37.7877 -122.4022 735.0 9.0
5.0 37.7935 -122.4030 741.0 10.0
5.0 37.7834 -122.3937 746.0 11.0
5.0 37.7952 -122.4033 781.0 12.0
5.0 37.6139 -122.3878 803.0 13.0
5.0 37.7771 -122.3983 821.0 14.0
5.0 37.7894 -122.4120 827.0 15.0
5.0 37.7933 -122.3974 833.0 16.0
5.0 37.7880 -122.4083 837.0 17.0
5.0 37.7912 -122.4018 850.0 18.0
5.0 37.7770 -122.3946 858.0 19.0
5.0 37.7527 -122.4100 931.0 20.0
5.0 37.7909 -122.4333 950.0 21.0
5.0 37.7929 -122.4034 963.0 22.0
5.0 37.7938 -122.4314 972.0 23.0
5.0 37.7936 -122.3987 985.0 24.0
5.0 37.7915 -122.4426 998.0 25.0
5.0 37.7925 -122.4037 1012.0 26.0
lati longi low_tw
37.7547 -122.423 560.0
37.7501 -122.4489 884.0
37.7565 -122.4846 669.0
37.7592 -122.4461 850.0
37.6858 -122.485 857.0
37.679 -122.4886 697.0
37.6878 -122.4809 666.0
37.6837 -122.4821 937.0
37.6857 -122.4839 642.0
37.7619 -122.4863 556.0
37.7589 -122.4461 496.0
37.7568 -122.447 887.0
37.7623 -122.4848 865.0
37.7566 -122.4471 948.0
37.7587 -122.4862 834.0
37.7588 -122.4482 804.0
37.7592 -122.4471 857.0
37.6786 -122.4858 621.0
37.7588 -122.49 497.0
37.7497 -122.4426 621.0
37.7545 -122.4489 644.0
37.7042 -122.4638 651.0
37.7607 -122.4215 500.0
37.7563 -122.4503 780.0
37.7554 -122.4507 906.0
37.7585 -122.4207 558.0
37.7528 -122.442 793.0
37.7113 -122.4645 641.0
37.7594 -122.4467 761.0
37.7628 -122.4841 764.0
37.7523 -122.4465 684.0
37.6865 -122.4905 599.0
37.7557 -122.4152 853.0
37.6792 -122.485 935.0
37.7531 -122.4447 665.0
37.7508 -122.4511 665.0
37.6849 -122.4826 935.0
37.7089 -122.471 588.0
37.7614 -122.4901 905.0
37.7543 -122.4419 810.0
37.6848 -122.4859 560.0
37.7586 -122.4186 884.0
37.7565 -122.4437 669.0
37.7608 -122.4141 850.0
37.7066 -122.4637 857.0
37.7067 -122.4621 697.0
37.7086 -122.4672 666.0
37.7053 -122.4714 937.0
37.7014 -122.4656 642.0
37.7545 -122.4513 556.0
37.757 -122.4162 496.0
37.7564 -122.4229 887.0
37.7534 -122.4503 865.0
37.7593 -122.4219 948.0
37.7513 -122.4436 834.0
37.7599 -122.4171 804.0
37.7545 -122.4199 857.0
37.704 -122.4652 621.0
37.7589 -122.4433 497.0
37.7612 -122.4144 621.0
37.7606 -122.4174 644.0
37.7597 -122.4807 651.0
37.6818 -122.4906 500.0
37.7569 -122.422 780.0
37.7599 -122.4184 906.0
37.6804 -122.484 558.0
37.7557 -122.4151 793.0
37.755 -122.4847 641.0
37.7549 -122.4141 761.0
37.7578 -122.4503 764.0
37.7583 -122.4183 684.0
37.7037 -122.471 599.0
37.684 -122.4875 853.0
37.7066 -122.4642 935.0
37.7598 -122.4228 665.0
37.7601 -122.4188 665.0
37.7044 -122.4623 935.0
37.7626 -122.4869 588.0
37.754 -122.4451 905.0
37.7603 -122.423 810.0
