cabid lati longi timestamp sequence
4.0 37.7740 -122.4410 658.0 4.0
4.0 37.7848 -122.4381 664.0 5.0
4.0 37.7872 -122.4098 680.0 6.0
4.0 37.7804 -122.3898 689.0 7.0
4.0 37.7875 -122.4072 697.0 8.0
4.0 37.7899 -122.4052 703.0 9.0
4.0 37.7948 -122.4005 707.0 10.0
4.0 37.7952 -122.4207 716.0 11.0
4.0 37.7915 -122.4021 746.0 12.0
4.0 37.7669 -122.4028 758.0 13.0
4.0 37.7821 -122.4093 766.0 14.0
4.0 37.7923 -122.4040 776.0 15.0
4.0 37.7887 -122.4052 784.0 16.0
4.0 37.7799 -122.4599 799.0 17.0
4.0 37.7866 -122.4521 806.0 18.0
4.0 37.7861 -122.4108 821.0 19.0
4.0 37.8016 -122.4120 860.0 20.0
4.0 37.7941 -122.4214 865.0 21.0
5.0 37.6152 -122.3903 601.0 1.0
5.0 37.7851 -122.4005 616.0 2.0
5.0 37.6177 -122.3861 639.0 3.0
5.0 37.7944 -122.4018 660.0 4.0
5.0 37.6153 -122.3899 769.0 5.0
5.0 37.7641 -122.4362 787.0 6.0
5.0 37.6177 -122.3859 851.0 7.0
5.0 37.7846 -122.4045 915.0 8.0
5.0 37.6152 -122.3902 998.0 9.0
6.0 37.7891 -122.4029 750.0 1.0
6.0 37.7991 -122.4085 762.0 2.0
6.0 37.7698 -122.4133 779.0 3.0
6.0 37.7643 -122.4131 783.0 4.0
6.0 37.7618 -122.4193 785.0 5.0
6.0 37.7702 -122.4692 807.0 6.0
6.0 37.7691 -122.4682 808.0 7.0
6.0 37.7874 -122.4039 828.0 8.0
6.0 37.7876 -122.4004 831.0 9.0
6.0 37.7803 -122.4168 837.0 10.0
6.0 37.7819 -122.4177 845.0 11.0
6.0 37.7816 -122.4157 846.0 12.0
6.0 37.6149 -122.3852 864.0 13.0
6.0 37.7702 -122.4041 993.0 14.0
6.0 37.7714 -122.4087 994.0 15.0
6.0 37.7900 -122.4221 1005.0 16.0
6.0 37.7905 -122.4208 1006.0 17.0
6.0 37.7899 -122.4032 1012.0 18.0
1.0 37.7699 -122.4333 545.0 1.0
1.0 37.7872 -122.4085 555.0 2.0
1.0 37.7866 -122.4529 614.0 3.0
1.0 37.6605 -122.4773 639.0 4.0
1.0 37.7749 -122.4531 667.0 5.0
1.0 37.7591 -122.4374 676.0 6.0
1.0 37.7576 -122.4355 679.0 7.0
1.0 37.7761 -122.4215 689.0 8.0
1.0 37.7993 -122.4088 709.0 9.0
1.0 37.7935 -122.4125 713.0 10.0
1.0 37.7880 -122.4189 720.0 11.0
2.0 37.7791 -122.3973 777.0 1.0
2.0 37.7909 -122.4340 793.0 2.0
2.0 37.7879 -122.4080 822.0 3.0
2.0 37.8007 -122.4446 833.0 4.0
2.0 37.8049 -122.4351 846.0 5.0
2.0 37.6154 -122.3846 873.0 6.0
2.0 37.6646 -122.3978 907.0 7.0
2.0 37.8063 -122.4157 967.0 8.0
2.0 37.8077 -122.4202 972.0 9.0
2.0 37.7860 -122.4221 983.0 10.0
2.0 37.7876 -122.4083 994.0 11.0
2.0 37.8090 -122.4180 1004.0 12.0
2.0 37.8061 -122.4183 1011.0 13.0
3.0 37.6178 -122.3865 645.0 1.0
3.0 37.7845 -122.4094 663.0 2.0
3.0 37.7299 -122.4450 677.0 3.0
3.0 37.7489 -122.4182 690.0 4.0
3.0 37.7489 -122.4206 692.0 5.0
3.0 37.7464 -122.4125 697.0 6.0
3.0 37.7936 -122.4013 713.0 7.0
3.0 37.8057 -122.4055 718.0 8.0
3.0 37.7925 -122.4036 730.0 9.0
3.0 37.7976 -122.4137 735.0 10.0
3.0 37.7888 -122.3985 771.0 11.0
3.0 37.7980 -122.4359 785.0 12.0
3.0 37.7921 -122.4261 789.0 13.0
3.0 37.7867 -122.4255 790.0 14.0
3.0 37.7578 -122.4019 835.0 15.0
3.0 37.7883 -122.4035 844.0 16.0
3.0 37.7919 -122.4030 853.0 17.0
3.0 37.8007 -122.4210 859.0 18.0
3.0 37.8010 -122.4228 885.0 19.0
3.0 37.6180 -122.3867 916.0 20.0
3.0 37.7659 -122.4068 970.0 21.0
lati longi low_tw
37.7531 -122.4453 891.0
37.705 -122.4147 752.0
37.7533 -122.4406 535.0
37.6996 -122.4172 830.0
37.76 -122.4407 755.0
37.7038 -122.4164 568.0
37.7845 -122.4353 842.0
37.6982 -122.4127 784.0
37.753 -122.4452 785.0
37.702 -122.4146 909.0
37.7839 -122.4349 802.0
37.7606 -122.4459 609.0
37.7807 -122.4288 773.0
37.697 -122.4163 637.0
37.7687 -122.4212 664.0
37.7698 -122.4239 817.0
37.7589 -122.4435 673.0
37.7607 -122.442 911.0
37.7055 -122.4118 537.0
37.7531 -122.4478 815.0
37.7834 -122.4305 543.0
37.786 -122.4345 490.0
37.6973 -122.4153 525.0
37.7747 -122.4296 675.0
37.6985 -122.4087 812.0
37.6984 -122.4122 858.0
37.7835 -122.4263 865.0
37.7683 -122.4237 866.0
37.757 -122.4445 959.0
37.7051 -122.4147 901.0
37.6671 -122.3954 884.0
37.7052 -122.4135 711.0
37.7748 -122.4282 836.0
37.6587 -122.3891 488.0
37.6636 -122.3953 914.0
37.7805 -122.4343 649.0
37.6656 -122.3931 641.0
37.7591 -122.4478 874.0
37.759 -122.4487 794.0
37.6989 -122.4165 766.0
37.6601 -122.3883 666.0
37.6976 -122.4126 922.0
37.7004 -122.4097 920.0
37.7854 -122.4295 913.0
37.698 -122.4085 580.0
37.6971 -122.4155 939.0
37.7751 -122.43 547.0
37.6575 -122.3967 639.0
37.7045 -122.4165 546.0
37.6657 -122.3919 860.0
37.7005 -122.4111 492.0
37.7807 -122.4357 823.0
37.7722 -122.4296 898.0
37.7683 -122.4235 858.0
37.7532 -122.4505 702.0
37.7596 -122.4485 482.0
37.7525 -122.4429 862.0
37.762 -122.4417 572.0
37.7871 -122.4285 898.0
37.7821 -122.4327 918.0
37.7042 -122.4128 750.0
37.783 -122.4345 493.0
37.7008 -122.415 630.0
37.6614 -122.3935 621.0
37.6992 -122.4149 808.0
37.7835 -122.4264 850.0
37.7572 -122.4412 683.0
37.6653 -122.3965 598.0
37.7815 -122.4294 748.0
37.7787 -122.4354 754.0
37.757 -122.4841 891.0
37.7672 -122.3934 752.0
37.7422 -122.3993 535.0
37.695 -122.4783 830.0
37.6946 -122.4862 755.0
37.7278 -122.4859 568.0
37.7851 -122.4138 842.0
37.7946 -122.4659 784.0
37.7294 -122.4991 785.0
37.6671 -122.4303 909.0
37.7246 -122.4665 802.0
37.7178 -122.4153 609.0
37.7557 -122.4498 773.0
37.6827 -122.4983 637.0
37.7356 -122.4279 664.0
37.7122 -122.4861 817.0
37.795 -122.4486 673.0
37.7977 -122.4689 911.0
37.7331 -122.4926 537.0
37.7772 -122.4558 815.0
37.7212 -122.4687 543.0
37.7848 -122.4959 490.0
37.7721 -122.4481 525.0
37.6731 -122.4118 675.0
37.777 -122.4307 812.0
37.7762 -122.3978 858.0
37.7576 -122.3916 865.0
37.6562 -122.4923 866.0
37.751 -122.4553 959.0
37.6719 -122.4037 901.0
37.7868 -122.4569 884.0
37.7006 -122.4881 711.0
37.7852 -122.4429 836.0
37.6811 -122.4744 488.0
37.7989 -122.4379 914.0
37.7849 -122.4405 649.0
37.7396 -122.397 641.0
37.775 -122.4032 874.0
37.6766 -122.4773 794.0
37.7289 -122.4049 766.0
37.7989 -122.487 666.0
37.6787 -122.4731 922.0
37.6659 -122.4941 920.0
37.7974 -122.4118 913.0
37.7746 -122.4505 580.0
37.7215 -122.446 939.0
37.7153 -122.4725 547.0
37.7953 -122.4853 639.0
37.6838 -122.4152 546.0
37.6884 -122.47 860.0
37.7898 -122.4613 492.0
37.7266 -122.4977 823.0
37.7118 -122.4565 898.0
37.7983 -122.4612 858.0
37.6547 -122.4806 702.0
37.7918 -122.4293 482.0
37.681 -122.4069 862.0
37.6516 -122.4035 572.0
37.699 -122.4317 898.0
37.6512 -122.4515 918.0
37.7726 -122.4838 750.0
37.6719 -122.455 493.0
37.794 -122.4642 630.0
37.7429 -122.4588 621.0
37.7724 -122.4833 808.0
37.7069 -122.4916 850.0
37.7287 -122.4111 683.0
37.7646 -122.4551 598.0
37.7309 -122.4908 748.0
37.6744 -122.4294 754.0
