cabid lati longi timestamp sequence
3.0 37.7865 -122.4115 982.0 22.0
3.0 37.7933 -122.4003 997.0 23.0
3.0 37.7842 -122.4224 1008.0 24.0
3.0 37.7883 -122.4090 1013.0 25.0
3.0 37.7874 -122.4035 1019.0 26.0
4.0 37.6162 -122.3883 545.0 1.0
4.0 37.7864 -122.4046 565.0 2.0
4.0 37.7716 -122.3987 586.0 3.0
4.0 37.7858 -122.4382 604.0 4.0
4.0 37.7830 -122.4275 613.0 5.0
4.0 37.7834 -122.4406 616.0 6.0
4.0 37.7816 -122.4462 630.0 7.0
4.0 37.7814 -122.4461 631.0 8.0
4.0 37.7850 -122.4420 638.0 9.0
4.0 37.7810 -122.4638 645.0 10.0
4.0 37.7215 -122.4562 667.0 11.0
4.0 37.7235 -122.4562 675.0 12.0
4.0 37.7544 -122.5023 690.0 13.0
4.0 37.7729 -122.4799 705.0 14.0
4.0 37.7875 -122.4058 723.0 15.0
4.0 37.7924 -122.3951 760.0 16.0
4.0 37.7794 -122.4185 767.0 17.0
4.0 37.7792 -122.4184 768.0 18.0
4.0 37.7902 -122.4036 776.0 19.0
4.0 37.7917 -122.3984 830.0 20.0
4.0 37.7895 -122.4082 838.0 21.0
4.0 37.7979 -122.4144 845.0 22.0
4.0 37.7992 -122.4088 851.0 23.0
4.0 37.8014 -122.4022 854.0 24.0
4.0 37.7899 -122.3999 858.0 25.0
4.0 37.7899 -122.4000 859.0 26.0
4.0 37.7885 -122.4102 862.0 27.0
4.0 37.7898 -122.3997 869.0 28.0
4.0 37.6149 -122.3853 890.0 29.0
4.0 37.7767 -122.3954 991.0 30.0
4.0 37.7905 -122.4085 1000.0 31.0
4.0 37.7882 -122.4068 1004.0 32.0
4.0 37.7848 -122.4001 1013.0 33.0
4.0 37.7872 -122.4031 1015.0 34.0
5.0 37.7255 -122.4341 825.0 1.0
5.0 37.6507 -122.4068 862.0 2.0
5.0 37.7947 -122.4006 878.0 3.0
5.0 37.6019 -122.3795 937.0 4.0
5.0 37.6004 -122.3840 954.0 5.0
5.0 37.6039 -122.3825 970.0 6.0
1.0 37.7905 -122.4058 540.0 1.0
2.0 37.6247 -122.4011 613.0 1.0
2.0 37.8067 -122.4106 633.0 2.0
2.0 37.8060 -122.4179 639.0 3.0
2.0 37.7965 -122.4022 646.0 4.0
2.0 37.7929 -122.3961 659.0 5.0
2.0 37.7989 -122.4083 668.0 6.0
2.0 37.7945 -122.3998 683.0 7.0
2.0 37.8012 -122.4018 688.0 8.0
2.0 37.7947 -122.3977 709.0 9.0
2.0 37.7953 -122.2695 726.0 10.0
2.0 37.7949 -122.3976 759.0 11.0
2.0 37.7892 -122.4106 766.0 12.0
2.0 37.7885 -122.4056 769.0 13.0
2.0 37.7914 -122.3943 775.0 14.0
2.0 37.7909 -122.4041 789.0 15.0
2.0 37.7897 -122.4137 792.0 16.0
2.0 37.7885 -122.4047 795.0 17.0
2.0 37.7725 -122.4041 805.0 18.0
2.0 37.7854 -122.3965 817.0 19.0
2.0 37.8000 -122.4411 832.0 20.0
2.0 37.8004 -122.4396 833.0 21.0
2.0 37.7965 -122.4252 837.0 22.0
2.0 37.7959 -122.4215 842.0 23.0
2.0 37.7947 -122.4007 847.0 24.0
2.0 37.6088 -122.3903 904.0 25.0
2.0 37.5577 -122.2869 927.0 26.0
2.0 37.6177 -122.3864 999.0 27.0
3.0 37.7575 -122.4090 577.0 1.0
3.0 37.6820 -122.3888 619.0 2.0
3.0 37.7833 -122.4404 712.0 3.0
3.0 37.7239 -122.4359 740.0 4.0
3.0 37.7577 -122.4191 755.0 5.0
3.0 37.7927 -122.4334 768.0 6.0
3.0 37.7859 -122.4333 772.0 7.0
3.0 37.7408 -122.4310 790.0 8.0
3.0 37.7422 -122.4252 803.0 9.0
3.0 37.7226 -122.4442 809.0 10.0
3.0 37.7209 -122.4355 821.0 11.0
3.0 37.7613 -122.4277 833.0 12.0
3.0 37.7926 -122.4031 994.0 13.0
3.0 37.7858 -122.4249 1002.0 14.0
3.0 37.7854 -122.4164 1006.0 15.0
3.0 37.7671 -122.4002 1015.0 16.0
4.0 37.6132 -122.3842 616.0 1.0
lati longi low_tw
37.6695 -122.4918 711.0
37.662 -122.4918 781.0
37.6635 -122.4413 778.0
37.6702 -122.4362 568.0
37.6877 -122.4257 831.0
37.7294 -122.4435 490.0
37.6865 -122.4225 749.0
37.6715 -122.441 925.0
37.6692 -122.4967 860.0
37.691 -122.4263 884.0
37.6649 -122.4904 734.0
37.6706 -122.4409 831.0
37.777 -122.4806 526.0
37.7343 -122.4491 759.0
37.6876 -122.4192 862.0
37.693 -122.427 547.0
37.661 -122.4914 554.0
37.6651 -122.4956 846.0
37.671 -122.4387 635.0
37.7683 -122.4821 878.0
37.669 -122.4425 885.0
37.6669 -122.4913 739.0
37.7739 -122.4815 626.0
37.6694 -122.4909 859.0
37.6614 -122.4947 727.0
37.6658 -122.4956 738.0
37.7308 -122.45 902.0
37.6839 -122.424 870.0
37.685 -122.425 915.0
37.6874 -122.4249 817.0
37.6872 -122.4266 893.0
37.6704 -122.4974 632.0
37.6626 -122.4936 573.0
37.7379 -122.4491 534.0
37.6687 -122.4373 539.0
37.6662 -122.4939 813.0
37.6672 -122.4413 706.0
37.665 -122.4921 650.0
37.7311 -122.4486 605.0
37.663 -122.4944 776.0
37.6641 -122.4407 590.0
37.684 -122.4235 696.0
37.7696 -122.4833 577.0
37.6928 -122.4251 541.0
37.7772 -122.477 525.0
37.6664 -122.4912 828.0
37.6653 -122.4379 603.0
37.6632 -122.4922 610.0
37.6662 -122.4981 675.0
37.6611 -122.4934 535.0
37.6886 -122.4192 498.0
37.6897 -122.4269 560.0
37.6622 -122.4895 761.0
37.6683 -122.4387 739.0
37.6683 -122.4378 649.0
37.668 -122.4892 940.0
37.7732 -122.4772 678.0
37.6866 -122.4262 794.0
37.6846 -122.4245 500.0
37.7387 -122.4429 877.0
37.6864 -122.4186 608.0
37.6631 -122.4903 830.0
37.7775 -122.4776 501.0
37.768 -122.4822 719.0
37.6932 -122.4251 553.0
37.6907 -122.4247 895.0
37.6867 -122.428 955.0
37.6881 -122.4228 684.0
37.6668 -122.4977 674.0
37.6849 -122.4243 850.0
37.6659 -122.4987 708.0
37.7772 -122.4749 701.0
37.6652 -122.4447 538.0
37.6702 -122.494 852.0
37.7709 -122.4819 823.0
37.6654 -122.4413 958.0
37.6893 -122.4281 712.0
37.7321 -122.4469 649.0
37.7335 -122.4435 768.0
37.6636 -122.4361 507.0
37.7422 -122.4847 711.0
37.6968 -122.4179 781.0
37.6741 -122.459 778.0
37.6735 -122.4943 568.0
37.7301 -122.4712 831.0
37.7239 -122.402 490.0
37.7809 -122.4785 749.0
37.7436 -122.4735 925.0
37.6808 -122.4491 860.0
37.7066 -122.4853 884.0
37.7557 -122.4468 734.0
37.7206 -122.4123 831.0
37.6506 -122.4692 526.0
37.7379 -122.4173 759.0
37.7884 -122.4687 862.0
37.7652 -122.4627 547.0
37.7942 -122.4395 554.0
37.7994 -122.4103 846.0
37.7221 -122.4876 635.0
37.7503 -122.4751 878.0
37.6869 -122.4515 885.0
37.6729 -122.4982 739.0
37.6681 -122.4829 626.0
37.6673 -122.4494 859.0
37.6924 -122.4585 727.0
37.7545 -122.3988 738.0
37.7578 -122.4351 902.0
37.7682 -122.449 870.0
37.6787 -122.4608 915.0
37.7846 -122.4325 817.0
37.7316 -122.4404 893.0
37.689 -122.4104 632.0
37.6594 -122.4876 573.0
37.6743 -122.4528 534.0
37.7788 -122.4999 539.0
37.6562 -122.41 813.0
37.7489 -122.4737 706.0
37.7007 -122.4875 650.0
37.6621 -122.4792 605.0
37.6626 -122.4719 776.0
37.7567 -122.4394 590.0
37.7345 -122.4075 696.0
37.7699 -122.4214 577.0
37.6775 -122.4735 541.0
37.7529 -122.435 525.0
37.6931 -122.411 828.0
37.7608 -122.4387 603.0
37.7852 -122.4423 610.0
37.7438 -122.4712 675.0
37.6537 -122.4381 535.0
37.6584 -122.4159 498.0
37.6681 -122.4519 560.0
37.7398 -122.4198 761.0
37.6708 -122.4691 739.0
37.6857 -122.3937 649.0
37.6755 -122.4869 940.0
37.6923 -122.4374 678.0
37.6672 -122.3986 794.0
37.7574 -122.4797 500.0
37.7004 -122.4695 877.0
37.7946 -122.4472 608.0
37.6988 -122.4918 830.0
37.7448 -122.398 501.0
37.6671 -122.4305 719.0
37.7404 -122.4989 553.0
37.7816 -122.4085 895.0
37.7164 -122.3982 955.0
37.7469 -122.4928 684.0
37.7121 -122.4904 674.0
37.7773 -122.4656 850.0
37.6954 -122.495 708.0
37.704 -122.4303 701.0
37.7051 -122.4041 538.0
37.6766 -122.4 852.0
37.7581 -122.4287 823.0
37.6702 -122.4683 958.0
37.7836 -122.4786 712.0
37.7187 -122.4756 649.0
37.7893 -122.4007 768.0
37.7154 -122.4643 507.0
