cabid lati longi timestamp sequence
4.0 37.7449 -122.4400 642.0 2.0
4.0 37.7882 -122.4034 662.0 3.0
4.0 37.7910 -122.3994 664.0 4.0
4.0 37.6150 -122.3851 683.0 5.0
4.0 37.6172 -122.3875 773.0 6.0
4.0 37.7831 -122.4178 790.0 7.0
4.0 37.7873 -122.4168 794.0 8.0
4.0 37.7764 -122.4179 799.0 9.0
4.0 37.7882 -122.4030 811.0 10.0
4.0 37.7869 -122.3881 820.0 11.0
4.0 37.7831 -122.3892 825.0 12.0
4.0 37.6180 -122.3865 842.0 13.0
4.0 37.7886 -122.4056 999.0 14.0
4.0 37.7858 -122.4211 1003.0 15.0
4.0 37.7721 -122.4141 1018.0 16.0
5.0 37.7767 -122.3955 542.0 1.0
5.0 37.7923 -122.4061 552.0 2.0
5.0 37.7610 -122.4306 586.0 3.0
5.0 37.7882 -122.4166 601.0 4.0
5.0 37.7926 -122.4335 615.0 5.0
5.0 37.7576 -122.4189 625.0 6.0
5.0 37.7624 -122.4351 638.0 7.0
5.0 37.7945 -122.4029 654.0 8.0
5.0 37.7929 -122.4009 656.0 9.0
5.0 37.7890 -122.4117 661.0 10.0
5.0 37.7848 -122.4001 694.0 11.0
5.0 37.7742 -122.4294 700.0 12.0
5.0 37.7738 -122.4396 710.0 13.0
5.0 37.8057 -122.4130 727.0 14.0
5.0 37.8054 -122.4119 728.0 15.0
5.0 37.7968 -122.4049 734.0 16.0
5.0 37.7930 -122.3928 760.0 17.0
5.0 37.6548 -122.3817 779.0 18.0
5.0 37.7900 -122.4040 823.0 19.0
5.0 37.7855 -122.4380 832.0 20.0
5.0 37.7912 -122.4020 875.0 21.0
5.0 37.7802 -122.3899 881.0 22.0
5.0 37.7484 -122.3968 916.0 23.0
5.0 37.7484 -122.3968 918.0 24.0
5.0 37.7036 -122.3941 937.0 25.0
6.0 37.8030 -122.4201 902.0 1.0
6.0 37.7867 -122.3980 996.0 2.0
6.0 37.7906 -122.4024 1005.0 3.0
6.0 37.8069 -122.4105 1016.0 4.0
6.0 37.8035 -122.4150 1019.0 5.0
1.0 37.7822 -122.4073 541.0 1.0
1.0 37.6157 -122.3878 561.0 2.0
1.0 37.6161 -122.3882 602.0 3.0
1.0 37.8063 -122.4162 629.0 4.0
2.0 37.7899 -122.3994 552.0 1.0
2.0 37.7874 -122.4083 582.0 2.0
2.0 37.7934 -122.3981 591.0 3.0
2.0 37.8006 -122.4373 620.0 4.0
2.0 37.7893 -122.4019 633.0 5.0
2.0 37.7905 -122.3977 636.0 6.0
2.0 37.7838 -122.3992 642.0 7.0
2.0 37.7874 -122.4082 655.0 8.0
2.0 37.7924 -122.4108 659.0 9.0
2.0 37.7869 -122.4093 665.0 10.0
2.0 37.7751 -122.4039 673.0 11.0
2.0 37.7932 -122.4208 687.0 12.0
2.0 37.7932 -122.4139 690.0 13.0
2.0 37.7679 -122.4290 713.0 14.0
2.0 37.7668 -122.3999 725.0 15.0
2.0 37.7626 -122.3961 732.0 16.0
2.0 37.7514 -122.3943 739.0 17.0
2.0 37.6152 -122.3902 785.0 18.0
2.0 37.7851 -122.4005 800.0 19.0
2.0 37.6161 -122.3883 821.0 20.0
2.0 37.6583 -122.4848 842.0 21.0
2.0 37.6153 -122.3902 857.0 22.0
2.0 37.5313 -122.2650 878.0 23.0
2.0 37.7560 -122.4052 920.0 24.0
2.0 37.7523 -122.4183 926.0 25.0
2.0 37.7523 -122.4187 931.0 26.0
2.0 37.7483 -122.4203 933.0 27.0
2.0 37.7554 -122.4210 942.0 28.0
2.0 37.7656 -122.4221 945.0 29.0
2.0 37.7774 -122.4132 960.0 30.0
2.0 37.7862 -122.4111 964.0 31.0
2.0 37.7856 -122.4098 972.0 32.0
2.0 37.6155 -122.3844 994.0 33.0
3.0 37.6150 -122.3924 633.0 1.0
3.0 37.7918 -122.4105 654.0 2.0
3.0 37.7904 -122.4207 668.0 3.0
3.0 37.7871 -122.4487 675.0 4.0
3.0 37.7886 -122.4501 678.0 5.0
3.0 37.7840 -122.4079 693.0 6.0
3.0 37.7922 -122.4083 713.0 7.0
3.0 37.8062 -122.4240 724.0 8.0
lati longi low_tw
37.7717 -122.4633 530.0
37.7737 -122.4628 811.0
37.7381 -122.4549 541.0
37.8053 -122.4312 786.0
37.7462 -122.4895 907.0
37.7507 -122.4865 892.0
37.7996 -122.4359 657.0
37.7434 -122.4508 585.0
37.7731 -122.462 935.0
37.8011 -122.4369 859.0
37.7434 -122.4952 666.0
37.7675 -122.4602 572.0
37.7434 -122.4926 760.0
37.7756 -122.4662 882.0
37.7364 -122.4499 580.0
37.7684 -122.4616 758.0
37.7399 -122.4527 915.0
37.7395 -122.4532 782.0
37.7417 -122.4492 733.0
37.7679 -122.466 942.0
37.7686 -122.4649 748.0
37.6877 -122.4942 509.0
37.7743 -122.461 727.0
37.7351 -122.4483 562.0
37.7712 -122.4592 641.0
37.7489 -122.4953 618.0
37.7363 -122.4482 939.0
37.7747 -122.4666 873.0
37.7741 -122.467 871.0
37.7369 -122.4479 733.0
37.7389 -122.4521 902.0
37.7457 -122.4858 554.0
37.7526 -122.4862 790.0
37.8006 -122.428 580.0
37.7347 -122.4557 643.0
37.7392 -122.447 496.0
37.7499 -122.4951 772.0
37.7376 -122.448 907.0
37.743 -122.4529 897.0
37.7672 -122.4577 786.0
37.7673 -122.4611 515.0
37.6886 -122.4882 951.0
37.6883 -122.4949 714.0
37.7427 -122.4558 649.0
37.6937 -122.488 949.0
37.6968 -122.4966 717.0
37.74 -122.4478 659.0
37.7351 -122.4561 581.0
37.7985 -122.4363 804.0
37.7668 -122.4633 690.0
37.7413 -122.4555 505.0
37.7404 -122.4518 777.0
37.8009 -122.429 624.0
37.6956 -122.488 620.0
37.7349 -122.4529 596.0
37.7966 -122.428 918.0
37.6879 -122.4879 493.0
37.77 -122.4578 536.0
37.7734 -122.4575 582.0
37.8 -122.4311 836.0
37.7067 -122.4895 530.0
37.6936 -122.4188 811.0
37.6954 -122.4549 541.0
37.7578 -122.472 786.0
37.7517 -122.4747 907.0
37.759 -122.4399 892.0
37.6599 -122.4113 657.0
37.7209 -122.3913 585.0
37.652 -122.4435 935.0
37.7474 -122.4977 859.0
37.7657 -122.3952 666.0
37.6798 -122.3994 572.0
37.6799 -122.4274 760.0
37.7203 -122.4993 882.0
37.783 -122.4623 580.0
37.6682 -122.4299 758.0
37.6574 -122.4692 915.0
37.7131 -122.4639 782.0
37.7575 -122.4487 733.0
37.7772 -122.4456 942.0
37.7034 -122.4915 748.0
37.6626 -122.3996 509.0
37.7658 -122.4052 727.0
37.7891 -122.4173 562.0
37.7902 -122.493 641.0
37.7923 -122.4102 618.0
37.6686 -122.4787 939.0
37.7929 -122.4052 873.0
37.767 -122.4492 871.0
37.6503 -122.4911 733.0
37.7133 -122.4195 902.0
37.7456 -122.437 554.0
37.7581 -122.4031 790.0
37.7026 -122.4799 580.0
37.7032 -122.4741 643.0
37.7466 -122.4002 496.0
37.7456 -122.4572 772.0
37.7802 -122.4089 907.0
37.691 -122.4747 897.0
37.7045 -122.4169 786.0
37.7632 -122.3908 515.0
37.7588 -122.4499 951.0
37.7261 -122.4699 714.0
37.674 -122.4668 649.0
37.6832 -122.4018 949.0
37.6715 -122.4061 717.0
37.6541 -122.4553 659.0
37.681 -122.4547 581.0
37.7607 -122.4429 804.0
37.7413 -122.4568 690.0
37.7245 -122.4367 505.0
37.7407 -122.4465 777.0
37.6661 -122.4956 624.0
37.7946 -122.4702 620.0
37.7779 -122.4994 596.0
37.7456 -122.4849 918.0
37.6988 -122.482 493.0
37.6737 -122.4173 536.0
37.7677 -122.4979 582.0
37.7717 -122.4353 836.0
