cabid lati longi timestamp sequence
1.0 37.6132 -122.3842 616.0 1.0
1.0 37.7449 -122.4400 642.0 2.0
1.0 37.7882 -122.4034 662.0 3.0
1.0 37.7910 -122.3994 664.0 4.0
1.0 37.6150 -122.3851 683.0 5.0
1.0 37.6172 -122.3875 773.0 6.0
1.0 37.7831 -122.4178 790.0 7.0
1.0 37.7873 -122.4168 794.0 8.0
1.0 37.7764 -122.4179 799.0 9.0
1.0 37.7882 -122.4030 811.0 10.0
2.0 37.7767 -122.3955 542.0 1.0
2.0 37.7923 -122.4061 552.0 2.0
2.0 37.7610 -122.4306 586.0 3.0
2.0 37.7882 -122.4166 601.0 4.0
2.0 37.7926 -122.4335 615.0 5.0
2.0 37.7576 -122.4189 625.0 6.0
2.0 37.7624 -122.4351 638.0 7.0
2.0 37.7945 -122.4029 654.0 8.0
2.0 37.7929 -122.4009 656.0 9.0
2.0 37.7890 -122.4117 661.0 10.0
2.0 37.7848 -122.4001 694.0 11.0
2.0 37.7742 -122.4294 700.0 12.0
2.0 37.7738 -122.4396 710.0 13.0
2.0 37.8057 -122.4130 727.0 14.0
2.0 37.8054 -122.4119 728.0 15.0
2.0 37.7968 -122.4049 734.0 16.0
2.0 37.7930 -122.3928 760.0 17.0
2.0 37.6548 -122.3817 779.0 18.0
2.0 37.7900 -122.4040 823.0 19.0
2.0 37.7855 -122.4380 832.0 20.0
2.0 37.7912 -122.4020 875.0 21.0
2.0 37.7802 -122.3899 881.0 22.0
2.0 37.7484 -122.3968 916.0 23.0
2.0 37.7484 -122.3968 918.0 24.0
2.0 37.7036 -122.3941 937.0 25.0
3.0 37.6161 -122.3842 541.0 1.0
3.0 37.6152 -122.3901 664.0 2.0
3.0 37.6142 -122.3945 691.0 3.0
3.0 37.6152 -122.3902 701.0 4.0
3.0 37.7949 -122.4005 728.0 5.0
3.0 37.8010 -122.4047 747.0 6.0
3.0 37.7921 -122.4075 754.0 7.0
3.0 37.7916 -122.4106 760.0 8.0
3.0 37.7926 -122.3976 766.0 9.0
3.0 37.7914 -122.3917 772.0 10.0
3.0 37.7872 -122.4077 778.0 11.0
3.0 37.7902 -122.4309 788.0 12.0
3.0 37.7893 -122.4155 794.0 13.0
3.0 37.7895 -122.4141 796.0 14.0
3.0 37.7822 -122.4173 799.0 15.0
3.0 37.7719 -122.4253 807.0 16.0
3.0 37.7868 -122.4509 818.0 17.0
3.0 37.7869 -122.4618 822.0 18.0
3.0 37.7975 -122.4324 834.0 19.0
3.0 37.8030 -122.4200 851.0 20.0
3.0 37.8030 -122.4201 902.0 21.0
3.0 37.7867 -122.3980 996.0 22.0
3.0 37.7906 -122.4024 1005.0 23.0
3.0 37.8069 -122.4105 1016.0 24.0
3.0 37.8035 -122.4150 1019.0 25.0
4.0 37.6161 -122.3883 609.0 1.0
4.0 37.7927 -122.4021 630.0 2.0
4.0 37.6161 -122.3883 748.0 3.0
4.0 37.7881 -122.4106 766.0 4.0
4.0 37.7846 -122.4083 777.0 5.0
4.0 37.8004 -122.4171 784.0 6.0
4.0 37.7955 -122.4034 791.0 7.0
4.0 37.7862 -122.4245 805.0 8.0
4.0 37.7843 -122.4090 811.0 9.0
4.0 37.7928 -122.4186 818.0 10.0
4.0 37.6089 -122.3902 887.0 11.0
4.0 37.5543 -122.2552 904.0 12.0
4.0 37.6149 -122.3899 957.0 13.0
4.0 37.7900 -122.4260 1005.0 14.0
4.0 37.7878 -122.4082 1014.0 15.0
5.0 37.7697 -122.4488 546.0 1.0
5.0 37.7778 -122.4093 556.0 2.0
5.0 37.7753 -122.4193 561.0 3.0
5.0 37.7607 -122.4371 568.0 4.0
5.0 37.7697 -122.4498 575.0 5.0
5.0 37.8000 -122.4075 592.0 6.0
5.0 37.7864 -122.4549 622.0 7.0
5.0 37.7908 -122.4325 630.0 8.0
5.0 37.7774 -122.4552 675.0 9.0
5.0 37.7880 -122.4097 686.0 10.0
5.0 37.7708 -122.4407 719.0 11.0
5.0 37.7946 -122.3931 734.0 12.0
5.0 37.7933 -122.3933 740.0 13.0
5.0 37.7950 -122.4048 747.0 14.0
5.0 37.7656 -122.3891 840.0 15.0
5.0 37.8066 -122.4423 858.0 16.0
5.0 37.8084 -122.4100 874.0 17.0
5.0 37.7873 -122.4075 886.0 18.0
5.0 37.7866 -122.4083 887.0 19.0
5.0 37.7491 -122.4164 903.0 20.0
5.0 37.7473 -122.4138 909.0 21.0
5.0 37.7157 -122.4475 923.0 22.0
5.0 37.7250 -122.4345 930.0 23.0
5.0 37.7799 -122.4320 954.0 24.0
5.0 37.7899 -122.4056 964.0 25.0
5.0 37.7809 -122.3916 971.0 26.0
5.0 37.7764 -122.3958 979.0 27.0
5.0 37.7551 -122.4254 998.0 28.0
5.0 37.7587 -122.4212 1002.0 29.0
5.0 37.7733 -122.4215 1009.0 30.0
5.0 37.7752 -122.4192 1010.0 31.0
5.0 37.7730 -122.4323 1019.0 32.0
6.0 37.7157 -122.4023 693.0 1.0
6.0 37.7283 -122.3998 699.0 2.0
6.0 37.7182 -122.4645 709.0 3.0
6.0 37.7441 -122.4536 727.0 4.0
6.0 37.7632 -122.4076 741.0 5.0
6.0 37.7482 -122.4064 757.0 6.0
6.0 37.7711 -122.4030 766.0 7.0
6.0 37.7632 -122.4076 772.0 8.0
6.0 37.7451 -122.4527 784.0 9.0
6.0 37.7264 -122.4237 808.0 10.0
6.0 37.7256 -122.4235 834.0 11.0
6.0 37.7287 -122.4311 838.0 12.0
6.0 37.7473 -122.4210 860.0 13.0
6.0 37.7479 -122.4209 862.0 14.0
6.0 37.6736 -122.4802 880.0 15.0
6.0 37.7171 -122.4602 903.0 16.0
6.0 37.6179 -122.3874 921.0 17.0
6.0 37.7873 -122.4022 978.0 18.0
6.0 37.7983 -122.4167 988.0 19.0
6.0 37.7883 -122.4017 1002.0 20.0
6.0 37.7867 -122.4115 1008.0 21.0
6.0 37.7867 -122.4115 1009.0 22.0
6.0 37.7856 -122.4072 1011.0 23.0
lati longi low_tw
37.7883 -122.3917 621.0
37.7396 -122.4854 796.0
37.7666 -122.4059 899.0
37.7665 -122.4108 677.0
37.7441 -122.487 629.0
37.7638 -122.4339 931.0
37.7852 -122.3891 943.0
37.7627 -122.4054 515.0
37.766 -122.4369 897.0
37.7895 -122.3927 631.0
37.7727 -122.4369 700.0
37.745 -122.4836 702.0
37.7453 -122.4818 643.0
37.7889 -122.3894 580.0
37.7685 -122.4373 721.0
37.7442 -122.4834 653.0
37.7632 -122.4354 734.0
37.7669 -122.4332 814.0
37.7851 -122.3943 684.0
37.7645 -122.4096 910.0
37.7858 -122.3912 577.0
37.7676 -122.4069 864.0
37.7633 -122.435 677.0
37.7437 -122.48 710.0
37.7606 -122.4089 684.0
37.7412 -122.4826 918.0
37.7632 -122.4364 681.0
37.7442 -122.4865 631.0
37.7689 -122.4299 893.0
37.7671 -122.4336 535.0
37.7828 -122.3863 657.0
37.7432 -122.4793 833.0
37.7875 -122.386 681.0
37.7627 -122.4132 797.0
37.7684 -122.4315 831.0
37.7678 -122.4067 654.0
37.7672 -122.434 739.0
37.7418 -122.4863 779.0
37.7865 -122.3878 511.0
37.74 -122.4878 781.0
37.7691 -122.438 553.0
37.7449 -122.4837 824.0
37.7691 -122.4302 885.0
37.7679 -122.4049 595.0
37.7386 -122.4885 737.0
37.7818 -122.3884 773.0
37.7647 -122.4106 631.0
37.7039 -122.4419 836.0
37.771 -122.4317 739.0
37.7437 -122.4832 853.0
37.7681 -122.4392 502.0
37.7892 -122.3919 909.0
37.7605 -122.4137 932.0
37.7376 -122.4854 680.0
37.7378 -122.4802 862.0
37.7876 -122.3938 929.0
37.7703 -122.4349 585.0
37.7452 -122.4849 905.0
37.7074 -122.4432 541.0
37.7666 -122.433 856.0
37.7409 -122.4823 537.0
37.7453 -122.4886 518.0
37.7378 -122.486 677.0
37.7664 -122.4123 528.0
37.6996 -122.4432 665.0
37.762 -122.4039 678.0
37.7668 -122.4389 612.0
37.7429 -122.4808 487.0
37.7414 -122.482 637.0
37.7825 -122.3912 658.0
37.7543 -122.4621 621.0
37.7638 -122.4805 796.0
37.7974 -122.4862 899.0
37.6531 -122.4325 677.0
37.6538 -122.4088 629.0
37.6637 -122.4291 931.0
37.6602 -122.435 943.0
37.7183 -122.4479 515.0
37.6826 -122.4892 897.0
37.7295 -122.3934 631.0
37.6786 -122.4863 700.0
37.7011 -122.4866 702.0
37.795 -122.4423 643.0
37.6976 -122.457 580.0
37.7113 -122.4626 721.0
37.7005 -122.4491 653.0
37.7204 -122.4551 734.0
37.7096 -122.4789 814.0
37.6641 -122.4792 684.0
37.7601 -122.4541 910.0
37.7527 -122.4377 577.0
37.7278 -122.4889 864.0
37.7001 -122.4644 677.0
37.7488 -122.4806 710.0
37.7816 -122.4365 684.0
37.6977 -122.459 918.0
37.7925 -122.4119 681.0
37.7123 -122.4091 631.0
37.7208 -122.391 893.0
37.7239 -122.416 535.0
37.7401 -122.4417 657.0
37.6557 -122.4294 833.0
37.7334 -122.4824 681.0
37.6913 -122.4437 797.0
37.7081 -122.429 831.0
37.7554 -122.4738 654.0
37.6715 -122.4607 739.0
37.6616 -122.4138 779.0
37.7449 -122.4927 511.0
37.761 -122.4552 781.0
37.781 -122.4888 553.0
37.745 -122.4558 824.0
37.7442 -122.4772 885.0
37.6772 -122.4131 595.0
37.6513 -122.4626 737.0
37.696 -122.4852 773.0
37.7791 -122.4713 631.0
37.7547 -122.4308 836.0
37.6761 -122.4285 739.0
37.6827 -122.4688 853.0
37.7026 -122.4299 502.0
37.7452 -122.4768 909.0
37.7832 -122.3931 932.0
37.6872 -122.3936 680.0
37.6908 -122.4546 862.0
37.7384 -122.4553 929.0
37.7828 -122.4521 585.0
37.7252 -122.4195 905.0
37.7186 -122.448 541.0
37.6683 -122.427 856.0
37.6738 -122.4722 537.0
37.7659 -122.4388 518.0
37.6829 -122.4 677.0
37.7949 -122.4808 528.0
37.6681 -122.4108 665.0
37.7613 -122.4257 678.0
37.7768 -122.3975 612.0
37.7205 -122.4359 487.0
37.6753 -122.4614 637.0
37.7933 -122.4424 658.0
