cabid lati longi timestamp sequence
4.0 37.7891 -122.4081 805.0 8.0
4.0 37.7931 -122.3973 820.0 9.0
4.0 37.7883 -122.4466 833.0 10.0
4.0 37.7919 -122.4096 843.0 11.0
4.0 37.6164 -122.3884 870.0 12.0
4.0 37.7917 -122.4074 980.0 13.0
4.0 37.8077 -122.4190 989.0 14.0
4.0 37.8077 -122.4190 990.0 15.0
4.0 37.7919 -122.4125 998.0 16.0
4.0 37.7918 -122.4073 1003.0 17.0
4.0 37.7968 -122.3994 1010.0 18.0
5.0 37.7695 -122.4442 628.0 1.0
5.0 37.7541 -122.4394 636.0 2.0
5.0 37.7742 -122.4408 651.0 3.0
5.0 37.7637 -122.4572 657.0 4.0
5.0 37.7638 -122.4580 663.0 5.0
5.0 37.6179 -122.3868 714.0 6.0
5.0 37.6162 -122.3882 801.0 7.0
5.0 37.7514 -122.3943 819.0 8.0
5.0 37.7546 -122.4050 830.0 9.0
5.0 37.7523 -122.4181 839.0 10.0
5.0 37.7573 -122.4188 842.0 11.0
5.0 37.7959 -122.4293 858.0 12.0
5.0 37.7913 -122.3989 869.0 13.0
5.0 37.7689 -122.4277 879.0 14.0
5.0 37.7804 -122.4128 888.0 15.0
5.0 37.7732 -122.4031 894.0 16.0
5.0 37.7828 -122.3952 905.0 17.0
5.0 37.6157 -122.3915 924.0 18.0
5.0 37.7882 -122.4047 977.0 19.0
5.0 37.8000 -122.4075 984.0 20.0
5.0 37.7996 -122.4361 993.0 21.0
5.0 37.7813 -122.4609 1003.0 22.0
5.0 37.7875 -122.4624 1009.0 23.0
6.0 37.7942 -122.4232 542.0 1.0
6.0 37.7877 -122.4121 547.0 2.0
6.0 37.7772 -122.3948 555.0 3.0
6.0 37.7925 -122.3977 578.0 4.0
6.0 37.7806 -122.4188 588.0 5.0
6.0 37.7848 -122.4051 593.0 6.0
6.0 37.7872 -122.4013 610.0 7.0
6.0 37.7811 -122.4204 616.0 8.0
6.0 37.7817 -122.4227 622.0 9.0
6.0 37.7824 -122.4400 629.0 10.0
6.0 37.7845 -122.4397 631.0 11.0
6.0 37.7884 -122.4089 637.0 12.0
6.0 37.7858 -122.4049 690.0 13.0
6.0 37.6180 -122.3863 710.0 14.0
6.0 37.7484 -122.4119 944.0 15.0
6.0 37.7520 -122.4184 946.0 16.0
6.0 37.7520 -122.4184 947.0 17.0
6.0 37.7979 -122.4297 961.0 18.0
6.0 37.7972 -122.4355 964.0 19.0
6.0 37.7901 -122.4028 977.0 20.0
6.0 37.7903 -122.4016 978.0 21.0
6.0 37.7709 -122.4170 985.0 22.0
6.0 37.7855 -122.4001 1001.0 23.0
6.0 37.7947 -122.4255 1014.0 24.0
7.0 37.7848 -122.4086 947.0 1.0
7.0 37.7901 -122.4169 951.0 2.0
7.0 37.7859 -122.4107 963.0 3.0
7.0 37.7805 -122.3906 989.0 4.0
7.0 37.7765 -122.3957 996.0 5.0
7.0 37.7863 -122.4150 1006.0 6.0
7.0 37.7879 -122.4116 1009.0 7.0
1.0 37.7734 -122.4348 543.0 1.0
1.0 37.7868 -122.4506 555.0 2.0
1.0 37.7892 -122.4399 559.0 3.0
1.0 37.7980 -122.4009 572.0 4.0
1.0 37.7931 -122.4027 574.0 5.0
1.0 37.7981 -122.4271 581.0 6.0
1.0 37.7904 -122.4225 591.0 7.0
1.0 37.7886 -122.4102 596.0 8.0
1.0 37.7877 -122.4075 614.0 9.0
1.0 37.8064 -122.4191 621.0 10.0
1.0 37.8054 -122.4176 622.0 11.0
1.0 37.7885 -122.4071 629.0 12.0
1.0 37.7917 -122.4075 645.0 13.0
1.0 37.7873 -122.4034 651.0 14.0
1.0 37.7907 -122.4124 654.0 15.0
1.0 37.7814 -122.4205 660.0 16.0
1.0 37.7834 -122.4174 666.0 17.0
1.0 37.7681 -122.4160 673.0 18.0
1.0 37.7665 -122.4252 681.0 19.0
1.0 37.7841 -122.4076 688.0 20.0
1.0 37.7839 -122.4081 690.0 21.0
1.0 37.7761 -122.3939 696.0 22.0
1.0 37.7700 -122.4018 700.0 23.0
1.0 37.7755 -122.3973 702.0 24.0
1.0 37.7889 -122.4083 708.0 25.0
1.0 37.7917 -122.4073 735.0 26.0
1.0 37.6268 -122.4014 766.0 27.0
1.0 37.6150 -122.3901 829.0 28.0
1.0 37.5866 -122.4726 850.0 29.0
1.0 37.7178 -122.4821 888.0 30.0
1.0 37.7875 -122.4064 906.0 31.0
2.0 37.7521 -122.4191 544.0 1.0
2.0 37.7476 -122.4202 568.0 2.0
2.0 37.7781 -122.4183 578.0 3.0
2.0 37.7397 -122.4620 607.0 4.0
2.0 37.6162 -122.3901 627.0 5.0
2.0 37.7554 -122.4356 685.0 6.0
2.0 37.6164 -122.3909 705.0 7.0
2.0 37.7270 -122.4005 720.0 8.0
2.0 37.7854 -122.4060 734.0 9.0
2.0 37.7513 -122.4317 749.0 10.0
2.0 37.7586 -122.4194 753.0 11.0
2.0 37.7394 -122.4439 773.0 12.0
2.0 37.7845 -122.4401 791.0 13.0
3.0 37.6285 -122.4022 603.0 1.0
3.0 37.7924 -122.3991 622.0 2.0
3.0 37.7902 -122.4007 624.0 3.0
3.0 37.7719 -122.4308 639.0 4.0
3.0 37.6396 -122.4053 692.0 5.0
3.0 37.7896 -122.3947 709.0 6.0
3.0 37.7860 -122.4016 712.0 7.0
3.0 37.7785 -122.4150 723.0 8.0
3.0 37.7876 -122.4069 872.0 9.0
3.0 37.7850 -122.4271 881.0 10.0
3.0 37.7853 -122.4050 890.0 11.0
3.0 37.7866 -122.4024 893.0 12.0
3.0 37.7965 -122.4005 899.0 13.0
3.0 37.7891 -122.4072 904.0 14.0
3.0 37.7852 -122.4366 911.0 15.0
3.0 37.7875 -122.4294 918.0 16.0
3.0 37.6179 -122.3865 944.0 17.0
3.0 37.6169 -122.3878 1013.0 18.0
4.0 37.7881 -122.4167 557.0 1.0
4.0 37.7950 -122.4301 631.0 2.0
4.0 37.7621 -122.4619 645.0 3.0
lati longi low_tw
37.7339 -122.4312 591.0
37.737 -122.4323 723.0
37.7519 -122.4572 771.0
37.789 -122.4382 612.0
37.6995 -122.4084 679.0
37.6619 -122.4323 646.0
37.6571 -122.4321 934.0
37.7505 -122.4636 644.0
37.6544 -122.4316 710.0
37.7497 -122.4633 934.0
37.7482 -122.4543 870.0
37.7497 -122.4615 867.0
37.6607 -122.4282 539.0
37.6576 -122.4305 514.0
37.7487 -122.4558 947.0
37.662 -122.431 606.0
37.7355 -122.4287 792.0
37.7063 -122.4042 495.0
37.7015 -122.41 919.0
37.7057 -122.4069 751.0
37.6563 -122.4294 680.0
37.6579 -122.4321 721.0
37.7456 -122.4569 904.0
37.7538 -122.4555 492.0
37.7514 -122.4633 898.0
37.6598 -122.4287 498.0
37.6579 -122.4239 827.0
37.7003 -122.4073 863.0
37.6558 -122.4302 523.0
37.6618 -122.4277 505.0
37.7891 -122.4348 875.0
37.788 -122.4366 789.0
37.6547 -122.4286 618.0
37.7395 -122.427 922.0
37.7477 -122.4623 809.0
37.6563 -122.4279 485.0
37.74 -122.432 576.0
37.7452 -122.4609 618.0
37.6609 -122.4259 503.0
37.7399 -122.4283 756.0
37.7597 -122.4452 591.0
37.7318 -122.4022 723.0
37.6942 -122.4699 771.0
37.7819 -122.4205 612.0
37.6716 -122.4556 679.0
37.7543 -122.4432 646.0
37.7588 -122.392 934.0
37.7405 -122.4519 644.0
37.6755 -122.4083 710.0
37.7064 -122.4741 934.0
37.6705 -122.4825 870.0
37.7623 -122.4945 867.0
37.6703 -122.403 539.0
37.7751 -122.4179 514.0
37.7678 -122.4774 947.0
37.7073 -122.4314 606.0
37.7315 -122.4674 792.0
37.6873 -122.4818 495.0
37.6942 -122.4567 919.0
37.7079 -122.3975 751.0
37.7488 -122.4095 680.0
37.6633 -122.4709 721.0
37.778 -122.478 904.0
37.6598 -122.4191 492.0
37.6659 -122.4011 898.0
37.684 -122.4388 498.0
37.7954 -122.4282 827.0
37.7629 -122.4449 863.0
37.752 -122.4079 523.0
37.777 -122.4998 505.0
37.7322 -122.4655 875.0
37.6635 -122.4707 789.0
37.6804 -122.4463 618.0
37.797 -122.489 922.0
37.6777 -122.444 809.0
37.7739 -122.494 485.0
37.7958 -122.467 576.0
37.7129 -122.4995 618.0
37.6718 -122.419 503.0
37.7781 -122.4185 756.0
