cabid lati longi timestamp sequence
1.0 37.6162 -122.3883 545.0 1.0
1.0 37.7864 -122.4046 565.0 2.0
1.0 37.7716 -122.3987 586.0 3.0
1.0 37.7858 -122.4382 604.0 4.0
1.0 37.7830 -122.4275 613.0 5.0
1.0 37.7834 -122.4406 616.0 6.0
1.0 37.7816 -122.4462 630.0 7.0
1.0 37.7814 -122.4461 631.0 8.0
1.0 37.7850 -122.4420 638.0 9.0
1.0 37.7810 -122.4638 645.0 10.0
1.0 37.7215 -122.4562 667.0 11.0
1.0 37.7235 -122.4562 675.0 12.0
1.0 37.7544 -122.5023 690.0 13.0
1.0 37.7729 -122.4799 705.0 14.0
1.0 37.7875 -122.4058 723.0 15.0
1.0 37.7924 -122.3951 760.0 16.0
1.0 37.7794 -122.4185 767.0 17.0
1.0 37.7792 -122.4184 768.0 18.0
1.0 37.7902 -122.4036 776.0 19.0
1.0 37.7917 -122.3984 830.0 20.0
1.0 37.7895 -122.4082 838.0 21.0
1.0 37.7979 -122.4144 845.0 22.0
1.0 37.7992 -122.4088 851.0 23.0
1.0 37.8014 -122.4022 854.0 24.0
2.0 37.7760 -122.4211 682.0 1.0
2.0 37.8082 -122.4161 698.0 2.0
2.0 37.7996 -122.4093 702.0 3.0
2.0 37.7863 -122.4130 709.0 4.0
2.0 37.7934 -122.3988 724.0 5.0
2.0 37.7887 -122.4101 729.0 6.0
2.0 37.6793 -122.3884 770.0 7.0
2.0 37.7952 -122.4049 787.0 8.0
2.0 37.7955 -122.4033 788.0 9.0
2.0 37.7836 -122.4406 801.0 10.0
2.0 37.7795 -122.4320 806.0 11.0
2.0 37.7255 -122.4341 825.0 12.0
2.0 37.6507 -122.4068 862.0 13.0
2.0 37.7947 -122.4006 878.0 14.0
2.0 37.6019 -122.3795 937.0 15.0
2.0 37.6004 -122.3840 954.0 16.0
2.0 37.6039 -122.3825 970.0 17.0
3.0 37.7296 -122.4032 552.0 1.0
3.0 37.8021 -122.4019 566.0 2.0
3.0 37.7917 -122.4027 587.0 3.0
3.0 37.6179 -122.3871 614.0 4.0
3.0 37.6119 -122.3955 721.0 5.0
3.0 37.4257 -122.0977 743.0 6.0
3.0 37.7894 -122.4023 815.0 7.0
3.0 37.7906 -122.4324 829.0 8.0
3.0 37.7902 -122.4207 837.0 9.0
3.0 37.7886 -122.3928 846.0 10.0
3.0 37.7766 -122.3956 972.0 11.0
3.0 37.7766 -122.3958 974.0 12.0
3.0 37.7717 -122.4019 977.0 13.0
3.0 37.7874 -122.4111 985.0 14.0
3.0 37.7995 -122.4093 991.0 15.0
3.0 37.7948 -122.4002 996.0 16.0
3.0 37.7848 -122.3899 1001.0 17.0
3.0 37.7821 -122.3925 1007.0 18.0
3.0 37.7797 -122.3949 1013.0 19.0
4.0 37.7877 -122.3998 550.0 1.0
4.0 37.7847 -122.4093 555.0 2.0
4.0 37.7860 -122.4121 559.0 3.0
4.0 37.7876 -122.4117 566.0 4.0
4.0 37.8030 -122.4021 573.0 5.0
4.0 37.7906 -122.4208 609.0 6.0
4.0 37.7864 -122.4078 617.0 7.0
4.0 37.7652 -122.4194 627.0 8.0
4.0 37.7836 -122.4082 636.0 9.0
4.0 37.7869 -122.4189 645.0 10.0
4.0 37.7773 -122.4087 653.0 11.0
4.0 37.7782 -122.4099 655.0 12.0
4.0 37.7866 -122.4052 663.0 13.0
4.0 37.7874 -122.4104 666.0 14.0
4.0 37.7839 -122.4377 671.0 15.0
4.0 37.7830 -122.4321 678.0 16.0
4.0 37.7781 -122.4279 683.0 17.0
4.0 37.7820 -122.4279 693.0 18.0
4.0 37.7799 -122.4152 698.0 19.0
4.0 37.7845 -122.4068 708.0 20.0
4.0 37.7918 -122.4072 717.0 21.0
4.0 37.7951 -122.4013 744.0 22.0
4.0 37.7901 -122.4058 751.0 23.0
4.0 37.7936 -122.4017 756.0 24.0
4.0 37.7904 -122.4225 762.0 25.0
4.0 37.8027 -122.4295 783.0 26.0
4.0 37.6179 -122.3857 810.0 27.0
4.0 37.7460 -122.3873 847.0 28.0
4.0 37.7815 -122.4654 866.0 29.0
4.0 37.7860 -122.4572 870.0 30.0
4.0 37.8025 -122.4306 887.0 31.0
4.0 37.7860 -122.4197 922.0 32.0
4.0 37.7637 -122.3977 932.0 33.0
5.0 37.6165 -122.3880 540.0 1.0
5.0 37.6426 -122.4663 554.0 2.0
5.0 37.6165 -122.3879 598.0 3.0
5.0 37.7902 -122.4032 617.0 4.0
5.0 37.6160 -122.3883 734.0 5.0
5.0 37.5076 -122.2514 748.0 6.0
5.0 37.6154 -122.3902 776.0 7.0
5.0 37.8033 -122.4104 802.0 8.0
5.0 37.8084 -122.4101 811.0 9.0
5.0 37.7850 -122.4349 827.0 10.0
5.0 37.7843 -122.4402 833.0 11.0
5.0 37.7797 -122.4385 841.0 12.0
5.0 37.7849 -122.4207 848.0 13.0
5.0 37.7918 -122.3942 863.0 14.0
5.0 37.7398 -122.4240 914.0 15.0
5.0 37.7409 -122.4229 915.0 16.0
5.0 37.7608 -122.4259 925.0 17.0
5.0 37.7866 -122.3978 937.0 18.0
5.0 37.7899 -122.4052 941.0 19.0
5.0 37.6177 -122.3872 971.0 20.0
5.0 37.7112 -122.3920 988.0 21.0
5.0 37.8064 -122.4151 1013.0 22.0
6.0 37.6657 -122.3854 724.0 1.0
6.0 37.6648 -122.3855 725.0 2.0
6.0 37.6611 -122.4031 746.0 3.0
6.0 37.7859 -122.4019 759.0 4.0
6.0 37.7857 -122.4096 778.0 5.0
6.0 37.8082 -122.4166 790.0 6.0
6.0 37.7943 -122.4034 797.0 7.0
6.0 37.7893 -122.3917 807.0 8.0
6.0 37.7858 -122.4098 833.0 9.0
6.0 37.7853 -122.3982 840.0 10.0
6.0 37.7875 -122.4032 844.0 11.0
6.0 37.7687 -122.4131 854.0 12.0
6.0 37.7963 -122.4122 866.0 13.0
6.0 37.7855 -122.4096 887.0 14.0
6.0 37.6878 -122.3903 914.0 15.0
lati longi low_tw
37.7599 -122.477 801.0
37.719 -122.4238 767.0
37.7955 -122.4216 656.0
37.7188 -122.4217 939.0
37.7589 -122.4814 553.0
37.7588 -122.4853 529.0
37.7579 -122.4806 556.0
37.7931 -122.42 855.0
37.7141 -122.4296 822.0
37.7955 -122.4225 656.0
37.7253 -122.3998 768.0
37.7254 -122.4037 960.0
37.7641 -122.4719 890.0
37.7605 -122.4814 938.0
37.7875 -122.4193 523.0
37.7586 -122.4801 922.0
37.7608 -122.4755 854.0
37.7563 -122.4785 879.0
37.7901 -122.423 586.0
37.7557 -122.4805 846.0
37.7915 -122.4178 714.0
37.7205 -122.424 615.0
37.7638 -122.4796 576.0
37.7613 -122.4735 527.0
37.7898 -122.417 769.0
37.7138 -122.4308 558.0
37.7623 -122.4737 643.0
37.7874 -122.423 628.0
37.7631 -122.4753 937.0
37.7896 -122.4212 619.0
37.7967 -122.4174 648.0
37.7267 -122.4001 912.0
37.717 -122.4276 944.0
37.7621 -122.4747 751.0
37.7526 -122.4866 726.0
37.7587 -122.4874 491.0
37.7574 -122.4732 674.0
37.7564 -122.4726 522.0
37.759 -122.4809 700.0
37.7632 -122.4783 771.0
37.7612 -122.4817 628.0
37.7283 -122.3989 569.0
37.7533 -122.4786 749.0
37.7622 -122.4747 487.0
37.7626 -122.4812 793.0
37.7621 -122.4738 884.0
37.791 -122.4172 575.0
37.7886 -122.416 865.0
37.7226 -122.4079 611.0
37.7616 -122.4744 698.0
37.7935 -122.4195 495.0
37.7896 -122.42 692.0
37.7601 -122.4801 589.0
37.7239 -122.4009 799.0
37.7918 -122.417 915.0
37.7613 -122.4777 951.0
37.7148 -122.423 770.0
37.7892 -122.4166 683.0
37.7551 -122.4878 939.0
37.7581 -122.479 898.0
37.7503 -122.4491 801.0
37.6977 -122.4707 767.0
37.7201 -122.4517 656.0
37.6872 -122.4526 939.0
37.7569 -122.4391 553.0
37.7476 -122.4671 529.0
37.784 -122.4696 556.0
37.7967 -122.4033 855.0
37.6603 -122.4671 822.0
37.7434 -122.4423 656.0
37.7238 -122.43 768.0
37.779 -122.4162 960.0
37.6899 -122.4024 890.0
37.765 -122.4969 938.0
37.652 -122.4775 523.0
37.7982 -122.4547 922.0
37.6656 -122.3965 854.0
37.7659 -122.4352 879.0
37.7519 -122.4756 586.0
37.7626 -122.4097 846.0
37.7061 -122.4035 714.0
37.6661 -122.4224 615.0
37.7106 -122.4282 576.0
37.681 -122.4631 527.0
37.681 -122.4604 769.0
37.7064 -122.467 558.0
37.7935 -122.4575 643.0
37.7192 -122.4232 628.0
37.6638 -122.4591 937.0
37.7379 -122.418 619.0
37.7593 -122.3997 648.0
37.7622 -122.4757 912.0
37.7188 -122.4106 944.0
37.6877 -122.4112 751.0
37.7275 -122.4394 726.0
37.7583 -122.4371 491.0
37.6702 -122.4507 674.0
37.7183 -122.3989 522.0
37.7601 -122.4882 700.0
37.7215 -122.4186 771.0
37.7317 -122.4217 628.0
37.6658 -122.4569 569.0
37.7981 -122.4535 749.0
37.7483 -122.398 487.0
37.6786 -122.396 793.0
37.75 -122.4549 884.0
37.7692 -122.435 575.0
37.7749 -122.4279 865.0
37.7909 -122.3972 611.0
37.6892 -122.4445 698.0
37.7712 -122.4518 495.0
37.7856 -122.3952 692.0
37.7179 -122.4561 589.0
37.7845 -122.3908 799.0
37.7187 -122.3983 915.0
37.7751 -122.4516 951.0
37.7669 -122.4182 770.0
37.7872 -122.4067 683.0
37.6994 -122.4824 939.0
37.7396 -122.495 898.0
