cabid lati longi timestamp sequence
1.0 37.7699 -122.4333 545.0 1.0
1.0 37.7872 -122.4085 555.0 2.0
1.0 37.7866 -122.4529 614.0 3.0
1.0 37.6605 -122.4773 639.0 4.0
1.0 37.7749 -122.4531 667.0 5.0
1.0 37.7591 -122.4374 676.0 6.0
1.0 37.7576 -122.4355 679.0 7.0
1.0 37.7761 -122.4215 689.0 8.0
1.0 37.7993 -122.4088 709.0 9.0
1.0 37.7935 -122.4125 713.0 10.0
1.0 37.7880 -122.4189 720.0 11.0
2.0 37.7791 -122.3973 777.0 1.0
2.0 37.7909 -122.4340 793.0 2.0
2.0 37.7879 -122.4080 822.0 3.0
2.0 37.8007 -122.4446 833.0 4.0
2.0 37.8049 -122.4351 846.0 5.0
2.0 37.6154 -122.3846 873.0 6.0
2.0 37.6646 -122.3978 907.0 7.0
2.0 37.8063 -122.4157 967.0 8.0
2.0 37.8077 -122.4202 972.0 9.0
2.0 37.7860 -122.4221 983.0 10.0
2.0 37.7876 -122.4083 994.0 11.0
2.0 37.8090 -122.4180 1004.0 12.0
2.0 37.8061 -122.4183 1011.0 13.0
3.0 37.6178 -122.3865 645.0 1.0
3.0 37.7845 -122.4094 663.0 2.0
3.0 37.7299 -122.4450 677.0 3.0
3.0 37.7489 -122.4182 690.0 4.0
3.0 37.7489 -122.4206 692.0 5.0
3.0 37.7464 -122.4125 697.0 6.0
3.0 37.7936 -122.4013 713.0 7.0
3.0 37.8057 -122.4055 718.0 8.0
3.0 37.7925 -122.4036 730.0 9.0
3.0 37.7976 -122.4137 735.0 10.0
3.0 37.7888 -122.3985 771.0 11.0
3.0 37.7980 -122.4359 785.0 12.0
3.0 37.7921 -122.4261 789.0 13.0
3.0 37.7867 -122.4255 790.0 14.0
3.0 37.7578 -122.4019 835.0 15.0
3.0 37.7883 -122.4035 844.0 16.0
3.0 37.7919 -122.4030 853.0 17.0
3.0 37.8007 -122.4210 859.0 18.0
3.0 37.8010 -122.4228 885.0 19.0
3.0 37.6180 -122.3867 916.0 20.0
3.0 37.7659 -122.4068 970.0 21.0
3.0 37.7865 -122.4115 982.0 22.0
3.0 37.7933 -122.4003 997.0 23.0
3.0 37.7842 -122.4224 1008.0 24.0
3.0 37.7883 -122.4090 1013.0 25.0
3.0 37.7874 -122.4035 1019.0 26.0
4.0 37.6162 -122.3883 545.0 1.0
4.0 37.7864 -122.4046 565.0 2.0
4.0 37.7716 -122.3987 586.0 3.0
4.0 37.7858 -122.4382 604.0 4.0
4.0 37.7830 -122.4275 613.0 5.0
4.0 37.7834 -122.4406 616.0 6.0
4.0 37.7816 -122.4462 630.0 7.0
4.0 37.7814 -122.4461 631.0 8.0
4.0 37.7850 -122.4420 638.0 9.0
4.0 37.7810 -122.4638 645.0 10.0
4.0 37.7215 -122.4562 667.0 11.0
4.0 37.7235 -122.4562 675.0 12.0
4.0 37.7544 -122.5023 690.0 13.0
4.0 37.7729 -122.4799 705.0 14.0
4.0 37.7875 -122.4058 723.0 15.0
4.0 37.7924 -122.3951 760.0 16.0
4.0 37.7794 -122.4185 767.0 17.0
4.0 37.7792 -122.4184 768.0 18.0
4.0 37.7902 -122.4036 776.0 19.0
4.0 37.7917 -122.3984 830.0 20.0
4.0 37.7895 -122.4082 838.0 21.0
4.0 37.7979 -122.4144 845.0 22.0
4.0 37.7992 -122.4088 851.0 23.0
4.0 37.8014 -122.4022 854.0 24.0
4.0 37.7899 -122.3999 858.0 25.0
4.0 37.7899 -122.4000 859.0 26.0
4.0 37.7885 -122.4102 862.0 27.0
4.0 37.7898 -122.3997 869.0 28.0
4.0 37.6149 -122.3853 890.0 29.0
4.0 37.7767 -122.3954 991.0 30.0
4.0 37.7905 -122.4085 1000.0 31.0
4.0 37.7882 -122.4068 1004.0 32.0
4.0 37.7848 -122.4001 1013.0 33.0
4.0 37.7872 -122.4031 1015.0 34.0
5.0 37.7255 -122.4341 825.0 1.0
5.0 37.6507 -122.4068 862.0 2.0
5.0 37.7947 -122.4006 878.0 3.0
5.0 37.6019 -122.3795 937.0 4.0
5.0 37.6004 -122.3840 954.0 5.0
5.0 37.6039 -122.3825 970.0 6.0
lati longi low_tw
37.7232 -122.4006 767.0
37.7546 -122.475 656.0
37.7094 -122.4782 939.0
37.6986 -122.3972 553.0
37.7519 -122.4978 529.0
37.7701 -122.4245 556.0
37.6567 -122.4263 855.0
37.7595 -122.4242 822.0
37.6893 -122.4606 656.0
37.7669 -122.4423 768.0
37.7349 -122.4426 960.0
37.6594 -122.413 890.0
37.6782 -122.4579 938.0
37.7715 -122.4148 523.0
37.7886 -122.427 922.0
37.784 -122.4951 854.0
37.7011 -122.4445 879.0
37.7679 -122.4817 586.0
37.799 -122.4223 846.0
37.7856 -122.4668 714.0
37.7259 -122.3904 615.0
37.7321 -122.4078 576.0
37.7569 -122.4811 527.0
37.7594 -122.4447 769.0
37.7458 -122.4218 558.0
37.7216 -122.4996 643.0
37.7067 -122.419 628.0
37.6767 -122.424 937.0
37.7125 -122.4768 619.0
37.7422 -122.4342 648.0
37.7554 -122.4033 912.0
37.7765 -122.4724 944.0
37.7637 -122.4785 751.0
37.6841 -122.4625 726.0
37.7321 -122.4819 491.0
37.7249 -122.4154 674.0
37.7671 -122.3904 522.0
37.6761 -122.3979 700.0
37.7481 -122.4619 771.0
37.7722 -122.4313 628.0
37.6501 -122.4093 569.0
37.7658 -122.4703 749.0
37.7486 -122.4553 487.0
37.6828 -122.4293 793.0
37.7134 -122.4923 884.0
37.7613 -122.4876 575.0
37.7205 -122.4842 865.0
37.6596 -122.4447 611.0
37.7078 -122.4714 698.0
37.7445 -122.4681 495.0
37.6722 -122.4019 692.0
37.6771 -122.4204 589.0
37.7579 -122.4015 799.0
37.7707 -122.4073 915.0
37.7789 -122.4588 951.0
37.6592 -122.492 770.0
37.6698 -122.4726 683.0
37.7635 -122.4658 939.0
37.7607 -122.4288 898.0
37.7612 -122.4817 803.0
37.7283 -122.3989 767.0
37.7533 -122.4786 656.0
37.7622 -122.4747 939.0
37.7626 -122.4812 553.0
37.7621 -122.4738 529.0
37.791 -122.4172 556.0
37.7886 -122.416 855.0
37.7226 -122.4079 822.0
37.7616 -122.4744 656.0
37.7935 -122.4195 768.0
37.7896 -122.42 960.0
37.7601 -122.4801 890.0
37.7239 -122.4009 938.0
37.7918 -122.417 523.0
37.7613 -122.4777 922.0
37.7148 -122.423 854.0
37.7892 -122.4166 879.0
37.7551 -122.4878 586.0
37.7581 -122.479 846.0
37.7612 -122.4787 714.0
37.7605 -122.4762 615.0
37.7572 -122.4813 576.0
37.7939 -122.4178 527.0
37.7292 -122.3989 769.0
37.7127 -122.4245 558.0
37.7922 -122.4199 643.0
37.7601 -122.486 628.0
37.7526 -122.4808 937.0
37.7221 -122.4007 619.0
37.7278 -122.4077 648.0
37.7197 -122.4274 912.0
37.7636 -122.4743 944.0
37.7552 -122.4872 751.0
37.715 -122.4275 726.0
37.7536 -122.4818 491.0
37.7579 -122.4847 674.0
37.7654 -122.4757 522.0
37.7905 -122.4239 700.0
37.7617 -122.4793 771.0
37.7567 -122.4744 628.0
37.7604 -122.48 569.0
37.7534 -122.4833 749.0
37.7947 -122.4205 487.0
37.757 -122.4839 793.0
37.7194 -122.4226 884.0
37.79 -122.4193 575.0
37.7526 -122.4823 865.0
37.7277 -122.4021 611.0
37.7139 -122.4309 698.0
37.7617 -122.4739 495.0
37.7958 -122.4213 692.0
37.7226 -122.4061 589.0
37.7955 -122.4192 799.0
37.7224 -122.4042 915.0
37.7964 -122.4247 951.0
37.7882 -122.4165 770.0
37.7952 -122.4222 683.0
37.7235 -122.4054 939.0
37.7618 -122.4723 898.0
37.721 -122.4405 803.0
