cabid lati longi timestamp sequence
1.0 37.7905 -122.4058 540.0 1.0
2.0 37.6247 -122.4011 613.0 1.0
2.0 37.8067 -122.4106 633.0 2.0
2.0 37.8060 -122.4179 639.0 3.0
2.0 37.7965 -122.4022 646.0 4.0
2.0 37.7929 -122.3961 659.0 5.0
2.0 37.7989 -122.4083 668.0 6.0
2.0 37.7945 -122.3998 683.0 7.0
2.0 37.8012 -122.4018 688.0 8.0
2.0 37.7947 -122.3977 709.0 9.0
2.0 37.7953 -122.2695 726.0 10.0
2.0 37.7949 -122.3976 759.0 11.0
2.0 37.7892 -122.4106 766.0 12.0
2.0 37.7885 -122.4056 769.0 13.0
2.0 37.7914 -122.3943 775.0 14.0
2.0 37.7909 -122.4041 789.0 15.0
2.0 37.7897 -122.4137 792.0 16.0
2.0 37.7885 -122.4047 795.0 17.0
2.0 37.7725 -122.4041 805.0 18.0
2.0 37.7854 -122.3965 817.0 19.0
2.0 37.8000 -122.4411 832.0 20.0
2.0 37.8004 -122.4396 833.0 21.0
2.0 37.7965 -122.4252 837.0 22.0
2.0 37.7959 -122.4215 842.0 23.0
2.0 37.7947 -122.4007 847.0 24.0
2.0 37.6088 -122.3903 904.0 25.0
2.0 37.5577 -122.2869 927.0 26.0
2.0 37.6177 -122.3864 999.0 27.0
3.0 37.7575 -122.4090 577.0 1.0
3.0 37.6820 -122.3888 619.0 2.0
3.0 37.7833 -122.4404 712.0 3.0
3.0 37.7239 -122.4359 740.0 4.0
3.0 37.7577 -122.4191 755.0 5.0
3.0 37.7927 -122.4334 768.0 6.0
3.0 37.7859 -122.4333 772.0 7.0
3.0 37.7408 -122.4310 790.0 8.0
3.0 37.7422 -122.4252 803.0 9.0
3.0 37.7226 -122.4442 809.0 10.0
3.0 37.7209 -122.4355 821.0 11.0
3.0 37.7613 -122.4277 833.0 12.0
3.0 37.7926 -122.4031 994.0 13.0
3.0 37.7858 -122.4249 1002.0 14.0
3.0 37.7854 -122.4164 1006.0 15.0
3.0 37.7671 -122.4002 1015.0 16.0
4.0 37.6132 -122.3842 616.0 1.0
4.0 37.7449 -122.4400 642.0 2.0
4.0 37.7882 -122.4034 662.0 3.0
4.0 37.7910 -122.3994 664.0 4.0
4.0 37.6150 -122.3851 683.0 5.0
4.0 37.6172 -122.3875 773.0 6.0
4.0 37.7831 -122.4178 790.0 7.0
4.0 37.7873 -122.4168 794.0 8.0
4.0 37.7764 -122.4179 799.0 9.0
4.0 37.7882 -122.4030 811.0 10.0
4.0 37.7869 -122.3881 820.0 11.0
4.0 37.7831 -122.3892 825.0 12.0
4.0 37.6180 -122.3865 842.0 13.0
4.0 37.7886 -122.4056 999.0 14.0
4.0 37.7858 -122.4211 1003.0 15.0
4.0 37.7721 -122.4141 1018.0 16.0
5.0 37.7767 -122.3955 542.0 1.0
5.0 37.7923 -122.4061 552.0 2.0
5.0 37.7610 -122.4306 586.0 3.0
5.0 37.7882 -122.4166 601.0 4.0
5.0 37.7926 -122.4335 615.0 5.0
5.0 37.7576 -122.4189 625.0 6.0
5.0 37.7624 -122.4351 638.0 7.0
5.0 37.7945 -122.4029 654.0 8.0
5.0 37.7929 -122.4009 656.0 9.0
5.0 37.7890 -122.4117 661.0 10.0
5.0 37.7848 -122.4001 694.0 11.0
5.0 37.7742 -122.4294 700.0 12.0
5.0 37.7738 -122.4396 710.0 13.0
5.0 37.8057 -122.4130 727.0 14.0
5.0 37.8054 -122.4119 728.0 15.0
5.0 37.7968 -122.4049 734.0 16.0
5.0 37.7930 -122.3928 760.0 17.0
5.0 37.6548 -122.3817 779.0 18.0
5.0 37.7900 -122.4040 823.0 19.0
5.0 37.7855 -122.4380 832.0 20.0
5.0 37.7912 -122.4020 875.0 21.0
5.0 37.7802 -122.3899 881.0 22.0
5.0 37.7484 -122.3968 916.0 23.0
5.0 37.7484 -122.3968 918.0 24.0
5.0 37.7036 -122.3941 937.0 25.0
6.0 37.8030 -122.4201 902.0 1.0
6.0 37.7867 -122.3980 996.0 2.0
6.0 37.7906 -122.4024 1005.0 3.0
6.0 37.8069 -122.4105 1016.0 4.0
6.0 37.8035 -122.4150 1019.0 5.0
lati longi low_tw
37.7631 -122.4397 796.0
37.7597 -122.4138 899.0
37.7355 -122.4891 677.0
37.781 -122.3951 629.0
37.7834 -122.4702 931.0
37.7011 -122.4632 943.0
37.7108 -122.4304 515.0
37.7156 -122.4664 897.0
37.7688 -122.4446 631.0
37.7525 -122.4226 700.0
37.7762 -122.4845 702.0
37.6812 -122.4116 643.0
37.6608 -122.4527 580.0
37.798 -122.437 721.0
37.741 -122.4438 653.0
37.6962 -122.4819 734.0
37.6794 -122.4229 814.0
37.6911 -122.499 684.0
37.7773 -122.4167 910.0
37.689 -122.496 577.0
37.6913 -122.4838 864.0
37.7915 -122.4501 677.0
37.7571 -122.498 710.0
37.7587 -122.4911 684.0
37.7685 -122.4525 918.0
37.6828 -122.4498 681.0
37.685 -122.4588 631.0
37.7803 -122.4524 893.0
37.6881 -122.391 535.0
37.7131 -122.4225 657.0
37.7082 -122.4612 833.0
37.7971 -122.4358 681.0
37.6622 -122.4421 797.0
37.7227 -122.4357 831.0
37.7919 -122.4427 654.0
37.7084 -122.4352 739.0
37.7689 -122.4656 779.0
37.6707 -122.393 511.0
37.72 -122.4699 781.0
37.772 -122.4901 553.0
37.7353 -122.4002 824.0
37.7235 -122.475 885.0
37.7345 -122.4617 595.0
37.6933 -122.3918 737.0
37.6981 -122.4626 773.0
37.7798 -122.4185 631.0
37.7029 -122.4546 836.0
37.7957 -122.407 739.0
37.7108 -122.4561 853.0
37.7843 -122.41 502.0
37.7825 -122.475 909.0
37.7656 -122.4974 932.0
37.7919 -122.4621 680.0
37.7867 -122.4484 862.0
37.6952 -122.3959 929.0
37.6928 -122.4487 585.0
37.7727 -122.4497 905.0
37.7722 -122.4674 541.0
37.6969 -122.4353 856.0
37.715 -122.4289 803.0
37.721 -122.3953 796.0
37.699 -122.387 899.0
37.7128 -122.3948 677.0
37.7179 -122.3916 629.0
37.7095 -122.4291 931.0
37.7042 -122.4225 943.0
37.7068 -122.4276 515.0
37.6766 -122.3978 897.0
37.6967 -122.3865 631.0
37.7118 -122.3952 700.0
37.7132 -122.3929 702.0
37.6976 -122.3833 643.0
37.7105 -122.4301 580.0
37.6765 -122.3904 721.0
37.7173 -122.4001 653.0
37.6756 -122.3966 734.0
37.7178 -122.3986 814.0
37.7082 -122.424 684.0
37.7133 -122.3937 910.0
37.7155 -122.4255 577.0
37.7079 -122.426 864.0
37.7148 -122.3974 677.0
37.698 -122.3862 710.0
37.6981 -122.3818 684.0
37.6745 -122.3964 918.0
37.7161 -122.3941 681.0
37.7122 -122.3996 631.0
37.7173 -122.3986 893.0
37.7014 -122.427 535.0
37.6753 -122.3913 657.0
37.6997 -122.3857 833.0
37.7005 -122.39 681.0
37.7146 -122.4286 797.0
37.6993 -122.3817 831.0
37.6912 -122.3876 654.0
37.6693 -122.3977 739.0
37.712 -122.3968 779.0
37.7129 -122.433 511.0
37.7041 -122.4304 781.0
37.7201 -122.3975 553.0
37.7085 -122.4259 824.0
37.7174 -122.3968 885.0
37.6944 -122.3861 595.0
37.7136 -122.4312 737.0
37.692 -122.3834 773.0
37.6969 -122.3847 631.0
37.7128 -122.4262 836.0
37.7181 -122.3943 739.0
37.6998 -122.3873 853.0
37.7176 -122.3914 502.0
37.7155 -122.3992 909.0
37.7077 -122.4302 932.0
37.7173 -122.3962 680.0
37.6711 -122.3931 862.0
37.6938 -122.3866 929.0
37.7112 -122.4281 585.0
37.6925 -122.3851 905.0
37.6697 -122.3923 541.0
37.7062 -122.4247 856.0
37.6755 -122.4504 803.0
