cabid lati longi timestamp sequence
3.0 37.7939 -122.4313 736.0 9.0
3.0 37.7944 -122.4019 750.0 10.0
3.0 37.7921 -122.4069 755.0 11.0
3.0 37.7998 -122.4157 760.0 12.0
3.0 37.7899 -122.4257 768.0 13.0
3.0 37.7955 -122.3990 788.0 14.0
3.0 37.7946 -122.3995 790.0 15.0
3.0 37.7879 -122.4014 797.0 16.0
3.0 37.7873 -122.4004 798.0 17.0
3.0 37.7740 -122.3990 805.0 18.0
3.0 37.7740 -122.3990 809.0 19.0
3.0 37.7884 -122.4087 817.0 20.0
3.0 37.7892 -122.4088 818.0 21.0
3.0 37.7998 -122.4375 827.0 22.0
3.0 37.7970 -122.4364 838.0 23.0
3.0 37.7875 -122.4404 843.0 24.0
3.0 37.7733 -122.4376 849.0 25.0
3.0 37.7791 -122.4519 911.0 26.0
3.0 37.8083 -122.4099 927.0 27.0
3.0 37.8066 -122.4206 931.0 28.0
3.0 37.7880 -122.4109 940.0 29.0
3.0 37.7903 -122.3936 956.0 30.0
3.0 37.8012 -122.4229 966.0 31.0
3.0 37.7971 -122.4280 970.0 32.0
3.0 37.7982 -122.4073 978.0 33.0
3.0 37.7966 -122.4006 982.0 34.0
3.0 37.7868 -122.4109 990.0 35.0
3.0 37.7867 -122.4047 993.0 36.0
3.0 37.7959 -122.3943 1001.0 37.0
3.0 37.7959 -122.3943 1002.0 38.0
3.0 37.8057 -122.4223 1010.0 39.0
3.0 37.8005 -122.4104 1014.0 40.0
3.0 37.7979 -122.4220 1017.0 41.0
4.0 37.7709 -122.4204 906.0 1.0
4.0 37.7855 -122.4225 915.0 2.0
4.0 37.7852 -122.4326 917.0 3.0
4.0 37.7677 -122.4534 925.0 4.0
4.0 37.7635 -122.4583 928.0 5.0
4.0 37.7892 -122.4340 959.0 6.0
4.0 37.7924 -122.4033 968.0 7.0
4.0 37.7931 -122.3996 971.0 8.0
4.0 37.7812 -122.4333 986.0 9.0
4.0 37.7922 -122.4436 996.0 10.0
4.0 37.7874 -122.4008 1011.0 11.0
4.0 37.7903 -122.3970 1013.0 12.0
1.0 37.7831 -122.4677 542.0 1.0
1.0 37.7810 -122.4650 543.0 2.0
1.0 37.7811 -122.4601 544.0 3.0
1.0 37.7954 -122.4081 559.0 4.0
1.0 37.7767 -122.3954 601.0 5.0
1.0 37.7786 -122.3932 602.0 6.0
1.0 37.7786 -122.3932 603.0 7.0
1.0 37.7855 -122.4078 610.0 8.0
1.0 37.7839 -122.4176 618.0 9.0
1.0 37.7840 -122.4191 619.0 10.0
1.0 37.7733 -122.4185 624.0 11.0
1.0 37.7724 -122.4190 625.0 12.0
1.0 37.7724 -122.4190 626.0 13.0
1.0 37.7928 -122.3933 636.0 14.0
1.0 37.7833 -122.3935 640.0 15.0
1.0 37.7870 -122.3886 641.0 16.0
1.0 37.7948 -122.3934 645.0 17.0
1.0 37.7846 -122.4089 655.0 18.0
1.0 37.7846 -122.4091 660.0 19.0
1.0 37.7848 -122.4094 661.0 20.0
1.0 37.7855 -122.4214 667.0 21.0
1.0 37.8067 -122.4106 695.0 22.0
1.0 37.8038 -122.4098 696.0 23.0
1.0 37.7999 -122.4090 697.0 24.0
1.0 37.8084 -122.4101 718.0 25.0
1.0 37.8080 -122.4125 719.0 26.0
1.0 37.7889 -122.4084 730.0 27.0
1.0 37.7767 -122.3955 744.0 28.0
1.0 37.7764 -122.3986 745.0 29.0
1.0 37.7877 -122.4117 751.0 30.0
1.0 37.7945 -122.4069 767.0 31.0
1.0 37.7933 -122.4067 768.0 32.0
1.0 37.7540 -122.4498 789.0 33.0
1.0 37.7299 -122.4449 800.0 34.0
1.0 37.7304 -122.4443 801.0 35.0
1.0 37.7423 -122.4225 805.0 36.0
1.0 37.7402 -122.4220 816.0 37.0
1.0 37.7420 -122.4222 817.0 38.0
1.0 37.7388 -122.4368 822.0 39.0
1.0 37.7419 -122.4702 830.0 40.0
1.0 37.7302 -122.4763 837.0 41.0
1.0 37.7300 -122.4774 839.0 42.0
1.0 37.7841 -122.4801 852.0 43.0
1.0 37.7805 -122.4735 858.0 44.0
1.0 37.7613 -122.4297 873.0 45.0
lati longi low_tw
37.6645 -122.4233 840.0
37.7336 -122.4311 784.0
37.7614 -122.4364 523.0
37.7211 -122.4622 503.0
37.7874 -122.4462 814.0
37.7656 -122.4534 565.0
37.7791 -122.4187 726.0
37.7232 -122.4065 530.0
37.7911 -122.4737 834.0
37.6597 -122.3977 598.0
37.6518 -122.3946 794.0
37.6695 -122.4851 514.0
37.7464 -122.4536 524.0
37.7072 -122.462 777.0
37.7509 -122.4043 489.0
37.726 -122.4897 796.0
37.663 -122.3957 717.0
37.6689 -122.476 830.0
37.664 -122.4086 526.0
37.6615 -122.4742 610.0
37.6811 -122.3852 840.0
37.6606 -122.4737 784.0
37.6927 -122.45 523.0
37.7657 -122.4412 503.0
37.6783 -122.3913 814.0
37.6761 -122.3936 565.0
37.6758 -122.3847 726.0
37.6801 -122.39 530.0
37.7659 -122.4265 834.0
37.7609 -122.4463 598.0
37.7685 -122.4456 794.0
37.6929 -122.4522 514.0
37.7617 -122.447 524.0
37.6746 -122.3936 777.0
37.6755 -122.3869 489.0
37.6557 -122.4755 796.0
37.7617 -122.4201 717.0
37.675 -122.39 830.0
37.6734 -122.3906 526.0
37.743 -122.4036 610.0
