cabid lati longi timestamp sequence
4.0 37.7449 -122.4400 642.0 2.0
4.0 37.7882 -122.4034 662.0 3.0
4.0 37.7910 -122.3994 664.0 4.0
4.0 37.6150 -122.3851 683.0 5.0
4.0 37.6172 -122.3875 773.0 6.0
4.0 37.7831 -122.4178 790.0 7.0
4.0 37.7873 -122.4168 794.0 8.0
4.0 37.7764 -122.4179 799.0 9.0
4.0 37.7882 -122.4030 811.0 10.0
4.0 37.7869 -122.3881 820.0 11.0
4.0 37.7831 -122.3892 825.0 12.0
4.0 37.6180 -122.3865 842.0 13.0
4.0 37.7886 -122.4056 999.0 14.0
4.0 37.7858 -122.4211 1003.0 15.0
4.0 37.7721 -122.4141 1018.0 16.0
5.0 37.7767 -122.3955 542.0 1.0
5.0 37.7923 -122.4061 552.0 2.0
5.0 37.7610 -122.4306 586.0 3.0
5.0 37.7882 -122.4166 601.0 4.0
5.0 37.7926 -122.4335 615.0 5.0
5.0 37.7576 -122.4189 625.0 6.0
5.0 37.7624 -122.4351 638.0 7.0
5.0 37.7945 -122.4029 654.0 8.0
5.0 37.7929 -122.4009 656.0 9.0
5.0 37.7890 -122.4117 661.0 10.0
5.0 37.7848 -122.4001 694.0 11.0
5.0 37.7742 -122.4294 700.0 12.0
5.0 37.7738 -122.4396 710.0 13.0
5.0 37.8057 -122.4130 727.0 14.0
5.0 37.8054 -122.4119 728.0 15.0
5.0 37.7968 -122.4049 734.0 16.0
5.0 37.7930 -122.3928 760.0 17.0
5.0 37.6548 -122.3817 779.0 18.0
5.0 37.7900 -122.4040 823.0 19.0
5.0 37.7855 -122.4380 832.0 20.0
5.0 37.7912 -122.4020 875.0 21.0
5.0 37.7802 -122.3899 881.0 22.0
5.0 37.7484 -122.3968 916.0 23.0
5.0 37.7484 -122.3968 918.0 24.0
5.0 37.7036 -122.3941 937.0 25.0
6.0 37.8030 -122.4201 902.0 1.0
6.0 37.7867 -122.3980 996.0 2.0
6.0 37.7906 -122.4024 1005.0 3.0
6.0 37.8069 -122.4105 1016.0 4.0
6.0 37.8035 -122.4150 1019.0 5.0
1.0 37.7822 -122.4073 541.0 1.0
1.0 37.6157 -122.3878 561.0 2.0
1.0 37.6161 -122.3882 602.0 3.0
1.0 37.8063 -122.4162 629.0 4.0
2.0 37.7899 -122.3994 552.0 1.0
2.0 37.7874 -122.4083 582.0 2.0
2.0 37.7934 -122.3981 591.0 3.0
2.0 37.8006 -122.4373 620.0 4.0
2.0 37.7893 -122.4019 633.0 5.0
2.0 37.7905 -122.3977 636.0 6.0
2.0 37.7838 -122.3992 642.0 7.0
2.0 37.7874 -122.4082 655.0 8.0
2.0 37.7924 -122.4108 659.0 9.0
2.0 37.7869 -122.4093 665.0 10.0
2.0 37.7751 -122.4039 673.0 11.0
2.0 37.7932 -122.4208 687.0 12.0
2.0 37.7932 -122.4139 690.0 13.0
2.0 37.7679 -122.4290 713.0 14.0
2.0 37.7668 -122.3999 725.0 15.0
2.0 37.7626 -122.3961 732.0 16.0
2.0 37.7514 -122.3943 739.0 17.0
2.0 37.6152 -122.3902 785.0 18.0
2.0 37.7851 -122.4005 800.0 19.0
2.0 37.6161 -122.3883 821.0 20.0
2.0 37.6583 -122.4848 842.0 21.0
2.0 37.6153 -122.3902 857.0 22.0
2.0 37.5313 -122.2650 878.0 23.0
2.0 37.7560 -122.4052 920.0 24.0
2.0 37.7523 -122.4183 926.0 25.0
2.0 37.7523 -122.4187 931.0 26.0
2.0 37.7483 -122.4203 933.0 27.0
2.0 37.7554 -122.4210 942.0 28.0
2.0 37.7656 -122.4221 945.0 29.0
2.0 37.7774 -122.4132 960.0 30.0
2.0 37.7862 -122.4111 964.0 31.0
2.0 37.7856 -122.4098 972.0 32.0
2.0 37.6155 -122.3844 994.0 33.0
3.0 37.6150 -122.3924 633.0 1.0
3.0 37.7918 -122.4105 654.0 2.0
3.0 37.7904 -122.4207 668.0 3.0
3.0 37.7871 -122.4487 675.0 4.0
3.0 37.7886 -122.4501 678.0 5.0
3.0 37.7840 -122.4079 693.0 6.0
3.0 37.7922 -122.4083 713.0 7.0
3.0 37.8062 -122.4240 724.0 8.0
lati longi low_tw
37.7156 -122.3956 542.0
37.7809 -122.4019 530.0
37.7645 -122.3996 811.0
37.7866 -122.3929 541.0
37.7558 -122.3985 786.0
37.787 -122.4288 907.0
37.7715 -122.421 892.0
37.7851 -122.4147 657.0
37.7979 -122.4123 585.0
37.7802 -122.3999 935.0
37.7985 -122.3968 859.0
37.7774 -122.4055 666.0
37.6693 -122.4723 572.0
37.7719 -122.4163 760.0
37.7725 -122.3959 882.0
37.6556 -122.4993 580.0
37.7801 -122.4144 758.0
37.7671 -122.4134 915.0
37.7693 -122.4216 782.0
37.7829 -122.3963 733.0
37.7136 -122.4049 942.0
37.7853 -122.4292 748.0
37.7775 -122.4012 509.0
37.7536 -122.4466 727.0
37.7523 -122.413 562.0
37.7514 -122.4079 641.0
37.6598 -122.3917 618.0
37.7638 -122.395 939.0
37.785 -122.4107 873.0
37.7535 -122.4011 871.0
37.7608 -122.4275 733.0
37.7548 -122.4164 902.0
37.7638 -122.4157 554.0
37.6858 -122.4136 790.0
37.778 -122.4189 580.0
37.7815 -122.4046 643.0
37.7854 -122.4136 496.0
37.7659 -122.4164 772.0
37.7903 -122.4186 907.0
37.7598 -122.3969 897.0
37.6679 -122.4255 786.0
37.6864 -122.4154 515.0
37.7866 -122.3954 951.0
37.7625 -122.3997 714.0
37.7712 -122.4575 649.0
37.769 -122.406 949.0
37.79 -122.4034 717.0
37.7751 -122.4219 659.0
37.7294 -122.4582 581.0
37.7503 -122.4249 804.0
37.6893 -122.4794 542.0
37.7589 -122.4241 530.0
37.7526 -122.404 811.0
37.7897 -122.3906 541.0
37.784 -122.4029 786.0
37.7923 -122.4208 907.0
37.7288 -122.4369 892.0
37.7168 -122.4223 657.0
37.7977 -122.407 585.0
37.7991 -122.4266 935.0
37.7516 -122.4111 859.0
37.7959 -122.42 666.0
37.7552 -122.3926 572.0
37.774 -122.4515 760.0
37.7966 -122.4086 882.0
37.7577 -122.3925 580.0
37.7884 -122.4059 758.0
37.7755 -122.4627 915.0
37.7969 -122.4037 782.0
37.6817 -122.401 733.0
37.7971 -122.4001 942.0
37.7555 -122.4142 748.0
37.7913 -122.4048 509.0
37.7768 -122.4903 727.0
37.666 -122.4099 562.0
37.7898 -122.4263 641.0
37.7527 -122.4256 618.0
37.7477 -122.4857 939.0
37.7819 -122.4953 873.0
37.651 -122.4627 871.0
37.7817 -122.4241 733.0
37.7816 -122.3959 902.0
37.751 -122.394 554.0
37.7661 -122.3935 790.0
37.7576 -122.3922 580.0
37.7691 -122.4197 643.0
37.7884 -122.3935 496.0
37.7876 -122.4169 772.0
37.7729 -122.3909 907.0
37.7337 -122.4798 897.0
37.7956 -122.4234 786.0
37.7799 -122.4822 515.0
37.7565 -122.404 951.0
37.6623 -122.4036 714.0
37.7878 -122.4969 649.0
37.6598 -122.4866 949.0
37.7626 -122.4053 717.0
37.7967 -122.3973 659.0
37.7862 -122.4288 581.0
37.7552 -122.4086 804.0
