cabid lati longi timestamp sequence
1.0 37.7734 -122.4348 543.0 1.0
1.0 37.7868 -122.4506 555.0 2.0
1.0 37.7892 -122.4399 559.0 3.0
1.0 37.7980 -122.4009 572.0 4.0
1.0 37.7931 -122.4027 574.0 5.0
1.0 37.7981 -122.4271 581.0 6.0
1.0 37.7904 -122.4225 591.0 7.0
1.0 37.7886 -122.4102 596.0 8.0
1.0 37.7877 -122.4075 614.0 9.0
1.0 37.8064 -122.4191 621.0 10.0
1.0 37.8054 -122.4176 622.0 11.0
2.0 37.7521 -122.4191 544.0 1.0
2.0 37.7476 -122.4202 568.0 2.0
2.0 37.7781 -122.4183 578.0 3.0
2.0 37.7397 -122.4620 607.0 4.0
2.0 37.6162 -122.3901 627.0 5.0
2.0 37.7554 -122.4356 685.0 6.0
2.0 37.6164 -122.3909 705.0 7.0
2.0 37.7270 -122.4005 720.0 8.0
2.0 37.7854 -122.4060 734.0 9.0
2.0 37.7513 -122.4317 749.0 10.0
2.0 37.7586 -122.4194 753.0 11.0
2.0 37.7394 -122.4439 773.0 12.0
2.0 37.7845 -122.4401 791.0 13.0
3.0 37.6285 -122.4022 603.0 1.0
3.0 37.7924 -122.3991 622.0 2.0
3.0 37.7902 -122.4007 624.0 3.0
3.0 37.7719 -122.4308 639.0 4.0
3.0 37.6396 -122.4053 692.0 5.0
3.0 37.7896 -122.3947 709.0 6.0
3.0 37.7860 -122.4016 712.0 7.0
3.0 37.7785 -122.4150 723.0 8.0
3.0 37.7876 -122.4069 872.0 9.0
3.0 37.7850 -122.4271 881.0 10.0
3.0 37.7853 -122.4050 890.0 11.0
3.0 37.7866 -122.4024 893.0 12.0
3.0 37.7965 -122.4005 899.0 13.0
3.0 37.7891 -122.4072 904.0 14.0
3.0 37.7852 -122.4366 911.0 15.0
3.0 37.7875 -122.4294 918.0 16.0
3.0 37.6179 -122.3865 944.0 17.0
3.0 37.6169 -122.3878 1013.0 18.0
4.0 37.7881 -122.4167 557.0 1.0
4.0 37.7950 -122.4301 631.0 2.0
4.0 37.7621 -122.4619 645.0 3.0
4.0 37.7740 -122.4410 658.0 4.0
4.0 37.7848 -122.4381 664.0 5.0
4.0 37.7872 -122.4098 680.0 6.0
4.0 37.7804 -122.3898 689.0 7.0
4.0 37.7875 -122.4072 697.0 8.0
4.0 37.7899 -122.4052 703.0 9.0
4.0 37.7948 -122.4005 707.0 10.0
4.0 37.7952 -122.4207 716.0 11.0
4.0 37.7915 -122.4021 746.0 12.0
4.0 37.7669 -122.4028 758.0 13.0
4.0 37.7821 -122.4093 766.0 14.0
4.0 37.7923 -122.4040 776.0 15.0
4.0 37.7887 -122.4052 784.0 16.0
4.0 37.7799 -122.4599 799.0 17.0
4.0 37.7866 -122.4521 806.0 18.0
4.0 37.7861 -122.4108 821.0 19.0
4.0 37.8016 -122.4120 860.0 20.0
4.0 37.7941 -122.4214 865.0 21.0
5.0 37.6152 -122.3903 601.0 1.0
5.0 37.7851 -122.4005 616.0 2.0
5.0 37.6177 -122.3861 639.0 3.0
5.0 37.7944 -122.4018 660.0 4.0
5.0 37.6153 -122.3899 769.0 5.0
5.0 37.7641 -122.4362 787.0 6.0
5.0 37.6177 -122.3859 851.0 7.0
5.0 37.7846 -122.4045 915.0 8.0
5.0 37.6152 -122.3902 998.0 9.0
6.0 37.7891 -122.4029 750.0 1.0
6.0 37.7991 -122.4085 762.0 2.0
6.0 37.7698 -122.4133 779.0 3.0
6.0 37.7643 -122.4131 783.0 4.0
6.0 37.7618 -122.4193 785.0 5.0
6.0 37.7702 -122.4692 807.0 6.0
6.0 37.7691 -122.4682 808.0 7.0
6.0 37.7874 -122.4039 828.0 8.0
6.0 37.7876 -122.4004 831.0 9.0
6.0 37.7803 -122.4168 837.0 10.0
6.0 37.7819 -122.4177 845.0 11.0
6.0 37.7816 -122.4157 846.0 12.0
6.0 37.6149 -122.3852 864.0 13.0
6.0 37.7702 -122.4041 993.0 14.0
6.0 37.7714 -122.4087 994.0 15.0
6.0 37.7900 -122.4221 1005.0 16.0
6.0 37.7905 -122.4208 1006.0 17.0
6.0 37.7899 -122.4032 1012.0 18.0
lati longi low_tw
37.7542 -122.4088 689.0
37.7616 -122.4004 501.0
37.7981 -122.4174 737.0
37.6939 -122.3925 893.0
37.7964 -122.4193 721.0
37.7894 -122.425 957.0
37.7828 -122.4016 607.0
37.7549 -122.4267 648.0
37.7611 -122.4022 714.0
37.7832 -122.4154 747.0
37.6536 -122.4165 681.0
37.6776 -122.4427 836.0
37.6612 -122.4433 738.0
37.7846 -122.4019 656.0
37.7515 -122.4052 815.0
37.7017 -122.4503 806.0
37.7716 -122.4194 711.0
37.7577 -122.396 493.0
37.7665 -122.4683 943.0
37.7837 -122.4194 488.0
37.6612 -122.4436 783.0
37.7505 -122.4194 852.0
37.7724 -122.4109 846.0
37.795 -122.4095 955.0
37.7525 -122.4132 824.0
37.7784 -122.4224 855.0
37.7261 -122.3919 678.0
37.7391 -122.4677 606.0
37.7541 -122.4074 624.0
37.7568 -122.4288 501.0
37.7951 -122.3959 703.0
37.7596 -122.4144 639.0
37.7526 -122.4207 510.0
37.6981 -122.4131 727.0
37.7558 -122.4237 705.0
37.7373 -122.4798 621.0
37.792 -122.4073 807.0
37.6888 -122.3959 608.0
37.7844 -122.4201 746.0
37.7303 -122.4064 888.0
37.7849 -122.411 761.0
37.76 -122.4148 703.0
37.7273 -122.4546 794.0
37.6687 -122.4072 612.0
37.7761 -122.4302 858.0
37.7939 -122.4046 848.0
37.7619 -122.4065 515.0
37.7165 -122.4549 519.0
37.7364 -122.4442 893.0
37.7329 -122.4667 482.0
37.7892 -122.4067 542.0
37.7599 -122.4235 488.0
37.7661 -122.4079 954.0
37.7979 -122.418 726.0
37.7837 -122.3965 918.0
37.7647 -122.4229 488.0
37.7609 -122.419 493.0
37.7808 -122.4021 954.0
37.7703 -122.3906 941.0
37.7344 -122.447 857.0
37.7731 -122.3954 939.0
37.7734 -122.4194 821.0
37.7848 -122.3974 805.0
37.6763 -122.3979 934.0
37.6509 -122.4008 812.0
37.6744 -122.466 696.0
37.796 -122.4073 587.0
37.7725 -122.4258 546.0
37.761 -122.3928 795.0
37.7873 -122.4139 785.0
37.799 -122.4158 946.0
37.6746 -122.4438 926.0
37.7874 -122.3996 637.0
37.6738 -122.4894 587.0
37.7531 -122.4237 836.0
37.7658 -122.3938 799.0
37.7525 -122.4253 639.0
37.795 -122.47 587.0
37.7637 -122.4102 818.0
37.7868 -122.396 852.0
37.7877 -122.4101 689.0
37.7915 -122.4183 501.0
37.7703 -122.4185 737.0
37.7892 -122.408 893.0
37.7618 -122.3949 721.0
37.6728 -122.4849 957.0
37.7646 -122.4168 607.0
37.7524 -122.4264 648.0
37.7604 -122.4007 714.0
37.7892 -122.3928 747.0
37.7616 -122.414 681.0
37.7933 -122.3945 836.0
37.7616 -122.4979 738.0
37.7597 -122.4076 656.0
37.6767 -122.4932 815.0
37.7208 -122.4237 806.0
37.7363 -122.4597 711.0
37.767 -122.4024 493.0
37.7814 -122.4019 943.0
37.7979 -122.4206 488.0
37.7611 -122.426 783.0
37.7107 -122.4421 852.0
37.6927 -122.4642 846.0
37.7618 -122.4162 955.0
37.7412 -122.4287 824.0
37.7942 -122.3958 855.0
37.7795 -122.4082 678.0
37.7883 -122.423 606.0
37.791 -122.4057 624.0
37.7971 -122.4055 501.0
37.7554 -122.4164 703.0
37.7522 -122.4238 639.0
37.7909 -122.4087 510.0
37.6616 -122.4963 727.0
37.7678 -122.4157 705.0
37.7217 -122.4193 621.0
37.6953 -122.4071 807.0
37.784 -122.428 608.0
37.785 -122.4104 746.0
37.7888 -122.415 888.0
37.762 -122.3943 761.0
37.766 -122.422 703.0
37.7269 -122.4465 794.0
37.703 -122.4312 612.0
37.7961 -122.4141 858.0
37.7968 -122.4062 848.0
37.7571 -122.4177 515.0
37.7658 -122.4156 519.0
37.7739 -122.4161 893.0
37.7661 -122.4101 482.0
37.7529 -122.3917 542.0
37.7776 -122.4156 488.0
37.781 -122.4 954.0
37.7274 -122.4348 726.0
37.7561 -122.3912 918.0
37.7631 -122.3918 488.0
37.7827 -122.4208 493.0
37.7868 -122.404 954.0
37.7042 -122.447 941.0
37.7763 -122.4111 857.0
37.7898 -122.4286 939.0
37.7036 -122.4357 821.0
37.7805 -122.4728 805.0
37.7544 -122.391 934.0
37.762 -122.4401 812.0
37.7658 -122.4046 696.0
37.7314 -122.4682 587.0
37.7571 -122.4139 546.0
37.7999 -122.4267 795.0
37.7291 -122.4015 785.0
37.727 -122.4853 946.0
37.7585 -122.4223 926.0
37.771 -122.3924 637.0
37.7516 -122.3997 587.0
37.7761 -122.4274 836.0
37.7699 -122.395 799.0
37.7615 -122.405 639.0
37.7688 -122.4135 587.0
37.7732 -122.4261 818.0
37.7593 -122.4147 852.0
