cabid lati longi timestamp sequence
3.0 37.7865 -122.4115 982.0 22.0
3.0 37.7933 -122.4003 997.0 23.0
3.0 37.7842 -122.4224 1008.0 24.0
3.0 37.7883 -122.4090 1013.0 25.0
3.0 37.7874 -122.4035 1019.0 26.0
4.0 37.6162 -122.3883 545.0 1.0
4.0 37.7864 -122.4046 565.0 2.0
4.0 37.7716 -122.3987 586.0 3.0
4.0 37.7858 -122.4382 604.0 4.0
4.0 37.7830 -122.4275 613.0 5.0
4.0 37.7834 -122.4406 616.0 6.0
4.0 37.7816 -122.4462 630.0 7.0
4.0 37.7814 -122.4461 631.0 8.0
4.0 37.7850 -122.4420 638.0 9.0
4.0 37.7810 -122.4638 645.0 10.0
4.0 37.7215 -122.4562 667.0 11.0
4.0 37.7235 -122.4562 675.0 12.0
4.0 37.7544 -122.5023 690.0 13.0
4.0 37.7729 -122.4799 705.0 14.0
4.0 37.7875 -122.4058 723.0 15.0
4.0 37.7924 -122.3951 760.0 16.0
4.0 37.7794 -122.4185 767.0 17.0
4.0 37.7792 -122.4184 768.0 18.0
4.0 37.7902 -122.4036 776.0 19.0
4.0 37.7917 -122.3984 830.0 20.0
4.0 37.7895 -122.4082 838.0 21.0
4.0 37.7979 -122.4144 845.0 22.0
4.0 37.7992 -122.4088 851.0 23.0
4.0 37.8014 -122.4022 854.0 24.0
4.0 37.7899 -122.3999 858.0 25.0
4.0 37.7899 -122.4000 859.0 26.0
4.0 37.7885 -122.4102 862.0 27.0
4.0 37.7898 -122.3997 869.0 28.0
4.0 37.6149 -122.3853 890.0 29.0
4.0 37.7767 -122.3954 991.0 30.0
4.0 37.7905 -122.4085 1000.0 31.0
4.0 37.7882 -122.4068 1004.0 32.0
4.0 37.7848 -122.4001 1013.0 33.0
4.0 37.7872 -122.4031 1015.0 34.0
5.0 37.7255 -122.4341 825.0 1.0
5.0 37.6507 -122.4068 862.0 2.0
5.0 37.7947 -122.4006 878.0 3.0
5.0 37.6019 -122.3795 937.0 4.0
5.0 37.6004 -122.3840 954.0 5.0
5.0 37.6039 -122.3825 970.0 6.0
1.0 37.7905 -122.4058 540.0 1.0
2.0 37.6247 -122.4011 613.0 1.0
2.0 37.8067 -122.4106 633.0 2.0
2.0 37.8060 -122.4179 639.0 3.0
2.0 37.7965 -122.4022 646.0 4.0
2.0 37.7929 -122.3961 659.0 5.0
2.0 37.7989 -122.4083 668.0 6.0
2.0 37.7945 -122.3998 683.0 7.0
2.0 37.8012 -122.4018 688.0 8.0
2.0 37.7947 -122.3977 709.0 9.0
2.0 37.7953 -122.2695 726.0 10.0
2.0 37.7949 -122.3976 759.0 11.0
2.0 37.7892 -122.4106 766.0 12.0
2.0 37.7885 -122.4056 769.0 13.0
2.0 37.7914 -122.3943 775.0 14.0
2.0 37.7909 -122.4041 789.0 15.0
2.0 37.7897 -122.4137 792.0 16.0
2.0 37.7885 -122.4047 795.0 17.0
2.0 37.7725 -122.4041 805.0 18.0
2.0 37.7854 -122.3965 817.0 19.0
2.0 37.8000 -122.4411 832.0 20.0
2.0 37.8004 -122.4396 833.0 21.0
2.0 37.7965 -122.4252 837.0 22.0
2.0 37.7959 -122.4215 842.0 23.0
2.0 37.7947 -122.4007 847.0 24.0
2.0 37.6088 -122.3903 904.0 25.0
2.0 37.5577 -122.2869 927.0 26.0
2.0 37.6177 -122.3864 999.0 27.0
3.0 37.7575 -122.4090 577.0 1.0
3.0 37.6820 -122.3888 619.0 2.0
3.0 37.7833 -122.4404 712.0 3.0
3.0 37.7239 -122.4359 740.0 4.0
3.0 37.7577 -122.4191 755.0 5.0
3.0 37.7927 -122.4334 768.0 6.0
3.0 37.7859 -122.4333 772.0 7.0
3.0 37.7408 -122.4310 790.0 8.0
3.0 37.7422 -122.4252 803.0 9.0
3.0 37.7226 -122.4442 809.0 10.0
3.0 37.7209 -122.4355 821.0 11.0
3.0 37.7613 -122.4277 833.0 12.0
3.0 37.7926 -122.4031 994.0 13.0
3.0 37.7858 -122.4249 1002.0 14.0
3.0 37.7854 -122.4164 1006.0 15.0
3.0 37.7671 -122.4002 1015.0 16.0
4.0 37.6132 -122.3842 616.0 1.0
lati longi low_tw
37.7655 -122.4421 793.0
37.773 -122.3948 711.0
37.7887 -122.4186 781.0
37.7992 -122.4431 778.0
37.7676 -122.4139 568.0
37.7528 -122.4214 831.0
37.7782 -122.3978 490.0
37.7995 -122.399 749.0
37.7674 -122.3934 925.0
37.7751 -122.4111 860.0
37.7785 -122.3992 884.0
37.7943 -122.4181 734.0
37.7584 -122.3954 831.0
37.7555 -122.4593 526.0
37.7547 -122.4059 759.0
37.7913 -122.4206 862.0
37.7956 -122.414 547.0
37.7698 -122.4007 554.0
37.7949 -122.3912 846.0
37.7956 -122.4068 635.0
37.6902 -122.454 878.0
37.7746 -122.488 885.0
37.7142 -122.417 739.0
37.7927 -122.3985 626.0
37.7107 -122.47 859.0
37.6812 -122.4136 727.0
37.7714 -122.4239 738.0
37.7885 -122.4222 902.0
37.7167 -122.3926 870.0
37.7969 -122.4034 915.0
37.7848 -122.4469 817.0
37.7674 -122.4118 893.0
37.7692 -122.4265 632.0
37.7791 -122.4268 573.0
37.7569 -122.4042 534.0
37.7518 -122.4199 539.0
37.6736 -122.4389 813.0
37.6982 -122.4765 706.0
37.7923 -122.4162 650.0
37.7525 -122.3924 605.0
37.7595 -122.4226 776.0
37.7821 -122.4014 590.0
37.7567 -122.4152 696.0
37.7627 -122.4021 577.0
37.7811 -122.4001 541.0
37.6781 -122.4859 525.0
37.7897 -122.4021 828.0
37.661 -122.4352 603.0
37.7611 -122.4107 610.0
37.6989 -122.4885 675.0
37.7585 -122.4005 535.0
37.7723 -122.3906 498.0
37.716 -122.4423 560.0
37.669 -122.4266 761.0
37.707 -122.4294 739.0
37.7672 -122.4132 649.0
37.767 -122.3969 940.0
37.6846 -122.4972 678.0
37.672 -122.4214 794.0
37.6794 -122.4478 500.0
37.7941 -122.4252 877.0
37.7676 -122.4161 608.0
37.7806 -122.4221 830.0
37.7635 -122.4121 501.0
37.7745 -122.4186 719.0
37.7731 -122.406 553.0
37.7581 -122.4076 895.0
37.7834 -122.4299 955.0
37.7599 -122.4061 684.0
37.681 -122.416 674.0
37.7723 -122.4215 793.0
37.6721 -122.4407 711.0
37.7796 -122.3907 781.0
37.7222 -122.3989 778.0
37.6784 -122.3979 568.0
37.7433 -122.4894 831.0
37.7663 -122.3919 490.0
37.7975 -122.418 749.0
37.7569 -122.413 925.0
37.788 -122.423 860.0
37.7637 -122.4196 884.0
37.6709 -122.4181 734.0
37.7832 -122.402 831.0
37.7338 -122.3983 526.0
37.7623 -122.3917 759.0
37.777 -122.4111 862.0
37.7742 -122.4265 547.0
37.7285 -122.4553 554.0
37.7574 -122.4044 846.0
37.7579 -122.4271 635.0
37.7915 -122.4129 878.0
37.783 -122.4157 885.0
37.7788 -122.4198 739.0
37.7618 -122.4195 626.0
37.7981 -122.3914 859.0
37.7332 -122.4644 727.0
37.7809 -122.4014 738.0
37.7607 -122.409 902.0
37.7542 -122.4054 870.0
37.7981 -122.4286 915.0
37.7988 -122.4134 817.0
37.7629 -122.4289 893.0
37.6781 -122.4168 632.0
37.7928 -122.39 573.0
37.7969 -122.4602 534.0
37.6624 -122.3936 539.0
37.677 -122.4361 813.0
37.7973 -122.4029 706.0
37.7749 -122.4177 650.0
37.7682 -122.408 605.0
37.7644 -122.3914 776.0
37.7084 -122.4376 590.0
37.7338 -122.4113 696.0
37.7806 -122.3945 577.0
37.7288 -122.4028 541.0
37.7108 -122.4157 525.0
37.7764 -122.3905 828.0
37.7506 -122.4283 603.0
37.7957 -122.4162 610.0
37.7633 -122.3923 675.0
37.7571 -122.4284 535.0
37.7741 -122.3918 498.0
37.7664 -122.3985 560.0
37.7747 -122.4213 761.0
37.77 -122.4085 739.0
37.7332 -122.3932 649.0
37.7975 -122.4232 940.0
37.7786 -122.4271 678.0
37.7167 -122.4905 794.0
37.7926 -122.3942 500.0
37.7961 -122.4146 877.0
37.7931 -122.4025 608.0
37.688 -122.4077 830.0
37.744 -122.4073 501.0
37.7922 -122.4487 719.0
37.7869 -122.4097 553.0
37.7554 -122.4249 895.0
37.7902 -122.415 955.0
37.788 -122.3982 684.0
37.7769 -122.4051 674.0
