cabid lati longi timestamp sequence
2.0 37.8057 -122.4223 1010.0 39.0
2.0 37.8005 -122.4104 1014.0 40.0
2.0 37.7979 -122.4220 1017.0 41.0
3.0 37.7905 -122.4065 548.0 1.0
3.0 37.7901 -122.3955 553.0 2.0
3.0 37.7888 -122.4116 610.0 3.0
3.0 37.7868 -122.4277 615.0 4.0
3.0 37.7871 -122.4177 618.0 5.0
3.0 37.7881 -122.4089 622.0 6.0
3.0 37.8084 -122.4141 636.0 7.0
3.0 37.8082 -122.4142 637.0 8.0
3.0 37.7843 -122.4043 649.0 9.0
3.0 37.7891 -122.4167 666.0 10.0
3.0 37.7733 -122.4375 680.0 11.0
3.0 37.7731 -122.4380 683.0 12.0
3.0 37.7871 -122.4009 693.0 13.0
3.0 37.7817 -122.4038 696.0 14.0
3.0 37.7875 -122.4080 702.0 15.0
3.0 37.7862 -122.4059 711.0 16.0
3.0 37.7845 -122.4195 718.0 17.0
3.0 37.7875 -122.4141 721.0 18.0
3.0 37.7800 -122.4134 726.0 19.0
3.0 37.7883 -122.4084 732.0 20.0
3.0 37.7920 -122.4096 737.0 21.0
3.0 37.7870 -122.4184 745.0 22.0
3.0 37.7807 -122.4084 751.0 23.0
3.0 37.7778 -122.4097 756.0 24.0
3.0 37.7847 -122.4066 762.0 25.0
3.0 37.7891 -122.4090 796.0 26.0
3.0 37.7739 -122.4611 818.0 27.0
3.0 37.7767 -122.3954 882.0 28.0
3.0 37.7627 -122.4327 893.0 29.0
3.0 37.7709 -122.4204 906.0 30.0
3.0 37.7855 -122.4225 915.0 31.0
3.0 37.7852 -122.4326 917.0 32.0
3.0 37.7677 -122.4534 925.0 33.0
3.0 37.7635 -122.4583 928.0 34.0
3.0 37.7892 -122.4340 959.0 35.0
3.0 37.7924 -122.4033 968.0 36.0
3.0 37.7931 -122.3996 971.0 37.0
3.0 37.7812 -122.4333 986.0 38.0
3.0 37.7922 -122.4436 996.0 39.0
3.0 37.7874 -122.4008 1011.0 40.0
3.0 37.7903 -122.3970 1013.0 41.0
4.0 37.7417 -122.4243 717.0 1.0
4.0 37.7369 -122.4283 727.0 2.0
4.0 37.7880 -122.4491 748.0 3.0
4.0 37.7897 -122.4596 755.0 4.0
4.0 37.7872 -122.4127 769.0 5.0
4.0 37.7871 -122.4078 777.0 6.0
4.0 37.7747 -122.3994 784.0 7.0
4.0 37.7769 -122.4016 799.0 8.0
4.0 37.7808 -122.4290 807.0 9.0
4.0 37.7910 -122.4325 819.0 10.0
4.0 37.7839 -122.4234 826.0 11.0
4.0 37.7858 -122.4333 833.0 12.0
4.0 37.7518 -122.4275 844.0 13.0
4.0 37.7772 -122.4206 866.0 14.0
4.0 37.7894 -122.4020 876.0 15.0
4.0 37.7909 -122.4040 879.0 16.0
4.0 37.7993 -122.4190 884.0 17.0
4.0 37.8056 -122.4204 887.0 18.0
4.0 37.8065 -122.4205 888.0 19.0
4.0 37.8057 -122.4054 909.0 20.0
4.0 37.3336 -122.0745 991.0 21.0
1.0 37.7831 -122.4677 542.0 1.0
1.0 37.7810 -122.4650 543.0 2.0
1.0 37.7811 -122.4601 544.0 3.0
1.0 37.7954 -122.4081 559.0 4.0
1.0 37.7767 -122.3954 601.0 5.0
1.0 37.7786 -122.3932 602.0 6.0
1.0 37.7786 -122.3932 603.0 7.0
1.0 37.7855 -122.4078 610.0 8.0
1.0 37.7839 -122.4176 618.0 9.0
1.0 37.7840 -122.4191 619.0 10.0
1.0 37.7733 -122.4185 624.0 11.0
1.0 37.7724 -122.4190 625.0 12.0
1.0 37.7724 -122.4190 626.0 13.0
1.0 37.7928 -122.3933 636.0 14.0
1.0 37.7833 -122.3935 640.0 15.0
1.0 37.7870 -122.3886 641.0 16.0
1.0 37.7948 -122.3934 645.0 17.0
1.0 37.7846 -122.4089 655.0 18.0
1.0 37.7846 -122.4091 660.0 19.0
1.0 37.7848 -122.4094 661.0 20.0
1.0 37.7855 -122.4214 667.0 21.0
1.0 37.8067 -122.4106 695.0 22.0
1.0 37.8038 -122.4098 696.0 23.0
1.0 37.7999 -122.4090 697.0 24.0
1.0 37.8084 -122.4101 718.0 25.0
1.0 37.8080 -122.4125 719.0 26.0
1.0 37.7889 -122.4084 730.0 27.0
1.0 37.7767 -122.3955 744.0 28.0
1.0 37.7764 -122.3986 745.0 29.0
1.0 37.7877 -122.4117 751.0 30.0
1.0 37.7945 -122.4069 767.0 31.0
1.0 37.7933 -122.4067 768.0 32.0
1.0 37.7540 -122.4498 789.0 33.0
1.0 37.7299 -122.4449 800.0 34.0
1.0 37.7304 -122.4443 801.0 35.0
1.0 37.7423 -122.4225 805.0 36.0
1.0 37.7402 -122.4220 816.0 37.0
1.0 37.7420 -122.4222 817.0 38.0
1.0 37.7388 -122.4368 822.0 39.0
1.0 37.7419 -122.4702 830.0 40.0
1.0 37.7302 -122.4763 837.0 41.0
1.0 37.7300 -122.4774 839.0 42.0
1.0 37.7841 -122.4801 852.0 43.0
1.0 37.7805 -122.4735 858.0 44.0
1.0 37.7613 -122.4297 873.0 45.0
1.0 37.7617 -122.4238 876.0 46.0
1.0 37.7677 -122.4244 877.0 47.0
1.0 37.7946 -122.4008 893.0 48.0
1.0 37.7869 -122.4117 901.0 49.0
1.0 37.7864 -122.4161 902.0 50.0
1.0 37.7740 -122.5102 919.0 51.0
2.0 37.7650 -122.4209 567.0 1.0
2.0 37.7822 -122.4392 577.0 2.0
2.0 37.7615 -122.4122 597.0 3.0
2.0 37.7577 -122.3930 606.0 4.0
2.0 37.7316 -122.4505 720.0 5.0
2.0 37.7393 -122.4674 727.0 6.0
2.0 37.7369 -122.4752 807.0 7.0
2.0 37.7396 -122.4670 812.0 8.0
2.0 37.7316 -122.4505 818.0 9.0
2.0 37.7751 -122.4015 833.0 10.0
2.0 37.7876 -122.4061 847.0 11.0
2.0 37.7642 -122.4212 929.0 12.0
2.0 37.7657 -122.4092 936.0 13.0
2.0 37.7651 -122.4189 946.0 14.0
lati longi low_tw
37.7547 -122.4008 771.0
37.7789 -122.419 830.0
37.7775 -122.3962 840.0
37.6555 -122.3938 784.0
37.7912 -122.4189 523.0
37.7028 -122.4886 503.0
37.7995 -122.3939 814.0
37.7651 -122.4123 565.0
37.7687 -122.4197 726.0
37.7711 -122.4089 530.0
37.7828 -122.4266 834.0
37.7756 -122.4208 598.0
37.7788 -122.4244 794.0
37.7631 -122.4095 514.0
37.7575 -122.4276 524.0
37.788 -122.3926 777.0
37.7535 -122.3905 489.0
37.7521 -122.3952 796.0
37.7932 -122.4157 717.0
37.7789 -122.4053 830.0
37.7827 -122.4169 771.0
37.7565 -122.4103 830.0
37.7953 -122.3935 840.0
37.6578 -122.4038 784.0
37.7891 -122.3937 523.0
37.6754 -122.4853 503.0
37.7819 -122.4161 814.0
37.7226 -122.476 565.0
37.7822 -122.4815 726.0
37.7323 -122.4667 530.0
37.6528 -122.4124 834.0
37.7676 -122.396 598.0
37.7846 -122.4278 794.0
37.7135 -122.4448 514.0
37.7635 -122.4135 524.0
37.7639 -122.3916 777.0
37.7763 -122.4002 489.0
37.7965 -122.407 796.0
37.7839 -122.4059 717.0
37.8 -122.42 830.0
