cabid lati longi timestamp sequence
4.0 37.7906 -122.4208 609.0 6.0
4.0 37.7864 -122.4078 617.0 7.0
4.0 37.7652 -122.4194 627.0 8.0
4.0 37.7836 -122.4082 636.0 9.0
4.0 37.7869 -122.4189 645.0 10.0
4.0 37.7773 -122.4087 653.0 11.0
4.0 37.7782 -122.4099 655.0 12.0
4.0 37.7866 -122.4052 663.0 13.0
4.0 37.7874 -122.4104 666.0 14.0
4.0 37.7839 -122.4377 671.0 15.0
4.0 37.7830 -122.4321 678.0 16.0
4.0 37.7781 -122.4279 683.0 17.0
4.0 37.7820 -122.4279 693.0 18.0
4.0 37.7799 -122.4152 698.0 19.0
4.0 37.7845 -122.4068 708.0 20.0
4.0 37.7918 -122.4072 717.0 21.0
4.0 37.7951 -122.4013 744.0 22.0
4.0 37.7901 -122.4058 751.0 23.0
4.0 37.7936 -122.4017 756.0 24.0
4.0 37.7904 -122.4225 762.0 25.0
4.0 37.8027 -122.4295 783.0 26.0
4.0 37.6179 -122.3857 810.0 27.0
4.0 37.7460 -122.3873 847.0 28.0
4.0 37.7815 -122.4654 866.0 29.0
4.0 37.7860 -122.4572 870.0 30.0
4.0 37.8025 -122.4306 887.0 31.0
4.0 37.7860 -122.4197 922.0 32.0
4.0 37.7637 -122.3977 932.0 33.0
5.0 37.6165 -122.3880 540.0 1.0
5.0 37.6426 -122.4663 554.0 2.0
5.0 37.6165 -122.3879 598.0 3.0
5.0 37.7902 -122.4032 617.0 4.0
5.0 37.6160 -122.3883 734.0 5.0
5.0 37.5076 -122.2514 748.0 6.0
5.0 37.6154 -122.3902 776.0 7.0
5.0 37.8033 -122.4104 802.0 8.0
5.0 37.8084 -122.4101 811.0 9.0
5.0 37.7850 -122.4349 827.0 10.0
5.0 37.7843 -122.4402 833.0 11.0
5.0 37.7797 -122.4385 841.0 12.0
5.0 37.7849 -122.4207 848.0 13.0
5.0 37.7918 -122.3942 863.0 14.0
5.0 37.7398 -122.4240 914.0 15.0
5.0 37.7409 -122.4229 915.0 16.0
5.0 37.7608 -122.4259 925.0 17.0
5.0 37.7866 -122.3978 937.0 18.0
5.0 37.7899 -122.4052 941.0 19.0
5.0 37.6177 -122.3872 971.0 20.0
5.0 37.7112 -122.3920 988.0 21.0
5.0 37.8064 -122.4151 1013.0 22.0
6.0 37.6657 -122.3854 724.0 1.0
6.0 37.6648 -122.3855 725.0 2.0
6.0 37.6611 -122.4031 746.0 3.0
6.0 37.7859 -122.4019 759.0 4.0
6.0 37.7857 -122.4096 778.0 5.0
6.0 37.8082 -122.4166 790.0 6.0
6.0 37.7943 -122.4034 797.0 7.0
6.0 37.7893 -122.3917 807.0 8.0
6.0 37.7858 -122.4098 833.0 9.0
6.0 37.7853 -122.3982 840.0 10.0
6.0 37.7875 -122.4032 844.0 11.0
6.0 37.7687 -122.4131 854.0 12.0
6.0 37.7963 -122.4122 866.0 13.0
6.0 37.7855 -122.4096 887.0 14.0
6.0 37.6878 -122.3903 914.0 15.0
1.0 37.6132 -122.3842 616.0 1.0
1.0 37.7449 -122.4400 642.0 2.0
1.0 37.7882 -122.4034 662.0 3.0
1.0 37.7910 -122.3994 664.0 4.0
1.0 37.6150 -122.3851 683.0 5.0
1.0 37.6172 -122.3875 773.0 6.0
1.0 37.7831 -122.4178 790.0 7.0
1.0 37.7873 -122.4168 794.0 8.0
1.0 37.7764 -122.4179 799.0 9.0
1.0 37.7882 -122.4030 811.0 10.0
2.0 37.7767 -122.3955 542.0 1.0
2.0 37.7923 -122.4061 552.0 2.0
2.0 37.7610 -122.4306 586.0 3.0
2.0 37.7882 -122.4166 601.0 4.0
2.0 37.7926 -122.4335 615.0 5.0
2.0 37.7576 -122.4189 625.0 6.0
2.0 37.7624 -122.4351 638.0 7.0
2.0 37.7945 -122.4029 654.0 8.0
2.0 37.7929 -122.4009 656.0 9.0
2.0 37.7890 -122.4117 661.0 10.0
2.0 37.7848 -122.4001 694.0 11.0
2.0 37.7742 -122.4294 700.0 12.0
2.0 37.7738 -122.4396 710.0 13.0
2.0 37.8057 -122.4130 727.0 14.0
2.0 37.8054 -122.4119 728.0 15.0
2.0 37.7968 -122.4049 734.0 16.0
2.0 37.7930 -122.3928 760.0 17.0
2.0 37.6548 -122.3817 779.0 18.0
2.0 37.7900 -122.4040 823.0 19.0
2.0 37.7855 -122.4380 832.0 20.0
2.0 37.7912 -122.4020 875.0 21.0
2.0 37.7802 -122.3899 881.0 22.0
2.0 37.7484 -122.3968 916.0 23.0
2.0 37.7484 -122.3968 918.0 24.0
2.0 37.7036 -122.3941 937.0 25.0
3.0 37.6161 -122.3842 541.0 1.0
3.0 37.6152 -122.3901 664.0 2.0
3.0 37.6142 -122.3945 691.0 3.0
3.0 37.6152 -122.3902 701.0 4.0
3.0 37.7949 -122.4005 728.0 5.0
3.0 37.8010 -122.4047 747.0 6.0
3.0 37.7921 -122.4075 754.0 7.0
3.0 37.7916 -122.4106 760.0 8.0
3.0 37.7926 -122.3976 766.0 9.0
3.0 37.7914 -122.3917 772.0 10.0
3.0 37.7872 -122.4077 778.0 11.0
3.0 37.7902 -122.4309 788.0 12.0
3.0 37.7893 -122.4155 794.0 13.0
3.0 37.7895 -122.4141 796.0 14.0
3.0 37.7822 -122.4173 799.0 15.0
3.0 37.7719 -122.4253 807.0 16.0
3.0 37.7868 -122.4509 818.0 17.0
3.0 37.7869 -122.4618 822.0 18.0
3.0 37.7975 -122.4324 834.0 19.0
3.0 37.8030 -122.4200 851.0 20.0
3.0 37.8030 -122.4201 902.0 21.0
3.0 37.7867 -122.3980 996.0 22.0
3.0 37.7906 -122.4024 1005.0 23.0
3.0 37.8069 -122.4105 1016.0 24.0
3.0 37.8035 -122.4150 1019.0 25.0
4.0 37.6161 -122.3883 609.0 1.0
4.0 37.7927 -122.4021 630.0 2.0
4.0 37.6161 -122.3883 748.0 3.0
4.0 37.7881 -122.4106 766.0 4.0
4.0 37.7846 -122.4083 777.0 5.0
lati longi low_tw
37.7913 -122.4006 793.0
37.7864 -122.3917 711.0
37.7245 -122.4065 781.0
37.7932 -122.4296 778.0
37.7712 -122.4061 568.0
37.7655 -122.4421 831.0
37.773 -122.3948 490.0
37.7887 -122.4186 749.0
37.7997 -122.4093 925.0
37.7027 -122.4558 860.0
37.6584 -122.4763 884.0
37.7927 -122.3928 734.0
37.7995 -122.399 831.0
37.7023 -122.3992 526.0
37.7751 -122.4111 759.0
37.7785 -122.3992 862.0
37.7829 -122.4674 547.0
37.7584 -122.3954 554.0
37.7852 -122.4152 846.0
37.7547 -122.4059 635.0
37.7913 -122.4206 878.0
37.7956 -122.414 885.0
37.7698 -122.4007 739.0
37.7846 -122.3933 626.0
37.7956 -122.4068 859.0
37.7634 -122.4133 727.0
37.7915 -122.4256 738.0
37.7714 -122.3998 902.0
37.7927 -122.3985 870.0
37.7702 -122.4191 915.0
37.6812 -122.4136 817.0
37.7143 -122.4833 893.0
37.7655 -122.4786 632.0
37.7722 -122.3909 573.0
37.7907 -122.4269 534.0
37.7848 -122.4469 539.0
37.7674 -122.4118 813.0
37.7692 -122.4265 706.0
37.7374 -122.4911 650.0
37.7569 -122.4042 605.0
37.6555 -122.4721 776.0
37.7579 -122.4078 590.0
37.7661 -122.4215 696.0
37.7923 -122.4162 577.0
37.7525 -122.3924 541.0
37.7595 -122.4226 525.0
37.7464 -122.4213 828.0
37.6702 -122.4594 603.0
37.7876 -122.3944 610.0
37.7811 -122.4001 675.0
37.7594 -122.4249 535.0
37.7897 -122.4021 498.0
37.7537 -122.4065 560.0
37.6833 -122.4469 761.0
37.7663 -122.4258 739.0
37.6756 -122.4189 649.0
37.7723 -122.3906 940.0
37.716 -122.4423 678.0
37.7563 -122.4033 794.0
37.707 -122.4294 500.0
37.7672 -122.4132 793.0
37.767 -122.3969 711.0
37.6846 -122.4972 781.0
37.672 -122.4214 778.0
37.6794 -122.4478 568.0
37.7941 -122.4252 831.0
37.7676 -122.4161 490.0
37.7417 -122.4781 749.0
37.6904 -122.4508 925.0
37.7234 -122.4687 860.0
37.7731 -122.406 884.0
37.7581 -122.4076 734.0
37.7834 -122.4299 831.0
37.7599 -122.4061 526.0
37.7603 -122.3994 759.0
37.7723 -122.4215 862.0
37.7574 -122.4084 547.0
37.7796 -122.3907 554.0
37.7741 -122.3932 846.0
37.6784 -122.3979 635.0
37.7811 -122.4261 878.0
37.699 -122.3952 885.0
37.7975 -122.418 739.0
37.6708 -122.4532 626.0
37.764 -122.4809 859.0
37.691 -122.4713 727.0
37.757 -122.4002 738.0
37.7832 -122.402 902.0
37.7779 -122.393 870.0
37.7623 -122.3917 915.0
37.777 -122.4111 817.0
37.7225 -122.4904 893.0
37.7762 -122.4138 632.0
37.6722 -122.4297 573.0
37.7579 -122.4271 534.0
37.7915 -122.4129 539.0
37.783 -122.4157 813.0
37.7364 -122.472 706.0
37.7618 -122.4195 650.0
37.7981 -122.3914 605.0
37.7777 -122.417 776.0
37.7809 -122.4014 590.0
37.7607 -122.409 696.0
37.7542 -122.4054 577.0
37.7981 -122.4286 541.0
37.7965 -122.4544 525.0
37.7629 -122.4289 828.0
37.7594 -122.3997 603.0
37.7928 -122.39 610.0
37.799 -122.4155 675.0
37.7541 -122.3913 535.0
37.759 -122.4068 498.0
37.7919 -122.4254 560.0
37.7749 -122.4177 761.0
37.7045 -122.4395 739.0
37.6931 -122.3938 649.0
37.7084 -122.4376 940.0
37.7779 -122.3977 678.0
37.7806 -122.3945 794.0
37.7763 -122.3946 500.0
