cabid lati longi timestamp sequence
1.0 37.7860 -122.4090 607.0 1.0
1.0 37.6156 -122.3885 682.0 2.0
1.0 37.5880 -122.3573 728.0 3.0
1.0 37.5538 -122.3006 734.0 4.0
1.0 37.6298 -122.4024 764.0 5.0
1.0 37.6510 -122.3837 770.0 6.0
1.0 37.6465 -122.4063 801.0 7.0
1.0 37.7851 -122.4049 817.0 8.0
1.0 37.7892 -122.4032 827.0 9.0
1.0 37.7877 -122.4437 835.0 10.0
1.0 37.7797 -122.4185 848.0 11.0
1.0 37.7846 -122.4039 854.0 12.0
1.0 37.7685 -122.4164 888.0 13.0
1.0 37.7453 -122.4176 896.0 14.0
1.0 37.7624 -122.4194 903.0 15.0
1.0 37.7538 -122.3988 914.0 16.0
1.0 37.7727 -122.4028 919.0 17.0
1.0 37.7788 -122.4149 923.0 18.0
1.0 37.7953 -122.4033 951.0 19.0
1.0 37.7783 -122.4403 960.0 20.0
1.0 37.7795 -122.4387 962.0 21.0
1.0 37.7839 -122.4438 965.0 22.0
1.0 37.7874 -122.4527 970.0 23.0
1.0 37.7460 -122.4158 992.0 24.0
2.0 37.7828 -122.4122 543.0 1.0
2.0 37.7760 -122.4027 546.0 2.0
2.0 37.7645 -122.4186 557.0 3.0
2.0 37.7584 -122.4188 560.0 4.0
2.0 37.7574 -122.4190 562.0 5.0
2.0 37.7642 -122.4653 576.0 6.0
2.0 37.7663 -122.4540 580.0 7.0
2.0 37.7699 -122.4537 582.0 8.0
2.0 37.7727 -122.4410 584.0 9.0
2.0 37.7551 -122.4041 829.0 10.0
2.0 37.7966 -122.4243 847.0 11.0
2.0 37.7847 -122.4089 885.0 12.0
2.0 37.7880 -122.4187 891.0 13.0
2.0 37.7909 -122.4176 894.0 14.0
2.0 37.7641 -122.4570 910.0 15.0
2.0 37.7638 -122.4572 911.0 16.0
2.0 37.7824 -122.4022 927.0 17.0
2.0 37.7847 -122.4090 933.0 18.0
2.0 37.7804 -122.3899 941.0 19.0
2.0 37.8008 -122.4014 957.0 20.0
2.0 37.7917 -122.4097 963.0 21.0
2.0 37.7922 -122.3947 983.0 22.0
2.0 37.7799 -122.4321 1003.0 23.0
2.0 37.7781 -122.4351 1014.0 24.0
3.0 37.6159 -122.3888 644.0 1.0
3.0 37.7898 -122.4034 665.0 2.0
3.0 37.7925 -122.3981 714.0 3.0
3.0 37.7904 -122.4274 720.0 4.0
3.0 37.7855 -122.4003 772.0 5.0
3.0 37.7850 -122.4093 777.0 6.0
3.0 37.7926 -122.4036 801.0 7.0
3.0 37.7891 -122.4081 805.0 8.0
3.0 37.7931 -122.3973 820.0 9.0
3.0 37.7883 -122.4466 833.0 10.0
3.0 37.7919 -122.4096 843.0 11.0
3.0 37.6164 -122.3884 870.0 12.0
3.0 37.7917 -122.4074 980.0 13.0
3.0 37.8077 -122.4190 989.0 14.0
3.0 37.8077 -122.4190 990.0 15.0
3.0 37.7919 -122.4125 998.0 16.0
3.0 37.7918 -122.4073 1003.0 17.0
3.0 37.7968 -122.3994 1010.0 18.0
4.0 37.8000 -122.4075 984.0 1.0
4.0 37.7996 -122.4361 993.0 2.0
4.0 37.7813 -122.4609 1003.0 3.0
4.0 37.7875 -122.4624 1009.0 4.0
lati longi low_tw
37.6969 -122.4146 681.0
37.6592 -122.4309 708.0
37.6613 -122.4274 650.0
37.6695 -122.3921 503.0
37.6865 -122.452 881.0
37.743 -122.4036 685.0
37.7983 -122.4518 740.0
37.7823 -122.4233 574.0
37.7946 -122.4912 672.0
37.7603 -122.4786 706.0
37.6503 -122.4489 904.0
37.7697 -122.4076 516.0
37.6691 -122.3979 902.0
37.7056 -122.4446 693.0
37.7423 -122.3945 608.0
37.6509 -122.4972 501.0
37.6819 -122.4434 612.0
37.797 -122.404 528.0
37.7354 -122.4425 870.0
37.7683 -122.4747 719.0
37.6847 -122.4159 509.0
37.7934 -122.4325 597.0
37.7445 -122.4874 854.0
37.6572 -122.4565 640.0
37.6838 -122.4013 941.0
37.6891 -122.4432 798.0
37.7581 -122.4571 568.0
37.6986 -122.4181 621.0
37.6974 -122.4498 545.0
37.6804 -122.4926 786.0
37.7956 -122.4818 681.0
37.6524 -122.4689 708.0
37.7658 -122.4158 650.0
37.7131 -122.4682 503.0
37.7187 -122.4805 881.0
37.7337 -122.3935 685.0
37.6597 -122.4114 740.0
37.7443 -122.4879 574.0
37.7715 -122.4471 672.0
37.6924 -122.4336 706.0
37.6788 -122.4083 904.0
37.795 -122.4237 516.0
37.7631 -122.4331 902.0
37.7566 -122.4472 693.0
37.7609 -122.4618 608.0
37.7004 -122.4703 501.0
37.7991 -122.4891 612.0
37.7502 -122.4492 528.0
37.7694 -122.4771 870.0
37.7613 -122.4283 719.0
37.6506 -122.4575 509.0
37.6998 -122.3974 597.0
37.7354 -122.4356 854.0
37.6666 -122.4413 640.0
37.7569 -122.4061 941.0
37.7625 -122.4503 798.0
37.7578 -122.4858 568.0
37.7634 -122.4601 621.0
37.687 -122.4075 545.0
37.6544 -122.4461 786.0
