cabid lati longi timestamp sequence
2.0 37.7922 -122.3947 983.0 22.0
2.0 37.7799 -122.4321 1003.0 23.0
2.0 37.7781 -122.4351 1014.0 24.0
3.0 37.6159 -122.3888 644.0 1.0
3.0 37.7898 -122.4034 665.0 2.0
3.0 37.7925 -122.3981 714.0 3.0
3.0 37.7904 -122.4274 720.0 4.0
3.0 37.7855 -122.4003 772.0 5.0
3.0 37.7850 -122.4093 777.0 6.0
3.0 37.7926 -122.4036 801.0 7.0
3.0 37.7891 -122.4081 805.0 8.0
3.0 37.7931 -122.3973 820.0 9.0
3.0 37.7883 -122.4466 833.0 10.0
3.0 37.7919 -122.4096 843.0 11.0
3.0 37.6164 -122.3884 870.0 12.0
3.0 37.7917 -122.4074 980.0 13.0
3.0 37.8077 -122.4190 989.0 14.0
3.0 37.8077 -122.4190 990.0 15.0
3.0 37.7919 -122.4125 998.0 16.0
3.0 37.7918 -122.4073 1003.0 17.0
3.0 37.7968 -122.3994 1010.0 18.0
4.0 37.7695 -122.4442 628.0 1.0
4.0 37.7541 -122.4394 636.0 2.0
4.0 37.7742 -122.4408 651.0 3.0
4.0 37.7637 -122.4572 657.0 4.0
4.0 37.7638 -122.4580 663.0 5.0
4.0 37.6179 -122.3868 714.0 6.0
4.0 37.6162 -122.3882 801.0 7.0
4.0 37.7514 -122.3943 819.0 8.0
4.0 37.7546 -122.4050 830.0 9.0
4.0 37.7523 -122.4181 839.0 10.0
4.0 37.7573 -122.4188 842.0 11.0
4.0 37.7959 -122.4293 858.0 12.0
4.0 37.7913 -122.3989 869.0 13.0
4.0 37.7689 -122.4277 879.0 14.0
4.0 37.7804 -122.4128 888.0 15.0
4.0 37.7732 -122.4031 894.0 16.0
4.0 37.7828 -122.3952 905.0 17.0
4.0 37.6157 -122.3915 924.0 18.0
4.0 37.7882 -122.4047 977.0 19.0
4.0 37.8000 -122.4075 984.0 20.0
4.0 37.7996 -122.4361 993.0 21.0
4.0 37.7813 -122.4609 1003.0 22.0
4.0 37.7875 -122.4624 1009.0 23.0
5.0 37.7947 -122.4255 1014.0 1.0
1.0 37.7734 -122.4348 543.0 1.0
1.0 37.7868 -122.4506 555.0 2.0
1.0 37.7892 -122.4399 559.0 3.0
1.0 37.7980 -122.4009 572.0 4.0
1.0 37.7931 -122.4027 574.0 5.0
1.0 37.7981 -122.4271 581.0 6.0
1.0 37.7904 -122.4225 591.0 7.0
1.0 37.7886 -122.4102 596.0 8.0
1.0 37.7877 -122.4075 614.0 9.0
1.0 37.8064 -122.4191 621.0 10.0
1.0 37.8054 -122.4176 622.0 11.0
2.0 37.7521 -122.4191 544.0 1.0
2.0 37.7476 -122.4202 568.0 2.0
2.0 37.7781 -122.4183 578.0 3.0
2.0 37.7397 -122.4620 607.0 4.0
2.0 37.6162 -122.3901 627.0 5.0
2.0 37.7554 -122.4356 685.0 6.0
2.0 37.6164 -122.3909 705.0 7.0
2.0 37.7270 -122.4005 720.0 8.0
2.0 37.7854 -122.4060 734.0 9.0
2.0 37.7513 -122.4317 749.0 10.0
2.0 37.7586 -122.4194 753.0 11.0
2.0 37.7394 -122.4439 773.0 12.0
2.0 37.7845 -122.4401 791.0 13.0
3.0 37.6285 -122.4022 603.0 1.0
3.0 37.7924 -122.3991 622.0 2.0
3.0 37.7902 -122.4007 624.0 3.0
3.0 37.7719 -122.4308 639.0 4.0
3.0 37.6396 -122.4053 692.0 5.0
3.0 37.7896 -122.3947 709.0 6.0
3.0 37.7860 -122.4016 712.0 7.0
3.0 37.7785 -122.4150 723.0 8.0
3.0 37.7876 -122.4069 872.0 9.0
3.0 37.7850 -122.4271 881.0 10.0
3.0 37.7853 -122.4050 890.0 11.0
3.0 37.7866 -122.4024 893.0 12.0
3.0 37.7965 -122.4005 899.0 13.0
3.0 37.7891 -122.4072 904.0 14.0
3.0 37.7852 -122.4366 911.0 15.0
3.0 37.7875 -122.4294 918.0 16.0
3.0 37.6179 -122.3865 944.0 17.0
3.0 37.6169 -122.3878 1013.0 18.0
4.0 37.7881 -122.4167 557.0 1.0
4.0 37.7950 -122.4301 631.0 2.0
4.0 37.7621 -122.4619 645.0 3.0
lati longi low_tw
37.7313 -122.4327 591.0
37.7447 -122.4642 723.0
37.6986 -122.4106 771.0
37.6534 -122.4329 612.0
37.7804 -122.4414 679.0
37.6514 -122.4187 646.0
37.6732 -122.3939 934.0
37.7358 -122.3954 644.0
37.6768 -122.47 710.0
37.755 -122.4998 934.0
37.7787 -122.4258 870.0
37.7368 -122.3997 867.0
37.6821 -122.4642 539.0
37.778 -122.3973 514.0
37.7567 -122.4307 947.0
37.662 -122.4209 606.0
37.7383 -122.397 792.0
37.747 -122.4018 495.0
37.6702 -122.407 919.0
37.725 -122.4003 751.0
37.7048 -122.4294 680.0
37.7986 -122.4215 721.0
37.7257 -122.4202 904.0
37.7504 -122.4709 492.0
37.7201 -122.4846 898.0
37.7134 -122.4169 498.0
37.673 -122.4349 827.0
37.7767 -122.4701 863.0
37.7794 -122.4106 523.0
37.6569 -122.4366 505.0
37.7099 -122.4569 875.0
37.7658 -122.4598 789.0
37.7335 -122.4221 618.0
37.6581 -122.4558 922.0
37.7565 -122.4307 809.0
37.7805 -122.4229 485.0
37.7027 -122.4704 576.0
37.7178 -122.3993 618.0
37.6817 -122.4006 503.0
37.7605 -122.43 756.0
37.7868 -122.4857 591.0
37.7047 -122.4642 723.0
37.6643 -122.4692 771.0
37.7462 -122.4363 612.0
37.7491 -122.4404 679.0
37.786 -122.4516 646.0
37.6762 -122.4263 934.0
37.7457 -122.4173 644.0
37.6909 -122.4781 710.0
37.7762 -122.4477 934.0
37.7924 -122.4857 870.0
37.7496 -122.4957 867.0
37.7643 -122.4427 539.0
37.7593 -122.4051 514.0
37.7153 -122.395 947.0
37.7725 -122.453 606.0
37.6723 -122.423 792.0
37.6791 -122.4633 495.0
37.6948 -122.4457 919.0
37.6671 -122.4856 751.0
37.6613 -122.4268 680.0
37.6587 -122.4262 721.0
37.7469 -122.4735 904.0
37.7554 -122.3913 492.0
37.7784 -122.4392 898.0
37.7597 -122.4452 498.0
37.7318 -122.4022 827.0
37.6942 -122.4699 863.0
37.7819 -122.4205 523.0
37.6716 -122.4556 505.0
37.7543 -122.4432 875.0
37.7588 -122.392 789.0
37.7405 -122.4519 618.0
37.6755 -122.4083 922.0
37.7064 -122.4741 809.0
37.6705 -122.4825 485.0
37.7623 -122.4945 576.0
37.6703 -122.403 618.0
37.7751 -122.4179 503.0
37.7678 -122.4774 756.0
