cabid lati longi timestamp sequence
2.0 37.8057 -122.4223 1010.0 39.0
2.0 37.8005 -122.4104 1014.0 40.0
2.0 37.7979 -122.4220 1017.0 41.0
3.0 37.7905 -122.4065 548.0 1.0
3.0 37.7901 -122.3955 553.0 2.0
3.0 37.7888 -122.4116 610.0 3.0
3.0 37.7868 -122.4277 615.0 4.0
3.0 37.7871 -122.4177 618.0 5.0
3.0 37.7881 -122.4089 622.0 6.0
3.0 37.8084 -122.4141 636.0 7.0
3.0 37.8082 -122.4142 637.0 8.0
3.0 37.7843 -122.4043 649.0 9.0
3.0 37.7891 -122.4167 666.0 10.0
3.0 37.7733 -122.4375 680.0 11.0
3.0 37.7731 -122.4380 683.0 12.0
3.0 37.7871 -122.4009 693.0 13.0
3.0 37.7817 -122.4038 696.0 14.0
3.0 37.7875 -122.4080 702.0 15.0
3.0 37.7862 -122.4059 711.0 16.0
3.0 37.7845 -122.4195 718.0 17.0
3.0 37.7875 -122.4141 721.0 18.0
3.0 37.7800 -122.4134 726.0 19.0
3.0 37.7883 -122.4084 732.0 20.0
3.0 37.7920 -122.4096 737.0 21.0
3.0 37.7870 -122.4184 745.0 22.0
3.0 37.7807 -122.4084 751.0 23.0
3.0 37.7778 -122.4097 756.0 24.0
3.0 37.7847 -122.4066 762.0 25.0
3.0 37.7891 -122.4090 796.0 26.0
3.0 37.7739 -122.4611 818.0 27.0
3.0 37.7767 -122.3954 882.0 28.0
3.0 37.7627 -122.4327 893.0 29.0
3.0 37.7709 -122.4204 906.0 30.0
3.0 37.7855 -122.4225 915.0 31.0
3.0 37.7852 -122.4326 917.0 32.0
3.0 37.7677 -122.4534 925.0 33.0
3.0 37.7635 -122.4583 928.0 34.0
3.0 37.7892 -122.4340 959.0 35.0
3.0 37.7924 -122.4033 968.0 36.0
3.0 37.7931 -122.3996 971.0 37.0
3.0 37.7812 -122.4333 986.0 38.0
3.0 37.7922 -122.4436 996.0 39.0
3.0 37.7874 -122.4008 1011.0 40.0
3.0 37.7903 -122.3970 1013.0 41.0
4.0 37.7417 -122.4243 717.0 1.0
4.0 37.7369 -122.4283 727.0 2.0
4.0 37.7880 -122.4491 748.0 3.0
4.0 37.7897 -122.4596 755.0 4.0
4.0 37.7872 -122.4127 769.0 5.0
4.0 37.7871 -122.4078 777.0 6.0
4.0 37.7747 -122.3994 784.0 7.0
4.0 37.7769 -122.4016 799.0 8.0
4.0 37.7808 -122.4290 807.0 9.0
4.0 37.7910 -122.4325 819.0 10.0
4.0 37.7839 -122.4234 826.0 11.0
4.0 37.7858 -122.4333 833.0 12.0
4.0 37.7518 -122.4275 844.0 13.0
4.0 37.7772 -122.4206 866.0 14.0
4.0 37.7894 -122.4020 876.0 15.0
4.0 37.7909 -122.4040 879.0 16.0
4.0 37.7993 -122.4190 884.0 17.0
4.0 37.8056 -122.4204 887.0 18.0
4.0 37.8065 -122.4205 888.0 19.0
4.0 37.8057 -122.4054 909.0 20.0
4.0 37.3336 -122.0745 991.0 21.0
1.0 37.7831 -122.4677 542.0 1.0
1.0 37.7810 -122.4650 543.0 2.0
1.0 37.7811 -122.4601 544.0 3.0
1.0 37.7954 -122.4081 559.0 4.0
1.0 37.7767 -122.3954 601.0 5.0
1.0 37.7786 -122.3932 602.0 6.0
1.0 37.7786 -122.3932 603.0 7.0
1.0 37.7855 -122.4078 610.0 8.0
1.0 37.7839 -122.4176 618.0 9.0
1.0 37.7840 -122.4191 619.0 10.0
1.0 37.7733 -122.4185 624.0 11.0
1.0 37.7724 -122.4190 625.0 12.0
1.0 37.7724 -122.4190 626.0 13.0
1.0 37.7928 -122.3933 636.0 14.0
1.0 37.7833 -122.3935 640.0 15.0
1.0 37.7870 -122.3886 641.0 16.0
1.0 37.7948 -122.3934 645.0 17.0
1.0 37.7846 -122.4089 655.0 18.0
1.0 37.7846 -122.4091 660.0 19.0
1.0 37.7848 -122.4094 661.0 20.0
1.0 37.7855 -122.4214 667.0 21.0
1.0 37.8067 -122.4106 695.0 22.0
1.0 37.8038 -122.4098 696.0 23.0
1.0 37.7999 -122.4090 697.0 24.0
1.0 37.8084 -122.4101 718.0 25.0
1.0 37.8080 -122.4125 719.0 26.0
1.0 37.7889 -122.4084 730.0 27.0
1.0 37.7767 -122.3955 744.0 28.0
1.0 37.7764 -122.3986 745.0 29.0
1.0 37.7877 -122.4117 751.0 30.0
1.0 37.7945 -122.4069 767.0 31.0
1.0 37.7933 -122.4067 768.0 32.0
1.0 37.7540 -122.4498 789.0 33.0
1.0 37.7299 -122.4449 800.0 34.0
1.0 37.7304 -122.4443 801.0 35.0
1.0 37.7423 -122.4225 805.0 36.0
1.0 37.7402 -122.4220 816.0 37.0
1.0 37.7420 -122.4222 817.0 38.0
1.0 37.7388 -122.4368 822.0 39.0
1.0 37.7419 -122.4702 830.0 40.0
1.0 37.7302 -122.4763 837.0 41.0
1.0 37.7300 -122.4774 839.0 42.0
1.0 37.7841 -122.4801 852.0 43.0
1.0 37.7805 -122.4735 858.0 44.0
1.0 37.7613 -122.4297 873.0 45.0
1.0 37.7617 -122.4238 876.0 46.0
1.0 37.7677 -122.4244 877.0 47.0
1.0 37.7946 -122.4008 893.0 48.0
1.0 37.7869 -122.4117 901.0 49.0
1.0 37.7864 -122.4161 902.0 50.0
1.0 37.7740 -122.5102 919.0 51.0
2.0 37.7650 -122.4209 567.0 1.0
2.0 37.7822 -122.4392 577.0 2.0
2.0 37.7615 -122.4122 597.0 3.0
2.0 37.7577 -122.3930 606.0 4.0
2.0 37.7316 -122.4505 720.0 5.0
2.0 37.7393 -122.4674 727.0 6.0
2.0 37.7369 -122.4752 807.0 7.0
2.0 37.7396 -122.4670 812.0 8.0
2.0 37.7316 -122.4505 818.0 9.0
2.0 37.7751 -122.4015 833.0 10.0
2.0 37.7876 -122.4061 847.0 11.0
2.0 37.7642 -122.4212 929.0 12.0
2.0 37.7657 -122.4092 936.0 13.0
2.0 37.7651 -122.4189 946.0 14.0
lati longi low_tw
37.6838 -122.4109 957.0
37.7455 -122.4083 890.0
37.7892 -122.4369 507.0
37.7285 -122.4963 560.0
37.7514 -122.4254 652.0
37.6753 -122.4285 883.0
37.6628 -122.4981 905.0
37.6888 -122.4945 583.0
37.6648 -122.4672 948.0
37.6563 -122.4388 905.0
37.7887 -122.4176 708.0
37.6639 -122.4836 738.0
37.7176 -122.4723 943.0
37.7413 -122.3938 723.0
37.6782 -122.416 657.0
37.7328 -122.4518 805.0
37.7444 -122.4592 582.0
37.7748 -122.4068 680.0
37.7423 -122.48 875.0
37.7648 -122.4594 839.0
37.6857 -122.4501 844.0
37.797 -122.4453 883.0
37.7338 -122.4185 563.0
37.7276 -122.4391 854.0
37.6521 -122.435 701.0
37.7865 -122.3982 606.0
37.7536 -122.4205 858.0
37.7055 -122.3923 684.0
37.7321 -122.4145 893.0
37.7226 -122.4661 608.0
37.6746 -122.4201 711.0
37.7078 -122.3942 955.0
37.7404 -122.4772 565.0
37.7972 -122.4846 653.0
37.7622 -122.4115 856.0
37.7161 -122.4071 792.0
37.7412 -122.4277 518.0
37.6607 -122.486 684.0
37.6882 -122.4102 525.0
37.7732 -122.4073 724.0
37.6997 -122.4491 845.0
37.7493 -122.4642 545.0
37.7372 -122.4858 560.0
37.7447 -122.4344 574.0
37.7615 -122.4723 818.0
37.7543 -122.4785 616.0
37.7081 -122.4186 530.0
37.7333 -122.4625 514.0
37.6573 -122.4396 888.0
37.6546 -122.4715 615.0
37.7699 -122.4076 662.0
37.786 -122.408 545.0
37.7515 -122.455 640.0
37.7013 -122.4855 761.0
37.7885 -122.3938 865.0
37.6801 -122.4035 758.0
37.7624 -122.4078 785.0
37.664 -122.4569 827.0
37.6541 -122.4911 908.0
37.6858 -122.4017 593.0
37.7943 -122.4645 957.0
37.7004 -122.4715 890.0
37.7212 -122.4752 507.0
37.7537 -122.4659 560.0
37.6951 -122.4503 652.0
37.6943 -122.4431 883.0
37.7469 -122.4249 905.0
37.7888 -122.4046 583.0
37.6947 -122.3975 948.0
37.7721 -122.4968 905.0
37.7698 -122.4954 708.0
37.7116 -122.454 738.0
37.7319 -122.4025 943.0
37.7951 -122.4212 723.0
37.7712 -122.4132 657.0
37.7648 -122.4162 805.0
37.7315 -122.4189 582.0
37.7385 -122.4554 680.0
37.705 -122.4047 875.0
37.7888 -122.4949 839.0
37.7922 -122.4749 844.0
37.7126 -122.4253 883.0
37.7342 -122.4462 563.0
37.7066 -122.4678 854.0
37.7022 -122.4731 701.0
37.7607 -122.4351 606.0
37.684 -122.4268 858.0
37.7888 -122.4605 684.0
37.6835 -122.4354 893.0
37.7934 -122.4501 608.0
37.6821 -122.4979 711.0
37.7799 -122.4124 955.0
37.7107 -122.4676 565.0
37.6769 -122.4579 653.0
37.768 -122.4659 856.0
37.699 -122.4136 792.0
37.7063 -122.41 518.0
37.7061 -122.4607 684.0
37.756 -122.4563 525.0
37.7175 -122.4492 724.0
37.6598 -122.3934 845.0
37.7197 -122.4732 545.0
37.6612 -122.4396 560.0
37.7359 -122.4771 574.0
37.744 -122.4731 818.0
37.7994 -122.4877 616.0
37.7672 -122.4511 530.0
37.7213 -122.4926 514.0
37.6873 -122.4205 888.0
37.6621 -122.4318 615.0
37.6655 -122.462 662.0
37.7194 -122.4815 545.0
37.7047 -122.3913 640.0
37.7573 -122.4853 761.0
37.7334 -122.4162 865.0
37.7715 -122.421 758.0
37.6683 -122.499 785.0
37.6884 -122.4169 827.0
37.695 -122.4791 908.0
37.7373 -122.483 593.0
