sarp-10-10-A-1 8 0 1 2 3 4 5 6 7                 
sarp-10-10-A-2 9 0 1 2 3 4 5 6 7 8                
sarp-10-10-B-1 7 0 1 2 3 4 7 8                  
sarp-10-10-B-2 8 0 1 3 4 5 6 7 8                 
sarp-10-10-C-1 6 1 3 4 5 6 7                   
sarp-10-10-C-2 7 0 2 3 4 6 7 8                  
sarp-10-15-A-1 7 0 1 2 4 6 7 8                  
sarp-10-15-A-2 9 0 1 2 3 4 5 6 7 8                
sarp-10-15-B-1 8 0 1 3 4 5 6 7 8                 
sarp-10-15-B-2 7 0 1 2 4 5 6 8                  
sarp-10-15-C-1 5 0 1 3 6 7                    
sarp-10-15-C-2 6 1 3 4 6 7 8                   
sarp-10-20-A-1 9 0 1 2 3 4 5 6 7 8                
sarp-10-20-A-2 8 0 1 2 3 4 5 6 8                 
sarp-10-20-B-1 7 1 2 3 4 6 7 8                  
sarp-10-20-B-2 6 1 2 3 4 5 7                   
sarp-10-20-C-1 7 0 2 4 5 6 7 8                  
sarp-10-20-C-2 7 0 1 2 5 6 7 8                  
sarp-10-30-A-1 6 0 1 2 4 6 7                   
sarp-10-30-A-2 9 0 1 2 3 4 5 6 7 8                
sarp-10-30-B-1 7 0 1 2 3 4 6 7                  
sarp-10-30-B-2 6 0 1 3 4 6 8                   
sarp-10-30-C-1 7 0 1 3 4 6 7 8                  
sarp-10-30-C-2 7 0 1 2 3 4 5 8                  
sarp-15-10-A-1 11 0 2 3 4 5 7 8 10 11 12 13              
sarp-15-10-A-2 11 0 1 2 4 7 8 9 10 11 12 13              
sarp-15-10-B-1 10 0 1 2 3 4 5 6 7 8 9               
sarp-15-10-B-2 11 0 1 2 4 5 6 8 9 11 12 13              
sarp-15-10-C-1 12 0 1 2 3 4 5 6 7 9 10 11 12             
sarp-15-10-C-2 10 0 1 3 4 6 7 8 10 11 12               
sarp-15-15-A-1 12 0 1 2 3 4 5 6 7 8 9 11 12             
sarp-15-15-A-2 11 0 1 2 4 5 6 7 8 9 11 12              
sarp-15-15-B-1 10 1 2 3 4 5 6 7 10 11 13               
sarp-15-15-B-2 11 0 3 4 5 6 7 8 10 11 12 13              
sarp-15-15-C-1 11 0 1 2 3 4 5 6 7 10 12 13              
sarp-15-15-C-2 9 0 4 5 7 8 10 11 12 13                
sarp-15-20-A-1 9 0 1 2 3 4 9 10 11 12                
sarp-15-20-A-2 12 0 1 2 3 5 6 7 8 9 11 12 13             
sarp-15-20-B-1 13 0 1 2 3 4 5 6 7 8 9 10 12 13            
sarp-15-20-B-2 10 2 3 4 6 8 9 10 11 12 13               
sarp-15-20-C-1 10 2 3 4 5 7 8 10 11 12 13               
sarp-15-20-C-2 11 0 1 2 4 5 6 7 9 11 12 13              
sarp-15-30-A-1 9 0 2 5 7 8 9 10 11 12                
sarp-15-30-A-2 10 0 3 4 5 6 7 8 9 11 12               
sarp-15-30-B-1 10 0 1 2 3 4 5 6 7 12 13               
sarp-15-30-B-2 10 0 2 3 4 7 8 9 10 11 13               
sarp-15-30-C-1 9 0 2 4 5 6 8 9 12 13                
sarp-15-30-C-2 12 0 1 2 3 4 5 7 9 10 11 12 13             
sarp-20-10-A-1 15 0 2 3 4 5 6 7 10 11 13 14 15 16 17 18          
sarp-20-10-A-2 14 0 1 2 3 4 6 7 8 10 11 12 13 15 16           
sarp-20-10-B-1 14 1 2 3 4 5 6 8 9 11 12 13 14 15 17           
sarp-20-10-B-2 17 0 1 2 3 5 6 7 8 9 10 11 12 13 14 16 17 18        
sarp-20-10-C-1 15 0 1 2 3 4 5 6 7 8 9 11 13 15 16 17          
sarp-20-10-C-2 14 0 1 2 3 4 5 6 7 8 12 13 14 17 18           
sarp-20-15-A-1 11 0 2 3 5 8 9 12 14 15 16 18              
sarp-20-15-A-2 12 0 1 2 4 5 6 7 8 10 12 13 16             
sarp-20-15-B-1 18 0 1 2 3 4 5 6 7 8 9 10 11 12 14 15 16 17 18       
sarp-20-15-B-2 13 0 1 3 4 5 8 10 12 13 14 15 16 18            
sarp-20-15-C-1 16 0 1 2 3 5 6 7 8 9 10 11 12 13 14 15 18         
sarp-20-15-C-2 14 0 1 2 4 5 6 7 8 11 12 13 16 17 18           
sarp-20-20-A-1 14 0 1 2 3 4 5 6 7 8 9 11 13 15 16           
sarp-20-20-A-2 14 1 3 4 5 6 9 10 11 12 13 15 16 17 18           
sarp-20-20-B-1 16 1 3 4 5 6 7 9 10 11 12 13 14 15 16 17 18         
sarp-20-20-B-2 15 2 3 4 5 6 7 8 9 10 11 12 13 15 16 18          
sarp-20-20-C-1 13 1 2 4 6 8 9 10 12 13 14 16 17 18            
sarp-20-20-C-2 16 0 1 2 3 4 5 6 7 8 11 12 13 14 15 16 18         
sarp-20-30-A-1 16 0 1 2 3 4 6 7 8 9 10 11 12 15 16 17 18         
sarp-20-30-A-2 12 0 2 3 4 6 7 8 10 11 12 16 17             
sarp-20-30-B-1 13 0 1 2 4 7 8 9 10 14 15 16 17 18            
sarp-20-30-B-2 14 0 2 3 4 6 8 9 10 11 12 14 15 16 18           
sarp-20-30-C-1 13 1 5 7 8 9 10 11 12 13 14 15 16 17            
sarp-20-30-C-2 13 0 1 2 3 5 6 7 8 12 14 15 17 18            
sarp-30-10-A-1 24 0 1 2 3 4 5 6 7 8 9 10 11 13 16 17 18 19 21 23 24 25 26 27 28 
sarp-30-10-A-2 23 0 1 2 3 4 5 7 8 9 10 11 12 13 14 16 17 19 21 22 24 26 27 28  
sarp-30-10-B-1 20 1 3 4 6 8 9 11 12 13 17 18 19 20 21 22 23 24 26 27 28     
sarp-30-10-B-2 24 0 1 2 3 4 5 6 7 8 10 12 13 14 15 16 17 18 20 21 22 24 25 27 28 
sarp-30-10-C-1 22 0 1 2 3 5 6 8 9 10 11 12 13 14 16 18 19 22 23 24 26 27 28   
sarp-30-10-C-2 23 0 1 3 4 5 6 7 9 12 13 14 15 16 17 18 19 20 21 23 24 26 27 28  
sarp-30-15-A-1 25 0 1 2 3 4 5 7 8 9 10 11 12 13 14 15 16 19 20 21 22 23 24 25 26 27
sarp-30-15-A-2 22 1 3 4 5 6 7 9 10 11 13 14 15 16 17 19 21 22 23 25 26 27 28   
sarp-30-15-B-1 20 0 1 2 5 8 9 10 11 12 15 17 18 19 20 21 23 24 25 26 28     
sarp-30-15-B-2 22 0 1 2 3 4 5 6 7 8 9 10 13 14 16 17 18 19 21 23 25 26 28   
sarp-30-15-C-1 22 0 1 3 4 5 7 9 10 11 12 13 14 15 16 17 19 20 21 23 25 26 28   
sarp-30-15-C-2 21 0 1 2 5 6 7 8 9 10 12 13 14 15 18 19 20 22 23 24 25 27    
sarp-30-20-A-1 22 0 2 3 6 7 8 9 10 11 12 13 14 15 16 19 21 22 23 24 25 26 27   
sarp-30-20-A-2 19 0 1 2 4 5 7 8 9 10 11 12 14 15 16 19 20 21 22 23      
sarp-30-20-B-1 22 0 1 3 4 5 6 8 9 10 11 12 13 14 16 17 18 20 21 23 24 26 27   
sarp-30-20-B-2 22 0 1 3 4 5 6 9 10 12 13 14 15 16 17 18 19 20 21 22 24 27 28   
sarp-30-20-C-2 22  0 2 5 6 7 8 9 10 11 12 13 14 17 18 20 21 23 24 25 26 27 28                                              
sarp-5-15-A-1 3 0 1 2                      
sarp-5-15-A-2 4 0 1 2 3                     
sarp-5-15-B-1 4 0 1 2 3                     
sarp-5-15-B-2 4 0 1 2 3                     
sarp-5-15-C-1 4 0 1 2 3                     
sarp-5-15-C-2 4 0 1 2 3                     
sarp-5-20-A-1 4 0 1 2 3                     
sarp-5-20-A-2 4 0 1 2 3                     
sarp-5-20-B-1 3 0 1 3                      
sarp-5-20-B-2 3 0 1 2                      
sarp-5-20-C-1 4 0 1 2 3                     
sarp-5-20-C-2 3 0 1 2                      
sarp-5-30-A-1 3 1 2 3                      
sarp-5-30-A-2 4 0 1 2 3                     
sarp-5-30-B-1 4 0 1 2 3                     
sarp-5-30-B-2 4 0 1 2 3                     
sarp-5-30-C-1 4 0 1 2 3                     
sarp-5-30-C-2 4 0 1 2 3                     
