37.7894   -122.4065   0.0 0.0
37.7894   -122.4065   3.0 550.0
37.8004   -122.4308   3.0 565.0
37.7885   -122.4058   3.0 606.0
37.7867   -122.4131   3.0 631.0
37.8001   -122.4099   3.0 648.0
37.7962   -122.4277   3.0 666.0
37.7127   -122.4421   1.0 713.0
37.6571   -122.4818   1.0 604.0
37.7312   -122.4114   1.0 617.0
37.7205   -122.4871   1.0 612.0
37.7817   -122.4387   1.0 554.0
37.6563   -122.4201   1.0 588.0
37.7735   -122.4016   -3.0 550.0
37.7884   -122.4071   -3.0 565.0
37.7772   -122.3948   -3.0 606.0
37.7892   -122.4070   -3.0 631.0
37.7716   -122.3987   -3.0 648.0
37.5306   -122.2620   -3.0 666.0
37.6647   -122.4793   -1.0 713.0
37.7246   -122.3965   -1.0 604.0
37.6863   -122.4755   -1.0 617.0
37.7000   -122.4956   -1.0 612.0
37.7493   -122.4102   -1.0 554.0
37.6939   -122.4048   -1.0 588.0
37.7894   -122.4065   0.0 0.0
